T[eV]        κe[W/(keVcm)](SMT)       κe[W/(keVcm)](mod. SMT)
1.00000e-02 3.37796e+05 3.37796e+05
1.17681e-02 3.83159e+05 3.83159e+05
1.38489e-02 4.35019e+05 4.35019e+05
1.62975e-02 4.94379e+05 4.94379e+05
1.91791e-02 5.62408e+05 5.62408e+05
2.25702e-02 6.40476e+05 6.40476e+05
2.65609e-02 7.30188e+05 7.30188e+05
3.12572e-02 8.33430e+05 8.33430e+05
3.67838e-02 9.52423e+05 9.52423e+05
4.32876e-02 1.08979e+06 1.08979e+06
5.09414e-02 1.24863e+06 1.24863e+06
5.99484e-02 1.43264e+06 1.43264e+06
7.05480e-02 1.64618e+06 1.64618e+06
8.30218e-02 1.89450e+06 1.89450e+06
9.77010e-02 2.18385e+06 2.18385e+06
1.14976e-01 2.52173e+06 2.52173e+06
1.35305e-01 2.91721e+06 2.91721e+06
1.59228e-01 3.38120e+06 3.38120e+06
1.87382e-01 3.92695e+06 3.92695e+06
2.20513e-01 4.57058e+06 4.57058e+06
2.59502e-01 5.33175e+06 5.33175e+06
3.05386e-01 6.23450e+06 6.23450e+06
3.59381e-01 7.30839e+06 7.30839e+06
4.22924e-01 8.58977e+06 8.58977e+06
4.97702e-01 1.01235e+07 1.01235e+07
5.85702e-01 1.19651e+07 1.19651e+07
6.89261e-01 1.41832e+07 1.41832e+07
8.11131e-01 1.68629e+07 1.68629e+07
9.54548e-01 2.01092e+07 2.01092e+07
1.12332e+00 2.40516e+07 2.40516e+07
1.32194e+00 2.88489e+07 2.88489e+07
1.55568e+00 3.46944e+07 3.46944e+07
1.83074e+00 4.18209e+07 4.18209e+07
2.15443e+00 5.05052e+07 5.05052e+07
2.53536e+00 6.10728e+07 6.10728e+07
2.98365e+00 7.39043e+07 7.39043e+07
3.51119e+00 8.94487e+07 8.94487e+07
4.13201e+00 1.08256e+08 1.08256e+08
4.86260e+00 1.31052e+08 1.31052e+08
5.72237e+00 1.58875e+08 1.58875e+08
6.73415e+00 1.93295e+08 1.93295e+08
7.92483e+00 2.36711e+08 2.36711e+08
9.32603e+00 2.92587e+08 2.92587e+08
1.09750e+01 3.65409e+08 3.65409e+08
1.29155e+01 4.60031e+08 4.60031e+08
1.51991e+01 5.80694e+08 5.80694e+08
1.78865e+01 7.31341e+08 7.31341e+08
2.10490e+01 9.18147e+08 9.18147e+08
2.47708e+01 1.15181e+09 1.15181e+09
2.91505e+01 1.44793e+09 1.44793e+09
3.43047e+01 1.83127e+09 1.83127e+09
4.03702e+01 2.32047e+09 2.32047e+09
4.75081e+01 2.95373e+09 2.95373e+09
5.59081e+01 3.78975e+09 3.78975e+09
6.57933e+01 4.90215e+09 4.90215e+09
7.74264e+01 6.38948e+09 6.38948e+09
9.11163e+01 8.38919e+09 8.38919e+09
1.07227e+02 1.10949e+10 1.10949e+10
1.26186e+02 1.47798e+10 1.47798e+10
1.48497e+02 1.98293e+10 1.98293e+10
1.74753e+02 2.67885e+10 2.67885e+10
2.05651e+02 3.64297e+10 3.64297e+10
2.42013e+02 4.98499e+10 4.98499e+10
2.84804e+02 6.86110e+10 6.86110e+10
3.35160e+02 9.49417e+10 9.49417e+10
3.94421e+02 1.32029e+11 1.32029e+11
4.64159e+02 1.84441e+11 1.84441e+11
5.46228e+02 2.58732e+11 2.58732e+11
6.42807e+02 3.64332e+11 3.64332e+11
7.56463e+02 5.14820e+11 5.14820e+11
8.90215e+02 7.29788e+11 7.29788e+11
1.04762e+03 1.03754e+12 1.03754e+12
1.23285e+03 1.47902e+12 1.47902e+12
1.45083e+03 2.11353e+12 2.11353e+12
1.70735e+03 3.02708e+12 3.02708e+12
2.00923e+03 4.34453e+12 4.34453e+12
2.36449e+03 6.24735e+12 6.24735e+12
2.78256e+03 8.99953e+12 8.99953e+12
3.27455e+03 1.29855e+13 1.29855e+13
3.85353e+03 1.87656e+13 1.87656e+13
4.53488e+03 2.71570e+13 2.71570e+13
5.33670e+03 3.93530e+13 3.93530e+13
6.28029e+03 5.70968e+13 5.70968e+13
7.39072e+03 8.29370e+13 8.29370e+13
8.69749e+03 1.20603e+14 1.20603e+14
1.02353e+04 1.75553e+14 1.75553e+14
1.20450e+04 2.55787e+14 2.55787e+14
1.41747e+04 3.73026e+14 3.73026e+14
1.66810e+04 5.44465e+14 5.44465e+14
1.96304e+04 7.95338e+14 7.95338e+14
2.31013e+04 1.16269e+15 1.16269e+15
2.71859e+04 1.70095e+15 1.70095e+15
3.19927e+04 2.49010e+15 2.49010e+15
3.76494e+04 3.64774e+15 3.64774e+15
4.43062e+04 5.34688e+15 5.34688e+15
5.21401e+04 7.84212e+15 7.84212e+15
6.13591e+04 1.15083e+16 1.15083e+16
7.22081e+04 1.68975e+16 1.68975e+16
8.49753e+04 2.48231e+16 2.48231e+16
1.00000e+05 3.64841e+16 3.64841e+16
