 r[σ]         g_ii        
 1.00000e-02  0.00000e+00
 2.00000e-02  0.00000e+00
 3.00000e-02  0.00000e+00
 4.00000e-02  0.00000e+00
 5.00000e-02  0.00000e+00
 6.00000e-02  0.00000e+00
 7.00000e-02  0.00000e+00
 8.00000e-02  0.00000e+00
 9.00000e-02  0.00000e+00
 1.00000e-01  0.00000e+00
 1.10000e-01  0.00000e+00
 1.20000e-01  0.00000e+00
 1.30000e-01  0.00000e+00
 1.40000e-01  0.00000e+00
 1.50000e-01  0.00000e+00
 1.60000e-01  0.00000e+00
 1.70000e-01  0.00000e+00
 1.80000e-01  0.00000e+00
 1.90000e-01  0.00000e+00
 2.00000e-01  0.00000e+00
 2.10000e-01  0.00000e+00
 2.20000e-01  0.00000e+00
 2.30000e-01  0.00000e+00
 2.40000e-01  0.00000e+00
 2.50000e-01  0.00000e+00
 2.60000e-01  0.00000e+00
 2.70000e-01  0.00000e+00
 2.80000e-01  0.00000e+00
 2.90000e-01  0.00000e+00
 3.00000e-01  0.00000e+00
 3.10000e-01  0.00000e+00
 3.20000e-01  0.00000e+00
 3.30000e-01  0.00000e+00
 3.40000e-01  0.00000e+00
 3.50000e-01  0.00000e+00
 3.60000e-01  0.00000e+00
 3.70000e-01  0.00000e+00
 3.80000e-01  0.00000e+00
 3.90000e-01  0.00000e+00
 4.00000e-01  0.00000e+00
 4.10000e-01  0.00000e+00
 4.20000e-01  0.00000e+00
 4.30000e-01  0.00000e+00
 4.40000e-01  0.00000e+00
 4.50000e-01  0.00000e+00
 4.60000e-01  0.00000e+00
 4.70000e-01  0.00000e+00
 4.80000e-01  0.00000e+00
 4.90000e-01  0.00000e+00
 5.00000e-01  0.00000e+00
 5.10000e-01  0.00000e+00
 5.20000e-01  0.00000e+00
 5.30000e-01  0.00000e+00
 5.40000e-01  0.00000e+00
 5.50000e-01  0.00000e+00
 5.60000e-01  0.00000e+00
 5.70000e-01  0.00000e+00
 5.80000e-01  0.00000e+00
 5.90000e-01  0.00000e+00
 6.00000e-01  0.00000e+00
 6.10000e-01  0.00000e+00
 6.20000e-01  5.05231e-06
 6.30000e-01  2.23013e-05
 6.40000e-01  3.95501e-05
 6.50000e-01  5.68256e-05
 6.60000e-01  7.41601e-05
 6.70000e-01  9.15930e-05
 6.80000e-01  1.09172e-04
 6.90000e-01  1.26957e-04
 7.00000e-01  1.45019e-04
 7.10000e-01  1.63448e-04
 7.20000e-01  1.82356e-04
 7.30000e-01  2.01887e-04
 7.40000e-01  2.22226e-04
 7.50000e-01  2.43622e-04
 7.60000e-01  2.66511e-04
 7.70000e-01  2.92793e-04
 7.80000e-01  3.36008e-04
 7.90000e-01  4.73180e-04
 8.00000e-01  1.01820e-03
 8.10000e-01  2.90942e-03
 8.20000e-01  8.27798e-03
 8.30000e-01  2.09099e-02
 8.40000e-01  4.61690e-02
 8.50000e-01  9.01354e-02
 8.60000e-01  1.58157e-01
 8.70000e-01  2.53365e-01
 8.80000e-01  3.75720e-01
 8.90000e-01  5.21883e-01
 9.00000e-01  6.85843e-01
 9.10000e-01  8.59992e-01
 9.20000e-01  1.03630e+00
 9.30000e-01  1.20730e+00
 9.40000e-01  1.36680e+00
 9.50000e-01  1.51017e+00
 9.60000e-01  1.63443e+00
 9.70000e-01  1.73809e+00
 9.80000e-01  1.82091e+00
 9.90000e-01  1.88361e+00
 1.00000e+00  1.92754e+00
 1.01000e+00  1.95451e+00
 1.02000e+00  1.96651e+00
 1.03000e+00  1.96560e+00
 1.04000e+00  1.95378e+00
 1.05000e+00  1.93293e+00
 1.06000e+00  1.90479e+00
 1.07000e+00  1.87087e+00
 1.08000e+00  1.83254e+00
 1.09000e+00  1.79094e+00
 1.10000e+00  1.74707e+00
 1.11000e+00  1.70175e+00
 1.12000e+00  1.65567e+00
 1.13000e+00  1.60941e+00
 1.14000e+00  1.56341e+00
 1.15000e+00  1.51807e+00
 1.16000e+00  1.47365e+00
 1.17000e+00  1.43040e+00
 1.18000e+00  1.38849e+00
 1.19000e+00  1.34805e+00
 1.20000e+00  1.30916e+00
 1.21000e+00  1.27189e+00
 1.22000e+00  1.23628e+00
 1.23000e+00  1.20234e+00
 1.24000e+00  1.17007e+00
 1.25000e+00  1.13947e+00
 1.26000e+00  1.11051e+00
 1.27000e+00  1.08317e+00
 1.28000e+00  1.05740e+00
 1.29000e+00  1.03317e+00
 1.30000e+00  1.01043e+00
 1.31000e+00  9.89154e-01
 1.32000e+00  9.69281e-01
 1.33000e+00  9.50769e-01
 1.34000e+00  9.33572e-01
 1.35000e+00  9.17644e-01
 1.36000e+00  9.02939e-01
 1.37000e+00  8.89413e-01
 1.38000e+00  8.77022e-01
 1.39000e+00  8.65724e-01
 1.40000e+00  8.55478e-01
 1.41000e+00  8.46243e-01
 1.42000e+00  8.37981e-01
 1.43000e+00  8.30654e-01
 1.44000e+00  8.24227e-01
 1.45000e+00  8.18664e-01
 1.46000e+00  8.13933e-01
 1.47000e+00  8.10001e-01
 1.48000e+00  8.06837e-01
 1.49000e+00  8.04412e-01
 1.50000e+00  8.02697e-01
 1.51000e+00  8.01666e-01
 1.52000e+00  8.01292e-01
 1.53000e+00  8.01549e-01
 1.54000e+00  8.02415e-01
 1.55000e+00  8.03865e-01
 1.56000e+00  8.05879e-01
 1.57000e+00  8.08434e-01
 1.58000e+00  8.11511e-01
 1.59000e+00  8.15090e-01
 1.60000e+00  8.19152e-01
 1.61000e+00  8.23681e-01
 1.62000e+00  8.28659e-01
 1.63000e+00  8.34070e-01
 1.64000e+00  8.39898e-01
 1.65000e+00  8.46128e-01
 1.66000e+00  8.52747e-01
 1.67000e+00  8.59740e-01
 1.68000e+00  8.67095e-01
 1.69000e+00  8.74797e-01
 1.70000e+00  8.82835e-01
 1.71000e+00  8.91192e-01
 1.72000e+00  8.99855e-01
 1.73000e+00  9.08806e-01
 1.74000e+00  9.18025e-01
 1.75000e+00  9.27490e-01
 1.76000e+00  9.37170e-01
 1.77000e+00  9.47035e-01
 1.78000e+00  9.57045e-01
 1.79000e+00  9.67156e-01
 1.80000e+00  9.77317e-01
 1.81000e+00  9.87473e-01
 1.82000e+00  9.97564e-01
 1.83000e+00  1.00753e+00
 1.84000e+00  1.01729e+00
 1.85000e+00  1.02680e+00
 1.86000e+00  1.03597e+00
 1.87000e+00  1.04476e+00
 1.88000e+00  1.05309e+00
 1.89000e+00  1.06091e+00
 1.90000e+00  1.06817e+00
 1.91000e+00  1.07484e+00
 1.92000e+00  1.08086e+00
 1.93000e+00  1.08622e+00
 1.94000e+00  1.09090e+00
 1.95000e+00  1.09488e+00
 1.96000e+00  1.09815e+00
 1.97000e+00  1.10073e+00
 1.98000e+00  1.10262e+00
 1.99000e+00  1.10383e+00
 2.00000e+00  1.10439e+00
 2.01000e+00  1.10432e+00
 2.02000e+00  1.10365e+00
 2.03000e+00  1.10241e+00
 2.04000e+00  1.10065e+00
 2.05000e+00  1.09839e+00
 2.06000e+00  1.09568e+00
 2.07000e+00  1.09256e+00
 2.08000e+00  1.08906e+00
 2.09000e+00  1.08523e+00
 2.10000e+00  1.08112e+00
 2.11000e+00  1.07675e+00
 2.12000e+00  1.07216e+00
 2.13000e+00  1.06741e+00
 2.14000e+00  1.06251e+00
 2.15000e+00  1.05751e+00
 2.16000e+00  1.05244e+00
 2.17000e+00  1.04733e+00
 2.18000e+00  1.04220e+00
 2.19000e+00  1.03709e+00
 2.20000e+00  1.03202e+00
 2.21000e+00  1.02702e+00
 2.22000e+00  1.02210e+00
 2.23000e+00  1.01729e+00
 2.24000e+00  1.01260e+00
 2.25000e+00  1.00805e+00
 2.26000e+00  1.00365e+00
 2.27000e+00  9.99425e-01
 2.28000e+00  9.95377e-01
 2.29000e+00  9.91517e-01
 2.30000e+00  9.87854e-01
 2.31000e+00  9.84396e-01
 2.32000e+00  9.81147e-01
 2.33000e+00  9.78113e-01
 2.34000e+00  9.75297e-01
 2.35000e+00  9.72702e-01
 2.36000e+00  9.70328e-01
 2.37000e+00  9.68177e-01
 2.38000e+00  9.66247e-01
 2.39000e+00  9.64538e-01
 2.40000e+00  9.63047e-01
 2.41000e+00  9.61772e-01
 2.42000e+00  9.60709e-01
 2.43000e+00  9.59854e-01
 2.44000e+00  9.59203e-01
 2.45000e+00  9.58750e-01
 2.46000e+00  9.58490e-01
 2.47000e+00  9.58417e-01
 2.48000e+00  9.58525e-01
 2.49000e+00  9.58806e-01
 2.50000e+00  9.59254e-01
 2.51000e+00  9.59860e-01
 2.52000e+00  9.60619e-01
 2.53000e+00  9.61521e-01
 2.54000e+00  9.62558e-01
 2.55000e+00  9.63723e-01
 2.56000e+00  9.65006e-01
 2.57000e+00  9.66400e-01
 2.58000e+00  9.67895e-01
 2.59000e+00  9.69483e-01
 2.60000e+00  9.71155e-01
 2.61000e+00  9.72901e-01
 2.62000e+00  9.74714e-01
 2.63000e+00  9.76583e-01
 2.64000e+00  9.78501e-01
 2.65000e+00  9.80457e-01
 2.66000e+00  9.82443e-01
 2.67000e+00  9.84451e-01
 2.68000e+00  9.86470e-01
 2.69000e+00  9.88493e-01
 2.70000e+00  9.90510e-01
 2.71000e+00  9.92513e-01
 2.72000e+00  9.94495e-01
 2.73000e+00  9.96446e-01
 2.74000e+00  9.98358e-01
 2.75000e+00  1.00023e+00
 2.76000e+00  1.00204e+00
 2.77000e+00  1.00379e+00
 2.78000e+00  1.00548e+00
 2.79000e+00  1.00709e+00
 2.80000e+00  1.00863e+00
 2.81000e+00  1.01008e+00
 2.82000e+00  1.01144e+00
 2.83000e+00  1.01271e+00
 2.84000e+00  1.01388e+00
 2.85000e+00  1.01495e+00
 2.86000e+00  1.01591e+00
 2.87000e+00  1.01678e+00
 2.88000e+00  1.01753e+00
 2.89000e+00  1.01818e+00
 2.90000e+00  1.01873e+00
 2.91000e+00  1.01916e+00
 2.92000e+00  1.01949e+00
 2.93000e+00  1.01972e+00
 2.94000e+00  1.01984e+00
 2.95000e+00  1.01986e+00
 2.96000e+00  1.01979e+00
 2.97000e+00  1.01962e+00
 2.98000e+00  1.01937e+00
 2.99000e+00  1.01902e+00
 3.00000e+00  1.01860e+00
 3.01000e+00  1.01810e+00
 3.02000e+00  1.01753e+00
 3.03000e+00  1.01689e+00
 3.04000e+00  1.01619e+00
 3.05000e+00  1.01544e+00
 3.06000e+00  1.01464e+00
 3.07000e+00  1.01379e+00
 3.08000e+00  1.01290e+00
 3.09000e+00  1.01198e+00
 3.10000e+00  1.01104e+00
 3.11000e+00  1.01007e+00
 3.12000e+00  1.00909e+00
 3.13000e+00  1.00810e+00
 3.14000e+00  1.00710e+00
 3.15000e+00  1.00610e+00
 3.16000e+00  1.00511e+00
 3.17000e+00  1.00412e+00
 3.18000e+00  1.00315e+00
 3.19000e+00  1.00220e+00
 3.20000e+00  1.00126e+00
 3.21000e+00  1.00036e+00
 3.22000e+00  9.99478e-01
 3.23000e+00  9.98631e-01
 3.24000e+00  9.97818e-01
 3.25000e+00  9.97043e-01
 3.26000e+00  9.96307e-01
 3.27000e+00  9.95612e-01
 3.28000e+00  9.94961e-01
 3.29000e+00  9.94355e-01
 3.30000e+00  9.93795e-01
 3.31000e+00  9.93281e-01
 3.32000e+00  9.92816e-01
 3.33000e+00  9.92399e-01
 3.34000e+00  9.92031e-01
 3.35000e+00  9.91711e-01
 3.36000e+00  9.91439e-01
 3.37000e+00  9.91216e-01
 3.38000e+00  9.91040e-01
 3.39000e+00  9.90911e-01
 3.40000e+00  9.90827e-01
 3.41000e+00  9.90789e-01
 3.42000e+00  9.90793e-01
 3.43000e+00  9.90839e-01
 3.44000e+00  9.90926e-01
 3.45000e+00  9.91052e-01
 3.46000e+00  9.91214e-01
 3.47000e+00  9.91411e-01
 3.48000e+00  9.91641e-01
 3.49000e+00  9.91903e-01
 3.50000e+00  9.92193e-01
 3.51000e+00  9.92509e-01
 3.52000e+00  9.92850e-01
 3.53000e+00  9.93213e-01
 3.54000e+00  9.93596e-01
 3.55000e+00  9.93996e-01
 3.56000e+00  9.94412e-01
 3.57000e+00  9.94840e-01
 3.58000e+00  9.95279e-01
 3.59000e+00  9.95726e-01
 3.60000e+00  9.96179e-01
 3.61000e+00  9.96635e-01
 3.62000e+00  9.97094e-01
 3.63000e+00  9.97552e-01
 3.64000e+00  9.98007e-01
 3.65000e+00  9.98458e-01
 3.66000e+00  9.98903e-01
 3.67000e+00  9.99339e-01
 3.68000e+00  9.99765e-01
 3.69000e+00  1.00018e+00
 3.70000e+00  1.00058e+00
 3.71000e+00  1.00097e+00
 3.72000e+00  1.00134e+00
 3.73000e+00  1.00169e+00
 3.74000e+00  1.00203e+00
 3.75000e+00  1.00234e+00
 3.76000e+00  1.00264e+00
 3.77000e+00  1.00291e+00
 3.78000e+00  1.00317e+00
 3.79000e+00  1.00340e+00
 3.80000e+00  1.00361e+00
 3.81000e+00  1.00379e+00
 3.82000e+00  1.00395e+00
 3.83000e+00  1.00409e+00
 3.84000e+00  1.00421e+00
 3.85000e+00  1.00430e+00
 3.86000e+00  1.00437e+00
 3.87000e+00  1.00442e+00
 3.88000e+00  1.00444e+00
 3.89000e+00  1.00445e+00
 3.90000e+00  1.00443e+00
 3.91000e+00  1.00440e+00
 3.92000e+00  1.00434e+00
 3.93000e+00  1.00426e+00
 3.94000e+00  1.00417e+00
 3.95000e+00  1.00406e+00
 3.96000e+00  1.00394e+00
 3.97000e+00  1.00380e+00
 3.98000e+00  1.00365e+00
 3.99000e+00  1.00348e+00
 4.00000e+00  1.00331e+00
 4.01000e+00  1.00312e+00
 4.02000e+00  1.00292e+00
 4.03000e+00  1.00272e+00
 4.04000e+00  1.00251e+00
 4.05000e+00  1.00230e+00
 4.06000e+00  1.00208e+00
 4.07000e+00  1.00186e+00
 4.08000e+00  1.00163e+00
 4.09000e+00  1.00141e+00
 4.10000e+00  1.00118e+00
 4.11000e+00  1.00096e+00
 4.12000e+00  1.00074e+00
 4.13000e+00  1.00052e+00
 4.14000e+00  1.00031e+00
 4.15000e+00  1.00010e+00
 4.16000e+00  9.99896e-01
 4.17000e+00  9.99700e-01
 4.18000e+00  9.99512e-01
 4.19000e+00  9.99332e-01
 4.20000e+00  9.99160e-01
 4.21000e+00  9.98997e-01
 4.22000e+00  9.98844e-01
 4.23000e+00  9.98701e-01
 4.24000e+00  9.98568e-01
 4.25000e+00  9.98446e-01
 4.26000e+00  9.98335e-01
 4.27000e+00  9.98235e-01
 4.28000e+00  9.98146e-01
 4.29000e+00  9.98069e-01
 4.30000e+00  9.98002e-01
 4.31000e+00  9.97947e-01
 4.32000e+00  9.97903e-01
 4.33000e+00  9.97870e-01
 4.34000e+00  9.97848e-01
 4.35000e+00  9.97837e-01
 4.36000e+00  9.97836e-01
 4.37000e+00  9.97844e-01
 4.38000e+00  9.97863e-01
 4.39000e+00  9.97891e-01
 4.40000e+00  9.97928e-01
 4.41000e+00  9.97973e-01
 4.42000e+00  9.98026e-01
 4.43000e+00  9.98087e-01
 4.44000e+00  9.98155e-01
 4.45000e+00  9.98229e-01
 4.46000e+00  9.98309e-01
 4.47000e+00  9.98395e-01
 4.48000e+00  9.98485e-01
 4.49000e+00  9.98580e-01
 4.50000e+00  9.98678e-01
 4.51000e+00  9.98780e-01
 4.52000e+00  9.98884e-01
 4.53000e+00  9.98990e-01
 4.54000e+00  9.99098e-01
 4.55000e+00  9.99207e-01
 4.56000e+00  9.99316e-01
 4.57000e+00  9.99425e-01
 4.58000e+00  9.99533e-01
 4.59000e+00  9.99641e-01
 4.60000e+00  9.99747e-01
 4.61000e+00  9.99851e-01
 4.62000e+00  9.99952e-01
 4.63000e+00  1.00005e+00
 4.64000e+00  1.00015e+00
 4.65000e+00  1.00024e+00
 4.66000e+00  1.00033e+00
 4.67000e+00  1.00041e+00
 4.68000e+00  1.00049e+00
 4.69000e+00  1.00057e+00
 4.70000e+00  1.00064e+00
 4.71000e+00  1.00070e+00
 4.72000e+00  1.00076e+00
 4.73000e+00  1.00082e+00
 4.74000e+00  1.00087e+00
 4.75000e+00  1.00091e+00
 4.76000e+00  1.00095e+00
 4.77000e+00  1.00098e+00
 4.78000e+00  1.00101e+00
 4.79000e+00  1.00103e+00
 4.80000e+00  1.00105e+00
 4.81000e+00  1.00106e+00
 4.82000e+00  1.00107e+00
 4.83000e+00  1.00107e+00
 4.84000e+00  1.00106e+00
 4.85000e+00  1.00106e+00
 4.86000e+00  1.00104e+00
 4.87000e+00  1.00102e+00
 4.88000e+00  1.00100e+00
 4.89000e+00  1.00098e+00
 4.90000e+00  1.00095e+00
 4.91000e+00  1.00091e+00
 4.92000e+00  1.00088e+00
 4.93000e+00  1.00084e+00
 4.94000e+00  1.00080e+00
 4.95000e+00  1.00075e+00
 4.96000e+00  1.00070e+00
 4.97000e+00  1.00066e+00
 4.98000e+00  1.00061e+00
 4.99000e+00  1.00055e+00
 5.00000e+00  1.00050e+00
 5.01000e+00  1.00045e+00
 5.02000e+00  1.00039e+00
 5.03000e+00  1.00034e+00
 5.04000e+00  1.00029e+00
 5.05000e+00  1.00023e+00
 5.06000e+00  1.00018e+00
 5.07000e+00  1.00013e+00
 5.08000e+00  1.00007e+00
 5.09000e+00  1.00002e+00
 5.10000e+00  9.99974e-01
 5.11000e+00  9.99926e-01
 5.12000e+00  9.99881e-01
 5.13000e+00  9.99837e-01
 5.14000e+00  9.99795e-01
 5.15000e+00  9.99755e-01
 5.16000e+00  9.99718e-01
 5.17000e+00  9.99683e-01
 5.18000e+00  9.99650e-01
 5.19000e+00  9.99620e-01
 5.20000e+00  9.99593e-01
 5.21000e+00  9.99568e-01
 5.22000e+00  9.99546e-01
 5.23000e+00  9.99527e-01
 5.24000e+00  9.99510e-01
 5.25000e+00  9.99497e-01
 5.26000e+00  9.99486e-01
 5.27000e+00  9.99477e-01
 5.28000e+00  9.99472e-01
 5.29000e+00  9.99469e-01
 5.30000e+00  9.99468e-01
 5.31000e+00  9.99470e-01
 5.32000e+00  9.99475e-01
 5.33000e+00  9.99481e-01
 5.34000e+00  9.99490e-01
 5.35000e+00  9.99501e-01
 5.36000e+00  9.99514e-01
 5.37000e+00  9.99529e-01
 5.38000e+00  9.99545e-01
 5.39000e+00  9.99564e-01
 5.40000e+00  9.99583e-01
 5.41000e+00  9.99604e-01
 5.42000e+00  9.99626e-01
 5.43000e+00  9.99650e-01
 5.44000e+00  9.99674e-01
 5.45000e+00  9.99699e-01
 5.46000e+00  9.99725e-01
 5.47000e+00  9.99751e-01
 5.48000e+00  9.99778e-01
 5.49000e+00  9.99805e-01
 5.50000e+00  9.99832e-01
 5.51000e+00  9.99859e-01
 5.52000e+00  9.99885e-01
 5.53000e+00  9.99912e-01
 5.54000e+00  9.99938e-01
 5.55000e+00  9.99964e-01
 5.56000e+00  9.99989e-01
 5.57000e+00  1.00001e+00
 5.58000e+00  1.00004e+00
 5.59000e+00  1.00006e+00
 5.60000e+00  1.00008e+00
 5.61000e+00  1.00010e+00
 5.62000e+00  1.00012e+00
 5.63000e+00  1.00014e+00
 5.64000e+00  1.00016e+00
 5.65000e+00  1.00018e+00
 5.66000e+00  1.00019e+00
 5.67000e+00  1.00020e+00
 5.68000e+00  1.00022e+00
 5.69000e+00  1.00023e+00
 5.70000e+00  1.00024e+00
 5.71000e+00  1.00025e+00
 5.72000e+00  1.00025e+00
 5.73000e+00  1.00026e+00
 5.74000e+00  1.00026e+00
 5.75000e+00  1.00027e+00
 5.76000e+00  1.00027e+00
 5.77000e+00  1.00027e+00
 5.78000e+00  1.00027e+00
 5.79000e+00  1.00026e+00
 5.80000e+00  1.00026e+00
 5.81000e+00  1.00026e+00
 5.82000e+00  1.00025e+00
 5.83000e+00  1.00024e+00
 5.84000e+00  1.00024e+00
 5.85000e+00  1.00023e+00
 5.86000e+00  1.00022e+00
 5.87000e+00  1.00021e+00
 5.88000e+00  1.00020e+00
 5.89000e+00  1.00019e+00
 5.90000e+00  1.00018e+00
 5.91000e+00  1.00016e+00
 5.92000e+00  1.00015e+00
 5.93000e+00  1.00014e+00
 5.94000e+00  1.00013e+00
 5.95000e+00  1.00011e+00
 5.96000e+00  1.00010e+00
 5.97000e+00  1.00008e+00
 5.98000e+00  1.00007e+00
 5.99000e+00  1.00006e+00
 6.00000e+00  1.00004e+00
 6.01000e+00  1.00003e+00
 6.02000e+00  1.00002e+00
 6.03000e+00  1.00001e+00
 6.04000e+00  9.99993e-01
 6.05000e+00  9.99981e-01
 6.06000e+00  9.99970e-01
 6.07000e+00  9.99958e-01
 6.08000e+00  9.99948e-01
 6.09000e+00  9.99938e-01
 6.10000e+00  9.99928e-01
 6.11000e+00  9.99920e-01
 6.12000e+00  9.99911e-01
 6.13000e+00  9.99904e-01
 6.14000e+00  9.99897e-01
 6.15000e+00  9.99891e-01
 6.16000e+00  9.99885e-01
 6.17000e+00  9.99880e-01
 6.18000e+00  9.99876e-01
 6.19000e+00  9.99872e-01
 6.20000e+00  9.99870e-01
 6.21000e+00  9.99868e-01
 6.22000e+00  9.99866e-01
 6.23000e+00  9.99865e-01
 6.24000e+00  9.99865e-01
 6.25000e+00  9.99866e-01
 6.26000e+00  9.99867e-01
 6.27000e+00  9.99868e-01
 6.28000e+00  9.99871e-01
 6.29000e+00  9.99873e-01
 6.30000e+00  9.99877e-01
 6.31000e+00  9.99880e-01
 6.32000e+00  9.99885e-01
 6.33000e+00  9.99889e-01
 6.34000e+00  9.99894e-01
 6.35000e+00  9.99900e-01
 6.36000e+00  9.99905e-01
 6.37000e+00  9.99911e-01
 6.38000e+00  9.99917e-01
 6.39000e+00  9.99924e-01
 6.40000e+00  9.99930e-01
 6.41000e+00  9.99937e-01
 6.42000e+00  9.99944e-01
 6.43000e+00  9.99950e-01
 6.44000e+00  9.99957e-01
 6.45000e+00  9.99964e-01
 6.46000e+00  9.99971e-01
 6.47000e+00  9.99978e-01
 6.48000e+00  9.99985e-01
 6.49000e+00  9.99991e-01
 6.50000e+00  9.99998e-01
 6.51000e+00  1.00000e+00
 6.52000e+00  1.00001e+00
 6.53000e+00  1.00002e+00
 6.54000e+00  1.00002e+00
 6.55000e+00  1.00003e+00
 6.56000e+00  1.00003e+00
 6.57000e+00  1.00004e+00
 6.58000e+00  1.00004e+00
 6.59000e+00  1.00005e+00
 6.60000e+00  1.00005e+00
 6.61000e+00  1.00005e+00
 6.62000e+00  1.00006e+00
 6.63000e+00  1.00006e+00
 6.64000e+00  1.00006e+00
 6.65000e+00  1.00006e+00
 6.66000e+00  1.00006e+00
 6.67000e+00  1.00007e+00
 6.68000e+00  1.00007e+00
 6.69000e+00  1.00007e+00
 6.70000e+00  1.00007e+00
 6.71000e+00  1.00007e+00
 6.72000e+00  1.00007e+00
 6.73000e+00  1.00007e+00
 6.74000e+00  1.00007e+00
 6.75000e+00  1.00007e+00
 6.76000e+00  1.00006e+00
 6.77000e+00  1.00006e+00
 6.78000e+00  1.00006e+00
 6.79000e+00  1.00006e+00
 6.80000e+00  1.00006e+00
 6.81000e+00  1.00005e+00
 6.82000e+00  1.00005e+00
 6.83000e+00  1.00005e+00
 6.84000e+00  1.00005e+00
 6.85000e+00  1.00004e+00
 6.86000e+00  1.00004e+00
 6.87000e+00  1.00004e+00
 6.88000e+00  1.00003e+00
 6.89000e+00  1.00003e+00
 6.90000e+00  1.00003e+00
 6.91000e+00  1.00002e+00
 6.92000e+00  1.00002e+00
 6.93000e+00  1.00001e+00
 6.94000e+00  1.00001e+00
 6.95000e+00  1.00001e+00
 6.96000e+00  1.00000e+00
 6.97000e+00  1.00000e+00
 6.98000e+00  9.99998e-01
 6.99000e+00  9.99995e-01
 7.00000e+00  9.99992e-01
 7.01000e+00  9.99989e-01
 7.02000e+00  9.99986e-01
 7.03000e+00  9.99984e-01
 7.04000e+00  9.99981e-01
 7.05000e+00  9.99979e-01
 7.06000e+00  9.99977e-01
 7.07000e+00  9.99975e-01
 7.08000e+00  9.99973e-01
 7.09000e+00  9.99972e-01
 7.10000e+00  9.99970e-01
 7.11000e+00  9.99969e-01
 7.12000e+00  9.99968e-01
 7.13000e+00  9.99967e-01
 7.14000e+00  9.99966e-01
 7.15000e+00  9.99966e-01
 7.16000e+00  9.99965e-01
 7.17000e+00  9.99965e-01
 7.18000e+00  9.99965e-01
 7.19000e+00  9.99965e-01
 7.20000e+00  9.99965e-01
 7.21000e+00  9.99966e-01
 7.22000e+00  9.99966e-01
 7.23000e+00  9.99967e-01
 7.24000e+00  9.99968e-01
 7.25000e+00  9.99969e-01
 7.26000e+00  9.99970e-01
 7.27000e+00  9.99971e-01
 7.28000e+00  9.99973e-01
 7.29000e+00  9.99974e-01
 7.30000e+00  9.99975e-01
 7.31000e+00  9.99977e-01
 7.32000e+00  9.99979e-01
 7.33000e+00  9.99980e-01
 7.34000e+00  9.99982e-01
 7.35000e+00  9.99984e-01
 7.36000e+00  9.99985e-01
 7.37000e+00  9.99987e-01
 7.38000e+00  9.99989e-01
 7.39000e+00  9.99991e-01
 7.40000e+00  9.99993e-01
 7.41000e+00  9.99994e-01
 7.42000e+00  9.99996e-01
 7.43000e+00  9.99998e-01
 7.44000e+00  9.99999e-01
 7.45000e+00  1.00000e+00
 7.46000e+00  1.00000e+00
 7.47000e+00  1.00000e+00
 7.48000e+00  1.00001e+00
 7.49000e+00  1.00001e+00
 7.50000e+00  1.00001e+00
 7.51000e+00  1.00001e+00
 7.52000e+00  1.00001e+00
 7.53000e+00  1.00001e+00
 7.54000e+00  1.00001e+00
 7.55000e+00  1.00001e+00
 7.56000e+00  1.00001e+00
 7.57000e+00  1.00002e+00
 7.58000e+00  1.00002e+00
 7.59000e+00  1.00002e+00
 7.60000e+00  1.00002e+00
 7.61000e+00  1.00002e+00
 7.62000e+00  1.00002e+00
 7.63000e+00  1.00002e+00
 7.64000e+00  1.00002e+00
 7.65000e+00  1.00002e+00
 7.66000e+00  1.00002e+00
 7.67000e+00  1.00002e+00
 7.68000e+00  1.00002e+00
 7.69000e+00  1.00002e+00
 7.70000e+00  1.00002e+00
 7.71000e+00  1.00002e+00
 7.72000e+00  1.00002e+00
 7.73000e+00  1.00002e+00
 7.74000e+00  1.00001e+00
 7.75000e+00  1.00001e+00
 7.76000e+00  1.00001e+00
 7.77000e+00  1.00001e+00
 7.78000e+00  1.00001e+00
 7.79000e+00  1.00001e+00
 7.80000e+00  1.00001e+00
 7.81000e+00  1.00001e+00
 7.82000e+00  1.00001e+00
 7.83000e+00  1.00001e+00
 7.84000e+00  1.00001e+00
 7.85000e+00  1.00001e+00
 7.86000e+00  1.00000e+00
 7.87000e+00  1.00000e+00
 7.88000e+00  1.00000e+00
 7.89000e+00  1.00000e+00
 7.90000e+00  1.00000e+00
 7.91000e+00  1.00000e+00
 7.92000e+00  9.99999e-01
 7.93000e+00  9.99999e-01
 7.94000e+00  9.99998e-01
 7.95000e+00  9.99997e-01
 7.96000e+00  9.99996e-01
 7.97000e+00  9.99996e-01
 7.98000e+00  9.99995e-01
 7.99000e+00  9.99994e-01
 8.00000e+00  9.99994e-01
 8.01000e+00  9.99993e-01
 8.02000e+00  9.99993e-01
 8.03000e+00  9.99993e-01
 8.04000e+00  9.99992e-01
 8.05000e+00  9.99992e-01
 8.06000e+00  9.99992e-01
 8.07000e+00  9.99991e-01
 8.08000e+00  9.99991e-01
 8.09000e+00  9.99991e-01
 8.10000e+00  9.99991e-01
 8.11000e+00  9.99991e-01
 8.12000e+00  9.99991e-01
 8.13000e+00  9.99991e-01
 8.14000e+00  9.99991e-01
 8.15000e+00  9.99991e-01
 8.16000e+00  9.99991e-01
 8.17000e+00  9.99991e-01
 8.18000e+00  9.99992e-01
 8.19000e+00  9.99992e-01
 8.20000e+00  9.99992e-01
 8.21000e+00  9.99992e-01
 8.22000e+00  9.99993e-01
 8.23000e+00  9.99993e-01
 8.24000e+00  9.99994e-01
 8.25000e+00  9.99994e-01
 8.26000e+00  9.99994e-01
 8.27000e+00  9.99995e-01
 8.28000e+00  9.99995e-01
 8.29000e+00  9.99996e-01
 8.30000e+00  9.99996e-01
 8.31000e+00  9.99997e-01
 8.32000e+00  9.99997e-01
 8.33000e+00  9.99998e-01
 8.34000e+00  9.99998e-01
 8.35000e+00  9.99999e-01
 8.36000e+00  9.99999e-01
 8.37000e+00  9.99999e-01
 8.38000e+00  1.00000e+00
 8.39000e+00  1.00000e+00
 8.40000e+00  1.00000e+00
 8.41000e+00  1.00000e+00
 8.42000e+00  1.00000e+00
 8.43000e+00  1.00000e+00
 8.44000e+00  1.00000e+00
 8.45000e+00  1.00000e+00
 8.46000e+00  1.00000e+00
 8.47000e+00  1.00000e+00
 8.48000e+00  1.00000e+00
 8.49000e+00  1.00000e+00
 8.50000e+00  1.00000e+00
 8.51000e+00  1.00000e+00
 8.52000e+00  1.00000e+00
 8.53000e+00  1.00000e+00
 8.54000e+00  1.00000e+00
 8.55000e+00  1.00000e+00
 8.56000e+00  1.00000e+00
 8.57000e+00  1.00000e+00
 8.58000e+00  1.00000e+00
 8.59000e+00  1.00000e+00
 8.60000e+00  1.00000e+00
 8.61000e+00  1.00000e+00
 8.62000e+00  1.00000e+00
 8.63000e+00  1.00000e+00
 8.64000e+00  1.00000e+00
 8.65000e+00  1.00000e+00
 8.66000e+00  1.00000e+00
 8.67000e+00  1.00000e+00
 8.68000e+00  1.00000e+00
 8.69000e+00  1.00000e+00
 8.70000e+00  1.00000e+00
 8.71000e+00  1.00000e+00
 8.72000e+00  1.00000e+00
 8.73000e+00  1.00000e+00
 8.74000e+00  1.00000e+00
 8.75000e+00  1.00000e+00
 8.76000e+00  1.00000e+00
 8.77000e+00  1.00000e+00
 8.78000e+00  1.00000e+00
 8.79000e+00  1.00000e+00
 8.80000e+00  1.00000e+00
 8.81000e+00  1.00000e+00
 8.82000e+00  1.00000e+00
 8.83000e+00  1.00000e+00
 8.84000e+00  1.00000e+00
 8.85000e+00  1.00000e+00
 8.86000e+00  1.00000e+00
 8.87000e+00  1.00000e+00
 8.88000e+00  9.99999e-01
 8.89000e+00  9.99999e-01
 8.90000e+00  9.99999e-01
 8.91000e+00  9.99999e-01
 8.92000e+00  9.99999e-01
 8.93000e+00  9.99999e-01
 8.94000e+00  9.99998e-01
 8.95000e+00  9.99998e-01
 8.96000e+00  9.99998e-01
 8.97000e+00  9.99998e-01
 8.98000e+00  9.99998e-01
 8.99000e+00  9.99998e-01
 9.00000e+00  9.99998e-01
 9.01000e+00  9.99998e-01
 9.02000e+00  9.99998e-01
 9.03000e+00  9.99998e-01
 9.04000e+00  9.99998e-01
 9.05000e+00  9.99998e-01
 9.06000e+00  9.99998e-01
 9.07000e+00  9.99998e-01
 9.08000e+00  9.99998e-01
 9.09000e+00  9.99998e-01
 9.10000e+00  9.99998e-01
 9.11000e+00  9.99998e-01
 9.12000e+00  9.99998e-01
 9.13000e+00  9.99998e-01
 9.14000e+00  9.99998e-01
 9.15000e+00  9.99998e-01
 9.16000e+00  9.99998e-01
 9.17000e+00  9.99998e-01
 9.18000e+00  9.99998e-01
 9.19000e+00  9.99998e-01
 9.20000e+00  9.99998e-01
 9.21000e+00  9.99999e-01
 9.22000e+00  9.99999e-01
 9.23000e+00  9.99999e-01
 9.24000e+00  9.99999e-01
 9.25000e+00  9.99999e-01
 9.26000e+00  9.99999e-01
 9.27000e+00  9.99999e-01
 9.28000e+00  9.99999e-01
 9.29000e+00  1.00000e+00
 9.30000e+00  1.00000e+00
 9.31000e+00  1.00000e+00
 9.32000e+00  1.00000e+00
 9.33000e+00  1.00000e+00
 9.34000e+00  1.00000e+00
 9.35000e+00  1.00000e+00
 9.36000e+00  1.00000e+00
 9.37000e+00  1.00000e+00
 9.38000e+00  1.00000e+00
 9.39000e+00  1.00000e+00
 9.40000e+00  1.00000e+00
 9.41000e+00  1.00000e+00
 9.42000e+00  1.00000e+00
 9.43000e+00  1.00000e+00
 9.44000e+00  1.00000e+00
 9.45000e+00  1.00000e+00
 9.46000e+00  1.00000e+00
 9.47000e+00  1.00000e+00
 9.48000e+00  1.00000e+00
 9.49000e+00  1.00000e+00
 9.50000e+00  1.00000e+00
 9.51000e+00  1.00000e+00
 9.52000e+00  1.00000e+00
 9.53000e+00  1.00000e+00
 9.54000e+00  1.00000e+00
 9.55000e+00  1.00000e+00
 9.56000e+00  1.00000e+00
 9.57000e+00  1.00000e+00
 9.58000e+00  1.00000e+00
 9.59000e+00  1.00000e+00
 9.60000e+00  1.00000e+00
 9.61000e+00  1.00000e+00
 9.62000e+00  1.00000e+00
 9.63000e+00  1.00000e+00
 9.64000e+00  1.00000e+00
 9.65000e+00  1.00000e+00
 9.66000e+00  1.00000e+00
 9.67000e+00  1.00000e+00
 9.68000e+00  1.00000e+00
 9.69000e+00  1.00000e+00
 9.70000e+00  1.00000e+00
 9.71000e+00  1.00000e+00
 9.72000e+00  1.00000e+00
 9.73000e+00  1.00000e+00
 9.74000e+00  1.00000e+00
 9.75000e+00  1.00000e+00
 9.76000e+00  1.00000e+00
 9.77000e+00  1.00000e+00
 9.78000e+00  1.00000e+00
 9.79000e+00  1.00000e+00
 9.80000e+00  1.00000e+00
 9.81000e+00  1.00000e+00
 9.82000e+00  1.00000e+00
 9.83000e+00  1.00000e+00
 9.84000e+00  1.00000e+00
 9.85000e+00  1.00000e+00
 9.86000e+00  1.00000e+00
 9.87000e+00  1.00000e+00
 9.88000e+00  1.00000e+00
 9.89000e+00  1.00000e+00
 9.90000e+00  9.99999e-01
 9.91000e+00  9.99999e-01
 9.92000e+00  9.99999e-01
 9.93000e+00  9.99999e-01
 9.94000e+00  9.99999e-01
 9.95000e+00  9.99999e-01
 9.96000e+00  9.99999e-01
 9.97000e+00  9.99999e-01
 9.98000e+00  9.99999e-01
 9.99000e+00  9.99999e-01
 1.00000e+01  9.99999e-01
 1.00100e+01  9.99999e-01
 1.00200e+01  9.99999e-01
 1.00300e+01  9.99999e-01
 1.00400e+01  9.99999e-01
 1.00500e+01  9.99999e-01
 1.00600e+01  9.99999e-01
 1.00700e+01  9.99999e-01
 1.00800e+01  9.99999e-01
 1.00900e+01  9.99999e-01
 1.01000e+01  9.99999e-01
 1.01100e+01  1.00000e+00
 1.01200e+01  1.00000e+00
 1.01300e+01  1.00000e+00
 1.01400e+01  1.00000e+00
 1.01500e+01  1.00000e+00
 1.01600e+01  1.00000e+00
 1.01700e+01  1.00000e+00
 1.01800e+01  1.00000e+00
 1.01900e+01  1.00000e+00
 1.02000e+01  1.00000e+00
 1.02100e+01  1.00000e+00
 1.02200e+01  1.00000e+00
 1.02300e+01  1.00000e+00
 1.02400e+01  1.00000e+00
 1.02500e+01  1.00000e+00
 1.02600e+01  1.00000e+00
 1.02700e+01  1.00000e+00
 1.02800e+01  1.00000e+00
 1.02900e+01  1.00000e+00
 1.03000e+01  1.00000e+00
 1.03100e+01  1.00000e+00
 1.03200e+01  1.00000e+00
 1.03300e+01  1.00000e+00
 1.03400e+01  1.00000e+00
 1.03500e+01  1.00000e+00
 1.03600e+01  1.00000e+00
 1.03700e+01  1.00000e+00
 1.03800e+01  1.00000e+00
 1.03900e+01  1.00000e+00
 1.04000e+01  1.00000e+00
 1.04100e+01  1.00000e+00
 1.04200e+01  1.00000e+00
 1.04300e+01  1.00000e+00
 1.04400e+01  1.00000e+00
 1.04500e+01  1.00000e+00
 1.04600e+01  1.00000e+00
 1.04700e+01  1.00000e+00
 1.04800e+01  1.00000e+00
 1.04900e+01  1.00000e+00
 1.05000e+01  1.00000e+00
 1.05100e+01  1.00000e+00
 1.05200e+01  1.00000e+00
 1.05300e+01  1.00000e+00
 1.05400e+01  1.00000e+00
 1.05500e+01  1.00000e+00
 1.05600e+01  1.00000e+00
 1.05700e+01  1.00000e+00
 1.05800e+01  1.00000e+00
 1.05900e+01  1.00000e+00
 1.06000e+01  1.00000e+00
 1.06100e+01  1.00000e+00
 1.06200e+01  1.00000e+00
 1.06300e+01  1.00000e+00
 1.06400e+01  1.00000e+00
 1.06500e+01  1.00000e+00
 1.06600e+01  1.00000e+00
 1.06700e+01  1.00000e+00
 1.06800e+01  1.00000e+00
 1.06900e+01  1.00000e+00
 1.07000e+01  1.00000e+00
 1.07100e+01  1.00000e+00
 1.07200e+01  1.00000e+00
 1.07300e+01  1.00000e+00
 1.07400e+01  1.00000e+00
 1.07500e+01  1.00000e+00
 1.07600e+01  1.00000e+00
 1.07700e+01  1.00000e+00
 1.07800e+01  1.00000e+00
 1.07900e+01  1.00000e+00
 1.08000e+01  1.00000e+00
 1.08100e+01  1.00000e+00
 1.08200e+01  1.00000e+00
 1.08300e+01  1.00000e+00
 1.08400e+01  1.00000e+00
 1.08500e+01  1.00000e+00
 1.08600e+01  1.00000e+00
 1.08700e+01  1.00000e+00
 1.08800e+01  1.00000e+00
 1.08900e+01  1.00000e+00
 1.09000e+01  1.00000e+00
 1.09100e+01  1.00000e+00
 1.09200e+01  1.00000e+00
 1.09300e+01  1.00000e+00
 1.09400e+01  1.00000e+00
 1.09500e+01  1.00000e+00
 1.09600e+01  1.00000e+00
 1.09700e+01  1.00000e+00
 1.09800e+01  1.00000e+00
 1.09900e+01  1.00000e+00
 1.10000e+01  1.00000e+00
 1.10100e+01  1.00000e+00
 1.10200e+01  1.00000e+00
 1.10300e+01  1.00000e+00
 1.10400e+01  1.00000e+00
 1.10500e+01  1.00000e+00
 1.10600e+01  1.00000e+00
 1.10700e+01  1.00000e+00
 1.10800e+01  1.00000e+00
 1.10900e+01  1.00000e+00
 1.11000e+01  1.00000e+00
 1.11100e+01  1.00000e+00
 1.11200e+01  1.00000e+00
 1.11300e+01  1.00000e+00
 1.11400e+01  1.00000e+00
 1.11500e+01  1.00000e+00
 1.11600e+01  1.00000e+00
 1.11700e+01  1.00000e+00
 1.11800e+01  1.00000e+00
 1.11900e+01  1.00000e+00
 1.12000e+01  1.00000e+00
 1.12100e+01  1.00000e+00
 1.12200e+01  1.00000e+00
 1.12300e+01  1.00000e+00
 1.12400e+01  1.00000e+00
 1.12500e+01  1.00000e+00
 1.12600e+01  1.00000e+00
 1.12700e+01  1.00000e+00
 1.12800e+01  1.00000e+00
 1.12900e+01  1.00000e+00
 1.13000e+01  1.00000e+00
 1.13100e+01  1.00000e+00
 1.13200e+01  1.00000e+00
 1.13300e+01  1.00000e+00
 1.13400e+01  1.00000e+00
 1.13500e+01  1.00000e+00
 1.13600e+01  1.00000e+00
 1.13700e+01  1.00000e+00
 1.13800e+01  1.00000e+00
 1.13900e+01  1.00000e+00
 1.14000e+01  1.00000e+00
 1.14100e+01  1.00000e+00
 1.14200e+01  1.00000e+00
 1.14300e+01  1.00000e+00
 1.14400e+01  1.00000e+00
 1.14500e+01  1.00000e+00
 1.14600e+01  1.00000e+00
 1.14700e+01  1.00000e+00
 1.14800e+01  1.00000e+00
 1.14900e+01  1.00000e+00
 1.15000e+01  1.00000e+00
 1.15100e+01  1.00000e+00
 1.15200e+01  1.00000e+00
 1.15300e+01  1.00000e+00
 1.15400e+01  1.00000e+00
 1.15500e+01  1.00000e+00
 1.15600e+01  1.00000e+00
 1.15700e+01  1.00000e+00
 1.15800e+01  1.00000e+00
 1.15900e+01  1.00000e+00
 1.16000e+01  1.00000e+00
 1.16100e+01  1.00000e+00
 1.16200e+01  1.00000e+00
 1.16300e+01  1.00000e+00
 1.16400e+01  1.00000e+00
 1.16500e+01  1.00000e+00
 1.16600e+01  1.00000e+00
 1.16700e+01  1.00000e+00
 1.16800e+01  1.00000e+00
 1.16900e+01  1.00000e+00
 1.17000e+01  1.00000e+00
 1.17100e+01  1.00000e+00
 1.17200e+01  1.00000e+00
 1.17300e+01  1.00000e+00
 1.17400e+01  1.00000e+00
 1.17500e+01  1.00000e+00
 1.17600e+01  1.00000e+00
 1.17700e+01  1.00000e+00
 1.17800e+01  1.00000e+00
 1.17900e+01  1.00000e+00
 1.18000e+01  1.00000e+00
 1.18100e+01  1.00000e+00
 1.18200e+01  1.00000e+00
 1.18300e+01  1.00000e+00
 1.18400e+01  1.00000e+00
 1.18500e+01  1.00000e+00
 1.18600e+01  1.00000e+00
 1.18700e+01  1.00000e+00
 1.18800e+01  1.00000e+00
 1.18900e+01  1.00000e+00
 1.19000e+01  1.00000e+00
 1.19100e+01  1.00000e+00
 1.19200e+01  1.00000e+00
 1.19300e+01  1.00000e+00
 1.19400e+01  1.00000e+00
 1.19500e+01  1.00000e+00
 1.19600e+01  1.00000e+00
 1.19700e+01  1.00000e+00
 1.19800e+01  1.00000e+00
 1.19900e+01  1.00000e+00
 1.20000e+01  1.00000e+00
 1.20100e+01  1.00000e+00
 1.20200e+01  1.00000e+00
 1.20300e+01  1.00000e+00
 1.20400e+01  1.00000e+00
 1.20500e+01  1.00000e+00
 1.20600e+01  1.00000e+00
 1.20700e+01  1.00000e+00
 1.20800e+01  1.00000e+00
 1.20900e+01  1.00000e+00
 1.21000e+01  1.00000e+00
 1.21100e+01  1.00000e+00
 1.21200e+01  1.00000e+00
 1.21300e+01  1.00000e+00
 1.21400e+01  1.00000e+00
 1.21500e+01  1.00000e+00
 1.21600e+01  1.00000e+00
 1.21700e+01  1.00000e+00
 1.21800e+01  1.00000e+00
 1.21900e+01  1.00000e+00
 1.22000e+01  1.00000e+00
 1.22100e+01  1.00000e+00
 1.22200e+01  1.00000e+00
 1.22300e+01  1.00000e+00
 1.22400e+01  1.00000e+00
 1.22500e+01  1.00000e+00
 1.22600e+01  1.00000e+00
 1.22700e+01  1.00000e+00
 1.22800e+01  1.00000e+00
 1.22900e+01  1.00000e+00
 1.23000e+01  1.00000e+00
 1.23100e+01  1.00000e+00
 1.23200e+01  1.00000e+00
 1.23300e+01  1.00000e+00
 1.23400e+01  1.00000e+00
 1.23500e+01  1.00000e+00
 1.23600e+01  1.00000e+00
 1.23700e+01  1.00000e+00
 1.23800e+01  1.00000e+00
 1.23900e+01  1.00000e+00
 1.24000e+01  1.00000e+00
 1.24100e+01  1.00000e+00
 1.24200e+01  1.00000e+00
 1.24300e+01  1.00000e+00
 1.24400e+01  1.00000e+00
 1.24500e+01  1.00000e+00
 1.24600e+01  1.00000e+00
 1.24700e+01  1.00000e+00
 1.24800e+01  1.00000e+00
 1.24900e+01  1.00000e+00
 1.25000e+01  1.00000e+00
 1.25100e+01  1.00000e+00
 1.25200e+01  1.00000e+00
 1.25300e+01  1.00000e+00
 1.25400e+01  1.00000e+00
 1.25500e+01  1.00000e+00
 1.25600e+01  1.00000e+00
 1.25700e+01  1.00000e+00
 1.25800e+01  1.00000e+00
 1.25900e+01  1.00000e+00
 1.26000e+01  1.00000e+00
 1.26100e+01  1.00000e+00
 1.26200e+01  1.00000e+00
 1.26300e+01  1.00000e+00
 1.26400e+01  1.00000e+00
 1.26500e+01  1.00000e+00
 1.26600e+01  1.00000e+00
 1.26700e+01  1.00000e+00
 1.26800e+01  1.00000e+00
 1.26900e+01  1.00000e+00
 1.27000e+01  1.00000e+00
 1.27100e+01  1.00000e+00
 1.27200e+01  1.00000e+00
 1.27300e+01  1.00000e+00
 1.27400e+01  1.00000e+00
 1.27500e+01  1.00000e+00
 1.27600e+01  1.00000e+00
 1.27700e+01  1.00000e+00
 1.27800e+01  1.00000e+00
 1.27900e+01  1.00000e+00
 1.28000e+01  1.00000e+00
 1.28100e+01  1.00000e+00
 1.28200e+01  1.00000e+00
 1.28300e+01  1.00000e+00
 1.28400e+01  1.00000e+00
 1.28500e+01  1.00000e+00
 1.28600e+01  1.00000e+00
 1.28700e+01  1.00000e+00
 1.28800e+01  1.00000e+00
 1.28900e+01  1.00000e+00
 1.29000e+01  1.00000e+00
 1.29100e+01  1.00000e+00
 1.29200e+01  1.00000e+00
 1.29300e+01  1.00000e+00
 1.29400e+01  1.00000e+00
 1.29500e+01  1.00000e+00
 1.29600e+01  1.00000e+00
 1.29700e+01  1.00000e+00
 1.29800e+01  1.00000e+00
 1.29900e+01  1.00000e+00
 1.30000e+01  1.00000e+00
 1.30100e+01  1.00000e+00
 1.30200e+01  1.00000e+00
 1.30300e+01  1.00000e+00
 1.30400e+01  1.00000e+00
 1.30500e+01  1.00000e+00
 1.30600e+01  1.00000e+00
 1.30700e+01  1.00000e+00
 1.30800e+01  1.00000e+00
 1.30900e+01  1.00000e+00
 1.31000e+01  1.00000e+00
 1.31100e+01  1.00000e+00
 1.31200e+01  1.00000e+00
 1.31300e+01  1.00000e+00
 1.31400e+01  1.00000e+00
 1.31500e+01  1.00000e+00
 1.31600e+01  1.00000e+00
 1.31700e+01  1.00000e+00
 1.31800e+01  1.00000e+00
 1.31900e+01  1.00000e+00
 1.32000e+01  1.00000e+00
 1.32100e+01  1.00000e+00
 1.32200e+01  1.00000e+00
 1.32300e+01  1.00000e+00
 1.32400e+01  1.00000e+00
 1.32500e+01  1.00000e+00
 1.32600e+01  1.00000e+00
 1.32700e+01  1.00000e+00
 1.32800e+01  1.00000e+00
 1.32900e+01  1.00000e+00
 1.33000e+01  1.00000e+00
 1.33100e+01  1.00000e+00
 1.33200e+01  1.00000e+00
 1.33300e+01  1.00000e+00
 1.33400e+01  1.00000e+00
 1.33500e+01  1.00000e+00
 1.33600e+01  1.00000e+00
 1.33700e+01  1.00000e+00
 1.33800e+01  1.00000e+00
 1.33900e+01  1.00000e+00
 1.34000e+01  1.00000e+00
 1.34100e+01  1.00000e+00
 1.34200e+01  1.00000e+00
 1.34300e+01  1.00000e+00
 1.34400e+01  1.00000e+00
 1.34500e+01  1.00000e+00
 1.34600e+01  1.00000e+00
 1.34700e+01  1.00000e+00
 1.34800e+01  1.00000e+00
 1.34900e+01  1.00000e+00
 1.35000e+01  1.00000e+00
 1.35100e+01  1.00000e+00
 1.35200e+01  1.00000e+00
 1.35300e+01  1.00000e+00
 1.35400e+01  1.00000e+00
 1.35500e+01  1.00000e+00
 1.35600e+01  1.00000e+00
 1.35700e+01  1.00000e+00
 1.35800e+01  1.00000e+00
 1.35900e+01  1.00000e+00
 1.36000e+01  1.00000e+00
 1.36100e+01  1.00000e+00
 1.36200e+01  1.00000e+00
 1.36300e+01  1.00000e+00
 1.36400e+01  1.00000e+00
 1.36500e+01  1.00000e+00
 1.36600e+01  1.00000e+00
 1.36700e+01  1.00000e+00
 1.36800e+01  1.00000e+00
 1.36900e+01  1.00000e+00
 1.37000e+01  1.00000e+00
 1.37100e+01  1.00000e+00
 1.37200e+01  1.00000e+00
 1.37300e+01  1.00000e+00
 1.37400e+01  1.00000e+00
 1.37500e+01  1.00000e+00
 1.37600e+01  1.00000e+00
 1.37700e+01  1.00000e+00
 1.37800e+01  1.00000e+00
 1.37900e+01  1.00000e+00
 1.38000e+01  1.00000e+00
 1.38100e+01  1.00000e+00
 1.38200e+01  1.00000e+00
 1.38300e+01  1.00000e+00
 1.38400e+01  1.00000e+00
 1.38500e+01  1.00000e+00
 1.38600e+01  1.00000e+00
 1.38700e+01  1.00000e+00
 1.38800e+01  1.00000e+00
 1.38900e+01  1.00000e+00
 1.39000e+01  1.00000e+00
 1.39100e+01  1.00000e+00
 1.39200e+01  1.00000e+00
 1.39300e+01  1.00000e+00
 1.39400e+01  1.00000e+00
 1.39500e+01  1.00000e+00
 1.39600e+01  1.00000e+00
 1.39700e+01  1.00000e+00
 1.39800e+01  1.00000e+00
 1.39900e+01  1.00000e+00
 1.40000e+01  1.00000e+00
 1.40100e+01  1.00000e+00
 1.40200e+01  1.00000e+00
 1.40300e+01  1.00000e+00
 1.40400e+01  1.00000e+00
 1.40500e+01  1.00000e+00
 1.40600e+01  1.00000e+00
 1.40700e+01  1.00000e+00
 1.40800e+01  1.00000e+00
 1.40900e+01  1.00000e+00
 1.41000e+01  1.00000e+00
 1.41100e+01  1.00000e+00
 1.41200e+01  1.00000e+00
 1.41300e+01  1.00000e+00
 1.41400e+01  1.00000e+00
 1.41500e+01  1.00000e+00
 1.41600e+01  1.00000e+00
 1.41700e+01  1.00000e+00
 1.41800e+01  1.00000e+00
 1.41900e+01  1.00000e+00
 1.42000e+01  1.00000e+00
 1.42100e+01  1.00000e+00
 1.42200e+01  1.00000e+00
 1.42300e+01  1.00000e+00
 1.42400e+01  1.00000e+00
 1.42500e+01  1.00000e+00
 1.42600e+01  1.00000e+00
 1.42700e+01  1.00000e+00
 1.42800e+01  1.00000e+00
 1.42900e+01  1.00000e+00
 1.43000e+01  1.00000e+00
 1.43100e+01  1.00000e+00
 1.43200e+01  1.00000e+00
 1.43300e+01  1.00000e+00
 1.43400e+01  1.00000e+00
 1.43500e+01  1.00000e+00
 1.43600e+01  1.00000e+00
 1.43700e+01  1.00000e+00
 1.43800e+01  1.00000e+00
 1.43900e+01  1.00000e+00
 1.44000e+01  1.00000e+00
 1.44100e+01  1.00000e+00
 1.44200e+01  1.00000e+00
 1.44300e+01  1.00000e+00
 1.44400e+01  1.00000e+00
 1.44500e+01  1.00000e+00
 1.44600e+01  1.00000e+00
 1.44700e+01  1.00000e+00
 1.44800e+01  1.00000e+00
 1.44900e+01  1.00000e+00
 1.45000e+01  1.00000e+00
 1.45100e+01  1.00000e+00
 1.45200e+01  1.00000e+00
 1.45300e+01  1.00000e+00
 1.45400e+01  1.00000e+00
 1.45500e+01  1.00000e+00
 1.45600e+01  1.00000e+00
 1.45700e+01  1.00000e+00
 1.45800e+01  1.00000e+00
 1.45900e+01  1.00000e+00
 1.46000e+01  1.00000e+00
 1.46100e+01  1.00000e+00
 1.46200e+01  1.00000e+00
 1.46300e+01  1.00000e+00
 1.46400e+01  1.00000e+00
 1.46500e+01  1.00000e+00
 1.46600e+01  1.00000e+00
 1.46700e+01  1.00000e+00
 1.46800e+01  1.00000e+00
 1.46900e+01  1.00000e+00
 1.47000e+01  1.00000e+00
 1.47100e+01  1.00000e+00
 1.47200e+01  1.00000e+00
 1.47300e+01  1.00000e+00
 1.47400e+01  1.00000e+00
 1.47500e+01  1.00000e+00
 1.47600e+01  1.00000e+00
 1.47700e+01  1.00000e+00
 1.47800e+01  1.00000e+00
 1.47900e+01  1.00000e+00
 1.48000e+01  1.00000e+00
 1.48100e+01  1.00000e+00
 1.48200e+01  1.00000e+00
 1.48300e+01  1.00000e+00
 1.48400e+01  1.00000e+00
 1.48500e+01  1.00000e+00
 1.48600e+01  1.00000e+00
 1.48700e+01  1.00000e+00
 1.48800e+01  1.00000e+00
 1.48900e+01  1.00000e+00
 1.49000e+01  1.00000e+00
 1.49100e+01  1.00000e+00
 1.49200e+01  1.00000e+00
 1.49300e+01  1.00000e+00
 1.49400e+01  1.00000e+00
 1.49500e+01  1.00000e+00
 1.49600e+01  1.00000e+00
 1.49700e+01  1.00000e+00
 1.49800e+01  1.00000e+00
 1.49900e+01  1.00000e+00
 1.50000e+01  1.00000e+00
 1.50100e+01  1.00000e+00
 1.50200e+01  1.00000e+00
 1.50300e+01  1.00000e+00
 1.50400e+01  1.00000e+00
 1.50500e+01  1.00000e+00
 1.50600e+01  1.00000e+00
 1.50700e+01  1.00000e+00
 1.50800e+01  1.00000e+00
 1.50900e+01  1.00000e+00
 1.51000e+01  1.00000e+00
 1.51100e+01  1.00000e+00
 1.51200e+01  1.00000e+00
 1.51300e+01  1.00000e+00
 1.51400e+01  1.00000e+00
 1.51500e+01  1.00000e+00
 1.51600e+01  1.00000e+00
 1.51700e+01  1.00000e+00
 1.51800e+01  1.00000e+00
 1.51900e+01  1.00000e+00
 1.52000e+01  1.00000e+00
 1.52100e+01  1.00000e+00
 1.52200e+01  1.00000e+00
 1.52300e+01  1.00000e+00
 1.52400e+01  1.00000e+00
 1.52500e+01  1.00000e+00
 1.52600e+01  1.00000e+00
 1.52700e+01  1.00000e+00
 1.52800e+01  1.00000e+00
 1.52900e+01  1.00000e+00
 1.53000e+01  1.00000e+00
 1.53100e+01  1.00000e+00
 1.53200e+01  1.00000e+00
 1.53300e+01  1.00000e+00
 1.53400e+01  1.00000e+00
 1.53500e+01  1.00000e+00
 1.53600e+01  1.00000e+00
 1.53700e+01  1.00000e+00
 1.53800e+01  1.00000e+00
 1.53900e+01  1.00000e+00
 1.54000e+01  1.00000e+00
 1.54100e+01  1.00000e+00
 1.54200e+01  1.00000e+00
 1.54300e+01  1.00000e+00
 1.54400e+01  1.00000e+00
 1.54500e+01  1.00000e+00
 1.54600e+01  1.00000e+00
 1.54700e+01  1.00000e+00
 1.54800e+01  1.00000e+00
 1.54900e+01  1.00000e+00
 1.55000e+01  1.00000e+00
 1.55100e+01  1.00000e+00
 1.55200e+01  1.00000e+00
 1.55300e+01  1.00000e+00
 1.55400e+01  1.00000e+00
 1.55500e+01  1.00000e+00
 1.55600e+01  1.00000e+00
 1.55700e+01  1.00000e+00
 1.55800e+01  1.00000e+00
 1.55900e+01  1.00000e+00
 1.56000e+01  1.00000e+00
 1.56100e+01  1.00000e+00
 1.56200e+01  1.00000e+00
 1.56300e+01  1.00000e+00
 1.56400e+01  1.00000e+00
 1.56500e+01  1.00000e+00
 1.56600e+01  1.00000e+00
 1.56700e+01  1.00000e+00
 1.56800e+01  1.00000e+00
 1.56900e+01  1.00000e+00
 1.57000e+01  1.00000e+00
 1.57100e+01  1.00000e+00
 1.57200e+01  1.00000e+00
 1.57300e+01  1.00000e+00
 1.57400e+01  1.00000e+00
 1.57500e+01  1.00000e+00
 1.57600e+01  1.00000e+00
 1.57700e+01  1.00000e+00
 1.57800e+01  1.00000e+00
 1.57900e+01  1.00000e+00
 1.58000e+01  1.00000e+00
 1.58100e+01  1.00000e+00
 1.58200e+01  1.00000e+00
 1.58300e+01  1.00000e+00
 1.58400e+01  1.00000e+00
 1.58500e+01  1.00000e+00
 1.58600e+01  1.00000e+00
 1.58700e+01  1.00000e+00
 1.58800e+01  1.00000e+00
 1.58900e+01  1.00000e+00
 1.59000e+01  1.00000e+00
 1.59100e+01  1.00000e+00
 1.59200e+01  1.00000e+00
 1.59300e+01  1.00000e+00
 1.59400e+01  1.00000e+00
 1.59500e+01  1.00000e+00
 1.59600e+01  1.00000e+00
 1.59700e+01  1.00000e+00
 1.59800e+01  1.00000e+00
 1.59900e+01  1.00000e+00
 1.60000e+01  1.00000e+00
 1.60100e+01  1.00000e+00
 1.60200e+01  1.00000e+00
 1.60300e+01  1.00000e+00
 1.60400e+01  1.00000e+00
 1.60500e+01  1.00000e+00
 1.60600e+01  1.00000e+00
 1.60700e+01  1.00000e+00
 1.60800e+01  1.00000e+00
 1.60900e+01  1.00000e+00
 1.61000e+01  1.00000e+00
 1.61100e+01  1.00000e+00
 1.61200e+01  1.00000e+00
 1.61300e+01  1.00000e+00
 1.61400e+01  1.00000e+00
 1.61500e+01  1.00000e+00
 1.61600e+01  1.00000e+00
 1.61700e+01  1.00000e+00
 1.61800e+01  1.00000e+00
 1.61900e+01  1.00000e+00
 1.62000e+01  1.00000e+00
 1.62100e+01  1.00000e+00
 1.62200e+01  1.00000e+00
 1.62300e+01  1.00000e+00
 1.62400e+01  1.00000e+00
 1.62500e+01  1.00000e+00
 1.62600e+01  1.00000e+00
 1.62700e+01  1.00000e+00
 1.62800e+01  1.00000e+00
 1.62900e+01  1.00000e+00
 1.63000e+01  1.00000e+00
 1.63100e+01  1.00000e+00
 1.63200e+01  1.00000e+00
 1.63300e+01  1.00000e+00
 1.63400e+01  1.00000e+00
 1.63500e+01  1.00000e+00
 1.63600e+01  1.00000e+00
 1.63700e+01  1.00000e+00
 1.63800e+01  1.00000e+00
 1.63900e+01  1.00000e+00
 1.64000e+01  1.00000e+00
 1.64100e+01  1.00000e+00
 1.64200e+01  1.00000e+00
 1.64300e+01  1.00000e+00
 1.64400e+01  1.00000e+00
 1.64500e+01  1.00000e+00
 1.64600e+01  1.00000e+00
 1.64700e+01  1.00000e+00
 1.64800e+01  1.00000e+00
 1.64900e+01  1.00000e+00
 1.65000e+01  1.00000e+00
 1.65100e+01  1.00000e+00
 1.65200e+01  1.00000e+00
 1.65300e+01  1.00000e+00
 1.65400e+01  1.00000e+00
 1.65500e+01  1.00000e+00
 1.65600e+01  1.00000e+00
 1.65700e+01  1.00000e+00
 1.65800e+01  1.00000e+00
 1.65900e+01  1.00000e+00
 1.66000e+01  1.00000e+00
 1.66100e+01  1.00000e+00
 1.66200e+01  1.00000e+00
 1.66300e+01  1.00000e+00
 1.66400e+01  1.00000e+00
 1.66500e+01  1.00000e+00
 1.66600e+01  1.00000e+00
 1.66700e+01  1.00000e+00
 1.66800e+01  1.00000e+00
 1.66900e+01  1.00000e+00
 1.67000e+01  1.00000e+00
 1.67100e+01  1.00000e+00
 1.67200e+01  1.00000e+00
 1.67300e+01  1.00000e+00
 1.67400e+01  1.00000e+00
 1.67500e+01  1.00000e+00
 1.67600e+01  1.00000e+00
 1.67700e+01  1.00000e+00
 1.67800e+01  1.00000e+00
 1.67900e+01  1.00000e+00
 1.68000e+01  1.00000e+00
 1.68100e+01  1.00000e+00
 1.68200e+01  1.00000e+00
 1.68300e+01  1.00000e+00
 1.68400e+01  1.00000e+00
 1.68500e+01  1.00000e+00
 1.68600e+01  1.00000e+00
 1.68700e+01  1.00000e+00
 1.68800e+01  1.00000e+00
 1.68900e+01  1.00000e+00
 1.69000e+01  1.00000e+00
 1.69100e+01  1.00000e+00
 1.69200e+01  1.00000e+00
 1.69300e+01  1.00000e+00
 1.69400e+01  1.00000e+00
 1.69500e+01  1.00000e+00
 1.69600e+01  1.00000e+00
 1.69700e+01  1.00000e+00
 1.69800e+01  1.00000e+00
 1.69900e+01  1.00000e+00
 1.70000e+01  1.00000e+00
 1.70100e+01  1.00000e+00
 1.70200e+01  1.00000e+00
 1.70300e+01  1.00000e+00
 1.70400e+01  1.00000e+00
 1.70500e+01  1.00000e+00
 1.70600e+01  1.00000e+00
 1.70700e+01  1.00000e+00
 1.70800e+01  1.00000e+00
 1.70900e+01  1.00000e+00
 1.71000e+01  1.00000e+00
 1.71100e+01  1.00000e+00
 1.71200e+01  1.00000e+00
 1.71300e+01  1.00000e+00
 1.71400e+01  1.00000e+00
 1.71500e+01  1.00000e+00
 1.71600e+01  1.00000e+00
 1.71700e+01  1.00000e+00
 1.71800e+01  1.00000e+00
 1.71900e+01  1.00000e+00
 1.72000e+01  1.00000e+00
 1.72100e+01  1.00000e+00
 1.72200e+01  1.00000e+00
 1.72300e+01  1.00000e+00
 1.72400e+01  1.00000e+00
 1.72500e+01  1.00000e+00
 1.72600e+01  1.00000e+00
 1.72700e+01  1.00000e+00
 1.72800e+01  1.00000e+00
 1.72900e+01  1.00000e+00
 1.73000e+01  1.00000e+00
 1.73100e+01  1.00000e+00
 1.73200e+01  1.00000e+00
 1.73300e+01  1.00000e+00
 1.73400e+01  1.00000e+00
 1.73500e+01  1.00000e+00
 1.73600e+01  1.00000e+00
 1.73700e+01  1.00000e+00
 1.73800e+01  1.00000e+00
 1.73900e+01  1.00000e+00
 1.74000e+01  1.00000e+00
 1.74100e+01  1.00000e+00
 1.74200e+01  1.00000e+00
 1.74300e+01  1.00000e+00
 1.74400e+01  1.00000e+00
 1.74500e+01  1.00000e+00
 1.74600e+01  1.00000e+00
 1.74700e+01  1.00000e+00
 1.74800e+01  1.00000e+00
 1.74900e+01  1.00000e+00
 1.75000e+01  1.00000e+00
 1.75100e+01  1.00000e+00
 1.75200e+01  1.00000e+00
 1.75300e+01  1.00000e+00
 1.75400e+01  1.00000e+00
 1.75500e+01  1.00000e+00
 1.75600e+01  1.00000e+00
 1.75700e+01  1.00000e+00
 1.75800e+01  1.00000e+00
 1.75900e+01  1.00000e+00
 1.76000e+01  1.00000e+00
 1.76100e+01  1.00000e+00
 1.76200e+01  1.00000e+00
 1.76300e+01  1.00000e+00
 1.76400e+01  1.00000e+00
 1.76500e+01  1.00000e+00
 1.76600e+01  1.00000e+00
 1.76700e+01  1.00000e+00
 1.76800e+01  1.00000e+00
 1.76900e+01  1.00000e+00
 1.77000e+01  1.00000e+00
 1.77100e+01  1.00000e+00
 1.77200e+01  1.00000e+00
 1.77300e+01  1.00000e+00
 1.77400e+01  1.00000e+00
 1.77500e+01  1.00000e+00
 1.77600e+01  1.00000e+00
 1.77700e+01  1.00000e+00
 1.77800e+01  1.00000e+00
 1.77900e+01  1.00000e+00
 1.78000e+01  1.00000e+00
 1.78100e+01  1.00000e+00
 1.78200e+01  1.00000e+00
 1.78300e+01  1.00000e+00
 1.78400e+01  1.00000e+00
 1.78500e+01  1.00000e+00
 1.78600e+01  1.00000e+00
 1.78700e+01  1.00000e+00
 1.78800e+01  1.00000e+00
 1.78900e+01  1.00000e+00
 1.79000e+01  1.00000e+00
 1.79100e+01  1.00000e+00
 1.79200e+01  1.00000e+00
 1.79300e+01  1.00000e+00
 1.79400e+01  1.00000e+00
 1.79500e+01  1.00000e+00
 1.79600e+01  1.00000e+00
 1.79700e+01  1.00000e+00
 1.79800e+01  1.00000e+00
 1.79900e+01  1.00000e+00
 1.80000e+01  1.00000e+00
 1.80100e+01  1.00000e+00
 1.80200e+01  1.00000e+00
 1.80300e+01  1.00000e+00
 1.80400e+01  1.00000e+00
 1.80500e+01  1.00000e+00
 1.80600e+01  1.00000e+00
 1.80700e+01  1.00000e+00
 1.80800e+01  1.00000e+00
 1.80900e+01  1.00000e+00
 1.81000e+01  1.00000e+00
 1.81100e+01  1.00000e+00
 1.81200e+01  1.00000e+00
 1.81300e+01  1.00000e+00
 1.81400e+01  1.00000e+00
 1.81500e+01  1.00000e+00
 1.81600e+01  1.00000e+00
 1.81700e+01  1.00000e+00
 1.81800e+01  1.00000e+00
 1.81900e+01  1.00000e+00
 1.82000e+01  1.00000e+00
 1.82100e+01  1.00000e+00
 1.82200e+01  1.00000e+00
 1.82300e+01  1.00000e+00
 1.82400e+01  1.00000e+00
 1.82500e+01  1.00000e+00
 1.82600e+01  1.00000e+00
 1.82700e+01  1.00000e+00
 1.82800e+01  1.00000e+00
 1.82900e+01  1.00000e+00
 1.83000e+01  1.00000e+00
 1.83100e+01  1.00000e+00
 1.83200e+01  1.00000e+00
 1.83300e+01  1.00000e+00
 1.83400e+01  1.00000e+00
 1.83500e+01  1.00000e+00
 1.83600e+01  1.00000e+00
 1.83700e+01  1.00000e+00
 1.83800e+01  1.00000e+00
 1.83900e+01  1.00000e+00
 1.84000e+01  1.00000e+00
 1.84100e+01  1.00000e+00
 1.84200e+01  1.00000e+00
 1.84300e+01  1.00000e+00
 1.84400e+01  1.00000e+00
 1.84500e+01  1.00000e+00
 1.84600e+01  1.00000e+00
 1.84700e+01  1.00000e+00
 1.84800e+01  1.00000e+00
 1.84900e+01  1.00000e+00
 1.85000e+01  1.00000e+00
 1.85100e+01  1.00000e+00
 1.85200e+01  1.00000e+00
 1.85300e+01  1.00000e+00
 1.85400e+01  1.00000e+00
 1.85500e+01  1.00000e+00
 1.85600e+01  1.00000e+00
 1.85700e+01  1.00000e+00
 1.85800e+01  1.00000e+00
 1.85900e+01  1.00000e+00
 1.86000e+01  1.00000e+00
 1.86100e+01  1.00000e+00
 1.86200e+01  1.00000e+00
 1.86300e+01  1.00000e+00
 1.86400e+01  1.00000e+00
 1.86500e+01  1.00000e+00
 1.86600e+01  1.00000e+00
 1.86700e+01  1.00000e+00
 1.86800e+01  1.00000e+00
 1.86900e+01  1.00000e+00
 1.87000e+01  1.00000e+00
 1.87100e+01  1.00000e+00
 1.87200e+01  1.00000e+00
 1.87300e+01  1.00000e+00
 1.87400e+01  1.00000e+00
 1.87500e+01  1.00000e+00
 1.87600e+01  1.00000e+00
 1.87700e+01  1.00000e+00
 1.87800e+01  1.00000e+00
 1.87900e+01  1.00000e+00
 1.88000e+01  1.00000e+00
 1.88100e+01  1.00000e+00
 1.88200e+01  1.00000e+00
 1.88300e+01  1.00000e+00
 1.88400e+01  1.00000e+00
 1.88500e+01  1.00000e+00
 1.88600e+01  1.00000e+00
 1.88700e+01  1.00000e+00
 1.88800e+01  1.00000e+00
 1.88900e+01  1.00000e+00
 1.89000e+01  1.00000e+00
 1.89100e+01  1.00000e+00
 1.89200e+01  1.00000e+00
 1.89300e+01  1.00000e+00
 1.89400e+01  1.00000e+00
 1.89500e+01  1.00000e+00
 1.89600e+01  1.00000e+00
 1.89700e+01  1.00000e+00
 1.89800e+01  1.00000e+00
 1.89900e+01  1.00000e+00
 1.90000e+01  1.00000e+00
 1.90100e+01  1.00000e+00
 1.90200e+01  1.00000e+00
 1.90300e+01  1.00000e+00
 1.90400e+01  1.00000e+00
 1.90500e+01  1.00000e+00
 1.90600e+01  1.00000e+00
 1.90700e+01  1.00000e+00
 1.90800e+01  1.00000e+00
 1.90900e+01  1.00000e+00
 1.91000e+01  1.00000e+00
 1.91100e+01  1.00000e+00
 1.91200e+01  1.00000e+00
 1.91300e+01  1.00000e+00
 1.91400e+01  1.00000e+00
 1.91500e+01  1.00000e+00
 1.91600e+01  1.00000e+00
 1.91700e+01  1.00000e+00
 1.91800e+01  1.00000e+00
 1.91900e+01  1.00000e+00
 1.92000e+01  1.00000e+00
 1.92100e+01  1.00000e+00
 1.92200e+01  1.00000e+00
 1.92300e+01  1.00000e+00
 1.92400e+01  1.00000e+00
 1.92500e+01  1.00000e+00
 1.92600e+01  1.00000e+00
 1.92700e+01  1.00000e+00
 1.92800e+01  1.00000e+00
 1.92900e+01  1.00000e+00
 1.93000e+01  1.00000e+00
 1.93100e+01  1.00000e+00
 1.93200e+01  1.00000e+00
 1.93300e+01  1.00000e+00
 1.93400e+01  1.00000e+00
 1.93500e+01  1.00000e+00
 1.93600e+01  1.00000e+00
 1.93700e+01  1.00000e+00
 1.93800e+01  1.00000e+00
 1.93900e+01  1.00000e+00
 1.94000e+01  1.00000e+00
 1.94100e+01  1.00000e+00
 1.94200e+01  1.00000e+00
 1.94300e+01  1.00000e+00
 1.94400e+01  1.00000e+00
 1.94500e+01  1.00000e+00
 1.94600e+01  1.00000e+00
 1.94700e+01  1.00000e+00
 1.94800e+01  1.00000e+00
 1.94900e+01  1.00000e+00
 1.95000e+01  1.00000e+00
 1.95100e+01  1.00000e+00
 1.95200e+01  1.00000e+00
 1.95300e+01  1.00000e+00
 1.95400e+01  1.00000e+00
 1.95500e+01  1.00000e+00
 1.95600e+01  1.00000e+00
 1.95700e+01  1.00000e+00
 1.95800e+01  1.00000e+00
 1.95900e+01  1.00000e+00
 1.96000e+01  1.00000e+00
 1.96100e+01  1.00000e+00
 1.96200e+01  1.00000e+00
 1.96300e+01  1.00000e+00
 1.96400e+01  1.00000e+00
 1.96500e+01  1.00000e+00
 1.96600e+01  1.00000e+00
 1.96700e+01  1.00000e+00
 1.96800e+01  1.00000e+00
 1.96900e+01  1.00000e+00
 1.97000e+01  1.00000e+00
 1.97100e+01  1.00000e+00
 1.97200e+01  1.00000e+00
 1.97300e+01  1.00000e+00
 1.97400e+01  1.00000e+00
 1.97500e+01  1.00000e+00
 1.97600e+01  1.00000e+00
 1.97700e+01  1.00000e+00
 1.97800e+01  1.00000e+00
 1.97900e+01  1.00000e+00
 1.98000e+01  1.00000e+00
 1.98100e+01  1.00000e+00
 1.98200e+01  1.00000e+00
 1.98300e+01  1.00000e+00
 1.98400e+01  1.00000e+00
 1.98500e+01  1.00000e+00
 1.98600e+01  1.00000e+00
 1.98700e+01  1.00000e+00
 1.98800e+01  1.00000e+00
 1.98900e+01  1.00000e+00
 1.99000e+01  1.00000e+00
 1.99100e+01  1.00000e+00
 1.99200e+01  1.00000e+00
 1.99300e+01  1.00000e+00
 1.99400e+01  1.00000e+00
 1.99500e+01  1.00000e+00
 1.99600e+01  1.00000e+00
 1.99700e+01  1.00000e+00
 1.99800e+01  1.00000e+00
 1.99900e+01  1.00000e+00
 2.00000e+01  1.00000e+00
