r[σ]         g_ii        
 3.69299e-02 -1.00000e+00
 7.38597e-02 -1.00000e+00
 1.10790e-01 -1.00000e+00
 1.47719e-01 -1.00000e+00
 1.84649e-01 -1.00000e+00
 2.21579e-01 -1.00000e+00
 2.58509e-01 -1.00000e+00
 2.95439e-01 -1.00000e+00
 3.32369e-01 -1.00000e+00
 3.69299e-01 -1.00000e+00
 4.06228e-01 -1.00000e+00
 4.43158e-01 -1.00000e+00
 4.80088e-01 -1.00000e+00
 5.17018e-01 -1.00000e+00
 5.53948e-01 -1.00000e+00
 5.90878e-01 -1.00000e+00
 6.27808e-01 -1.00000e+00
 6.64738e-01 -1.00000e+00
 7.01667e-01 -1.00000e+00
 7.38597e-01 -1.00000e+00
 7.75527e-01 -1.00000e+00
 8.12457e-01 -1.00000e+00
 8.49387e-01 -1.00000e+00
 8.86317e-01 -9.99743e-01
 9.23247e-01 -9.71874e-01
 9.60176e-01 -6.72464e-01
 9.97106e-01  1.21862e-01
 1.03404e+00  9.64157e-01
 1.07097e+00  1.38489e+00
 1.10790e+00  1.38200e+00
 1.14483e+00  1.15542e+00
 1.18176e+00  8.66953e-01
 1.21869e+00  5.97272e-01
 1.25562e+00  3.73874e-01
 1.29255e+00  1.99457e-01
 1.32948e+00  6.78123e-02
 1.36640e+00 -2.91471e-02
 1.40333e+00 -9.88083e-02
 1.44026e+00 -1.47182e-01
 1.47719e+00 -1.78928e-01
 1.51412e+00 -1.97590e-01
 1.55105e+00 -2.05841e-01
 1.58798e+00 -2.05705e-01
 1.62491e+00 -1.98721e-01
 1.66184e+00 -1.86064e-01
 1.69877e+00 -1.68641e-01
 1.73570e+00 -1.47153e-01
 1.77263e+00 -1.22148e-01
 1.80956e+00 -9.40500e-02
 1.84649e+00 -6.31934e-02
 1.88342e+00 -2.98513e-02
 1.92035e+00  5.62030e-03
 1.95728e+00  4.22826e-02
 1.99421e+00  7.78174e-02
 2.03114e+00  1.08352e-01
 2.06807e+00  1.29649e-01
 2.10500e+00  1.38910e-01
 2.14193e+00  1.35810e-01
 2.17886e+00  1.22269e-01
 2.21579e+00  1.01475e-01
 2.25272e+00  7.68518e-02
 2.28965e+00  5.13739e-02
 2.32658e+00  2.72685e-02
 2.36351e+00  5.99103e-03
 2.40044e+00 -1.16565e-02
 2.43737e+00 -2.53653e-02
 2.47430e+00 -3.51668e-02
 2.51123e+00 -4.13102e-02
 2.54816e+00 -4.41709e-02
 2.58509e+00 -4.41888e-02
 2.62202e+00 -4.18268e-02
 2.65895e+00 -3.75462e-02
 2.69588e+00 -3.17917e-02
 2.73281e+00 -2.49841e-02
 2.76974e+00 -1.75175e-02
 2.80667e+00 -9.75871e-03
 2.84360e+00 -2.04882e-03
 2.88053e+00  5.29475e-03
 2.91746e+00  1.19762e-02
 2.95439e+00  1.77217e-02
 2.99132e+00  2.22855e-02
 3.02825e+00  2.54657e-02
 3.06518e+00  2.71293e-02
 3.10211e+00  2.72394e-02
 3.13904e+00  2.58734e-02
 3.17597e+00  2.32231e-02
 3.21290e+00  1.95735e-02
 3.24983e+00  1.52676e-02
 3.28676e+00  1.06647e-02
 3.32369e+00  6.10302e-03
 3.36062e+00  1.87117e-03
 3.39755e+00 -1.80843e-03
 3.43448e+00 -4.78551e-03
 3.47141e+00 -6.97938e-03
 3.50834e+00 -8.37100e-03
 3.54527e+00 -8.99207e-03
 3.58220e+00 -8.91318e-03
 3.61913e+00 -8.23238e-03
 3.65606e+00 -7.06489e-03
 3.69299e+00 -5.53431e-03
 3.72992e+00 -3.76548e-03
 3.76685e+00 -1.87871e-03
 3.80378e+00  1.45959e-05
 3.84071e+00  1.81525e-03
 3.87764e+00  3.43871e-03
 3.91457e+00  4.81684e-03
 3.95150e+00  5.89906e-03
 3.98843e+00  6.65311e-03
 4.02535e+00  7.06532e-03
 4.06228e+00  7.14047e-03
 4.09921e+00  6.90085e-03
 4.13614e+00  6.38456e-03
 4.17307e+00  5.64279e-03
 4.21000e+00  4.73618e-03
 4.24693e+00  3.73050e-03
 4.28386e+00  2.69204e-03
 4.32079e+00  1.68312e-03
 4.35772e+00  7.58272e-04
 4.39465e+00 -3.86320e-05
 4.43158e+00 -6.76154e-04
 4.46851e+00 -1.13592e-03
 4.50544e+00 -1.41221e-03
 4.54237e+00 -1.51075e-03
 4.57930e+00 -1.44691e-03
 4.61623e+00 -1.24355e-03
 4.65316e+00 -9.28711e-04
 4.69009e+00 -5.33384e-04
 4.72702e+00 -8.94283e-05
 4.76395e+00  3.72261e-04
 4.80088e+00  8.23269e-04
 4.83781e+00  1.23885e-03
 4.87474e+00  1.59877e-03
 4.91167e+00  1.88788e-03
 4.94860e+00  2.09631e-03
 4.98553e+00  2.21946e-03
 5.02246e+00  2.25774e-03
 5.05939e+00  2.21611e-03
 5.09632e+00  2.10337e-03
 5.13325e+00  1.93142e-03
 5.17018e+00  1.71438e-03
 5.20711e+00  1.46758e-03
 5.24404e+00  1.20667e-03
 5.28097e+00  9.46690e-04
 5.31790e+00  7.01251e-04
 5.35483e+00  4.81899e-04
 5.39176e+00  2.97615e-04
 5.42869e+00  1.54532e-04
 5.46562e+00  5.58448e-05
 5.50255e+00  1.91278e-06
 5.53948e+00 -9.47777e-06
 5.57641e+00  1.72778e-05
 5.61334e+00  7.60830e-05
 5.65027e+00  1.59668e-04
 5.68720e+00  2.60127e-04
 5.72413e+00  3.69434e-04
 5.76106e+00  4.79903e-04
 5.79799e+00  5.84585e-04
 5.83492e+00  6.77567e-04
 5.87185e+00  7.54196e-04
 5.90878e+00  8.11201e-04
 5.94571e+00  8.46728e-04
 5.98264e+00  8.60304e-04
 6.01957e+00  8.52720e-04
 6.05650e+00  8.25869e-04
 6.09343e+00  7.82533e-04
 6.13036e+00  7.26152e-04
 6.16729e+00  6.60568e-04
 6.20422e+00  5.89783e-04
 6.24115e+00  5.17719e-04
 6.27808e+00  4.48011e-04
 6.31501e+00  3.83832e-04
 6.35194e+00  3.27756e-04
 6.38887e+00  2.81673e-04
 6.42580e+00  2.46741e-04
 6.46273e+00  2.23397e-04
 6.49966e+00  2.11391e-04
 6.53659e+00  2.09874e-04
 6.57352e+00  2.17497e-04
 6.61045e+00  2.32537e-04
 6.64738e+00  2.53032e-04
 6.68430e+00  2.76913e-04
 6.72123e+00  3.02128e-04
 6.75816e+00  3.26762e-04
 6.79509e+00  3.49125e-04
 6.83202e+00  3.67824e-04
 6.86895e+00  3.81816e-04
 6.90588e+00  3.90428e-04
 6.94281e+00  3.93359e-04
 6.97974e+00  3.90658e-04
 7.01667e+00  3.82693e-04
 7.05360e+00  3.70094e-04
 7.09053e+00  3.53694e-04
 7.12746e+00  3.34465e-04
 7.16439e+00  3.13452e-04
 7.20132e+00  2.91703e-04
 7.23825e+00  2.70215e-04
 7.27518e+00  2.49883e-04
 7.31211e+00  2.31457e-04
 7.34904e+00  2.15516e-04
 7.38597e+00  2.02453e-04
 7.42290e+00  1.92467e-04
 7.45983e+00  1.85574e-04
 7.49676e+00  1.81618e-04
 7.53369e+00  1.80302e-04
 7.57062e+00  1.81212e-04
 7.60755e+00  1.83856e-04
 7.64448e+00  1.87695e-04
 7.68141e+00  1.92179e-04
 7.71834e+00  1.96779e-04
 7.75527e+00  2.01015e-04
 7.79220e+00  2.04476e-04
 7.82913e+00  2.06838e-04
 7.86606e+00  2.07873e-04
 7.90299e+00  2.07453e-04
 7.93992e+00  2.05547e-04
 7.97685e+00  2.02215e-04
 8.01378e+00  1.97591e-04
 8.05071e+00  1.91877e-04
 8.08764e+00  1.85316e-04
 8.12457e+00  1.78181e-04
 8.16150e+00  1.70755e-04
 8.19843e+00  1.63312e-04
 8.23536e+00  1.56106e-04
 8.27229e+00  1.49358e-04
 8.30922e+00  1.43243e-04
 8.34615e+00  1.37889e-04
 8.38308e+00  1.33375e-04
 8.42001e+00  1.29724e-04
 8.45694e+00  1.26915e-04
 8.49387e+00  1.24885e-04
 8.53080e+00  1.23534e-04
 8.56773e+00  1.22738e-04
 8.60466e+00  1.22355e-04
 8.64159e+00  1.22238e-04
 8.67852e+00  1.22240e-04
 8.71545e+00  1.22223e-04
 8.75238e+00  1.22066e-04
 8.78931e+00  1.21671e-04
 8.82624e+00  1.20963e-04
 8.86317e+00  1.19895e-04
 8.90010e+00  1.18445e-04
 8.93703e+00  1.16619e-04
 8.97396e+00  1.14443e-04
 9.01089e+00  1.11965e-04
 9.04782e+00  1.09244e-04
 9.08475e+00  1.06353e-04
 9.12168e+00  1.03366e-04
 9.15861e+00  1.00360e-04
 9.19554e+00  9.74060e-05
 9.23247e+00  9.45689e-05
 9.26940e+00  9.19017e-05
 9.30633e+00  8.94453e-05
 9.34326e+00  8.72266e-05
 9.38018e+00  8.52585e-05
 9.41711e+00  8.35405e-05
 9.45404e+00  8.20598e-05
 9.49097e+00  8.07930e-05
 9.52790e+00  7.97089e-05
 9.56483e+00  7.87703e-05
 9.60176e+00  7.79368e-05
 9.63869e+00  7.71676e-05
 9.67562e+00  7.64234e-05
 9.71255e+00  7.56687e-05
 9.74948e+00  7.48732e-05
 9.78641e+00  7.40130e-05
 9.82334e+00  7.30715e-05
 9.86027e+00  7.20395e-05
 9.89720e+00  7.09149e-05
 9.93413e+00  6.97021e-05
 9.97106e+00  6.84116e-05
 1.00080e+01  6.70582e-05
 1.00449e+01  6.56601e-05
 1.00819e+01  6.42375e-05
 1.01188e+01  6.28112e-05
 1.01557e+01  6.14015e-05
 1.01926e+01  6.00267e-05
 1.02296e+01  5.87030e-05
 1.02665e+01  5.74429e-05
 1.03034e+01  5.62554e-05
 1.03404e+01  5.51457e-05
 1.03773e+01  5.41151e-05
 1.04142e+01  5.31613e-05
 1.04512e+01  5.22790e-05
 1.04881e+01  5.14602e-05
 1.05250e+01  5.06951e-05
 1.05619e+01  4.99728e-05
 1.05989e+01  4.92818e-05
 1.06358e+01  4.86107e-05
 1.06727e+01  4.79490e-05
 1.07097e+01  4.72876e-05
 1.07466e+01  4.66188e-05
 1.07835e+01  4.59369e-05
 1.08204e+01  4.52384e-05
 1.08574e+01  4.45215e-05
 1.08943e+01  4.37868e-05
 1.09312e+01  4.30361e-05
 1.09682e+01  4.22730e-05
 1.10051e+01  4.15020e-05
 1.10420e+01  4.07284e-05
 1.10790e+01  3.99578e-05
 1.11159e+01  3.91958e-05
 1.11528e+01  3.84478e-05
 1.11897e+01  3.77183e-05
 1.12267e+01  3.70113e-05
 1.12636e+01  3.63295e-05
 1.13005e+01  3.56748e-05
 1.13375e+01  3.50479e-05
 1.13744e+01  3.44485e-05
 1.14113e+01  3.38754e-05
 1.14483e+01  3.33265e-05
 1.14852e+01  3.27993e-05
 1.15221e+01  3.22907e-05
 1.15590e+01  3.17974e-05
 1.15960e+01  3.13161e-05
 1.16329e+01  3.08438e-05
 1.16698e+01  3.03775e-05
 1.17068e+01  2.99148e-05
 1.17437e+01  2.94538e-05
 1.17806e+01  2.89932e-05
 1.18176e+01  2.85322e-05
 1.18545e+01  2.80705e-05
 1.18914e+01  2.76085e-05
 1.19283e+01  2.71468e-05
 1.19653e+01  2.66866e-05
 1.20022e+01  2.62291e-05
 1.20391e+01  2.57758e-05
 1.20761e+01  2.53283e-05
 1.21130e+01  2.48880e-05
 1.21499e+01  2.44562e-05
 1.21869e+01  2.40340e-05
 1.22238e+01  2.36224e-05
 1.22607e+01  2.32218e-05
 1.22976e+01  2.28325e-05
 1.23346e+01  2.24546e-05
 1.23715e+01  2.20878e-05
 1.24084e+01  2.17314e-05
 1.24454e+01  2.13848e-05
 1.24823e+01  2.10471e-05
 1.25192e+01  2.07173e-05
 1.25562e+01  2.03945e-05
 1.25931e+01  2.00777e-05
 1.26300e+01  1.97660e-05
 1.26669e+01  1.94586e-05
 1.27039e+01  1.91548e-05
 1.27408e+01  1.88542e-05
 1.27777e+01  1.85564e-05
 1.28147e+01  1.82613e-05
 1.28516e+01  1.79687e-05
 1.28885e+01  1.76788e-05
 1.29255e+01  1.73918e-05
 1.29624e+01  1.71080e-05
 1.29993e+01  1.68278e-05
 1.30362e+01  1.65515e-05
 1.30732e+01  1.62796e-05
 1.31101e+01  1.60123e-05
 1.31470e+01  1.57500e-05
 1.31840e+01  1.54929e-05
 1.32209e+01  1.52412e-05
 1.32578e+01  1.49949e-05
 1.32948e+01  1.47541e-05
 1.33317e+01  1.45185e-05
 1.33686e+01  1.42882e-05
 1.34055e+01  1.40629e-05
 1.34425e+01  1.38422e-05
 1.34794e+01  1.36259e-05
 1.35163e+01  1.34138e-05
 1.35533e+01  1.32054e-05
 1.35902e+01  1.30005e-05
 1.36271e+01  1.27988e-05
 1.36640e+01  1.26000e-05
 1.37010e+01  1.24041e-05
 1.37379e+01  1.22108e-05
 1.37748e+01  1.20200e-05
 1.38118e+01  1.18316e-05
 1.38487e+01  1.16458e-05
 1.38856e+01  1.14624e-05
 1.39226e+01  1.12815e-05
 1.39595e+01  1.11032e-05
 1.39964e+01  1.09276e-05
 1.40333e+01  1.07547e-05
 1.40703e+01  1.05846e-05
 1.41072e+01  1.04174e-05
 1.41441e+01  1.02532e-05
 1.41811e+01  1.00919e-05
 1.42180e+01  9.93364e-06
 1.42549e+01  9.77831e-06
 1.42919e+01  9.62589e-06
 1.43288e+01  9.47634e-06
 1.43657e+01  9.32956e-06
 1.44026e+01  9.18548e-06
 1.44396e+01  9.04397e-06
 1.44765e+01  8.90495e-06
 1.45134e+01  8.76829e-06
 1.45504e+01  8.63389e-06
 1.45873e+01  8.50164e-06
 1.46242e+01  8.37146e-06
 1.46612e+01  8.24325e-06
 1.46981e+01  8.11697e-06
 1.47350e+01  7.99254e-06
 1.47719e+01  7.86994e-06
 1.48089e+01  7.74912e-06
 1.48458e+01  7.63009e-06
 1.48827e+01  7.51281e-06
 1.49197e+01  7.39731e-06
 1.49566e+01  7.28357e-06
 1.49935e+01  7.17162e-06
 1.50305e+01  7.06144e-06
 1.50674e+01  6.95305e-06
 1.51043e+01  6.84645e-06
 1.51412e+01  6.74163e-06
 1.51782e+01  6.63858e-06
 1.52151e+01  6.53728e-06
 1.52520e+01  6.43772e-06
 1.52890e+01  6.33986e-06
 1.53259e+01  6.24366e-06
 1.53628e+01  6.14910e-06
 1.53998e+01  6.05612e-06
 1.54367e+01  5.96468e-06
 1.54736e+01  5.87474e-06
 1.55105e+01  5.78624e-06
 1.55475e+01  5.69916e-06
 1.55844e+01  5.61345e-06
 1.56213e+01  5.52906e-06
 1.56583e+01  5.44598e-06
 1.56952e+01  5.36416e-06
 1.57321e+01  5.28359e-06
 1.57691e+01  5.20424e-06
 1.58060e+01  5.12609e-06
 1.58429e+01  5.04913e-06
 1.58798e+01  4.97335e-06
 1.59168e+01  4.89873e-06
 1.59537e+01  4.82528e-06
 1.59906e+01  4.75297e-06
 1.60276e+01  4.68180e-06
 1.60645e+01  4.61176e-06
 1.61014e+01  4.54284e-06
 1.61383e+01  4.47503e-06
 1.61753e+01  4.40832e-06
 1.62122e+01  4.34268e-06
 1.62491e+01  4.27810e-06
 1.62861e+01  4.21457e-06
 1.63230e+01  4.15206e-06
 1.63599e+01  4.09055e-06
 1.63969e+01  4.03002e-06
 1.64338e+01  3.97045e-06
 1.64707e+01  3.91182e-06
 1.65076e+01  3.85411e-06
 1.65446e+01  3.79729e-06
 1.65815e+01  3.74135e-06
 1.66184e+01  3.68628e-06
 1.66554e+01  3.63204e-06
 1.66923e+01  3.57864e-06
 1.67292e+01  3.52604e-06
 1.67662e+01  3.47425e-06
 1.68031e+01  3.42325e-06
 1.68400e+01  3.37303e-06
 1.68769e+01  3.32357e-06
 1.69139e+01  3.27487e-06
 1.69508e+01  3.22693e-06
 1.69877e+01  3.17972e-06
 1.70247e+01  3.13324e-06
 1.70616e+01  3.08748e-06
 1.70985e+01  3.04244e-06
 1.71355e+01  2.99810e-06
 1.71724e+01  2.95444e-06
 1.72093e+01  2.91147e-06
 1.72462e+01  2.86917e-06
 1.72832e+01  2.82753e-06
 1.73201e+01  2.78653e-06
 1.73570e+01  2.74617e-06
 1.73940e+01  2.70643e-06
 1.74309e+01  2.66730e-06
 1.74678e+01  2.62877e-06
 1.75048e+01  2.59083e-06
 1.75417e+01  2.55347e-06
 1.75786e+01  2.51668e-06
 1.76155e+01  2.48045e-06
 1.76525e+01  2.44476e-06
 1.76894e+01  2.40961e-06
 1.77263e+01  2.37500e-06
 1.77633e+01  2.34090e-06
 1.78002e+01  2.30732e-06
 1.78371e+01  2.27425e-06
 1.78741e+01  2.24167e-06
 1.79110e+01  2.20959e-06
 1.79479e+01  2.17800e-06
 1.79848e+01  2.14688e-06
 1.80218e+01  2.11623e-06
 1.80587e+01  2.08605e-06
 1.80956e+01  2.05633e-06
 1.81326e+01  2.02706e-06
 1.81695e+01  1.99823e-06
 1.82064e+01  1.96984e-06
 1.82434e+01  1.94188e-06
 1.82803e+01  1.91434e-06
 1.83172e+01  1.88722e-06
 1.83541e+01  1.86051e-06
 1.83911e+01  1.83420e-06
 1.84280e+01  1.80829e-06
 1.84649e+01  1.78276e-06
 1.85019e+01  1.75762e-06
 1.85388e+01  1.73285e-06
 1.85757e+01  1.70845e-06
 1.86127e+01  1.68442e-06
 1.86496e+01  1.66074e-06
 1.86865e+01  1.63742e-06
 1.87234e+01  1.61444e-06
 1.87604e+01  1.59180e-06
 1.87973e+01  1.56950e-06
 1.88342e+01  1.54753e-06
 1.88712e+01  1.52589e-06
 1.89081e+01  1.50457e-06
 1.89450e+01  1.48356e-06
 1.89819e+01  1.46287e-06
 1.90189e+01  1.44248e-06
 1.90558e+01  1.42240e-06
 1.90927e+01  1.40261e-06
 1.91297e+01  1.38312e-06
 1.91666e+01  1.36392e-06
 1.92035e+01  1.34500e-06
 1.92405e+01  1.32636e-06
 1.92774e+01  1.30800e-06
 1.93143e+01  1.28990e-06
 1.93512e+01  1.27208e-06
 1.93882e+01  1.25452e-06
 1.94251e+01  1.23721e-06
 1.94620e+01  1.22016e-06
 1.94990e+01  1.20336e-06
 1.95359e+01  1.18681e-06
 1.95728e+01  1.17049e-06
 1.96098e+01  1.15442e-06
 1.96467e+01  1.13858e-06
 1.96836e+01  1.12298e-06
 1.97205e+01  1.10760e-06
 1.97575e+01  1.09244e-06
 1.97944e+01  1.07751e-06
 1.98313e+01  1.06279e-06
 1.98683e+01  1.04829e-06
 1.99052e+01  1.03400e-06
 1.99421e+01  1.01992e-06
 1.99791e+01  1.00604e-06
 2.00160e+01  9.92360e-07
 2.00529e+01  9.78882e-07
 2.00898e+01  9.65600e-07
 2.01268e+01  9.52511e-07
 2.01637e+01  9.39611e-07
 2.02006e+01  9.26898e-07
 2.02376e+01  9.14369e-07
 2.02745e+01  9.02022e-07
 2.03114e+01  8.89852e-07
 2.03484e+01  8.77859e-07
 2.03853e+01  8.66038e-07
 2.04222e+01  8.54388e-07
 2.04591e+01  8.42905e-07
 2.04961e+01  8.31587e-07
 2.05330e+01  8.20432e-07
 2.05699e+01  8.09437e-07
 2.06069e+01  7.98600e-07
 2.06438e+01  7.87918e-07
 2.06807e+01  7.77389e-07
 2.07177e+01  7.67010e-07
 2.07546e+01  7.56780e-07
 2.07915e+01  7.46696e-07
 2.08284e+01  7.36756e-07
 2.08654e+01  7.26958e-07
 2.09023e+01  7.17299e-07
 2.09392e+01  7.07778e-07
 2.09762e+01  6.98393e-07
 2.10131e+01  6.89141e-07
 2.10500e+01  6.80022e-07
 2.10870e+01  6.71031e-07
 2.11239e+01  6.62168e-07
 2.11608e+01  6.53431e-07
 2.11977e+01  6.44818e-07
 2.12347e+01  6.36327e-07
 2.12716e+01  6.27956e-07
 2.13085e+01  6.19703e-07
 2.13455e+01  6.11567e-07
 2.13824e+01  6.03546e-07
 2.14193e+01  5.95638e-07
 2.14562e+01  5.87841e-07
 2.14932e+01  5.80155e-07
 2.15301e+01  5.72576e-07
 2.15670e+01  5.65104e-07
 2.16040e+01  5.57737e-07
 2.16409e+01  5.50473e-07
 2.16778e+01  5.43311e-07
 2.17148e+01  5.36249e-07
 2.17517e+01  5.29287e-07
 2.17886e+01  5.22421e-07
 2.18255e+01  5.15652e-07
 2.18625e+01  5.08977e-07
 2.18994e+01  5.02396e-07
 2.19363e+01  4.95906e-07
 2.19733e+01  4.89507e-07
 2.20102e+01  4.83197e-07
 2.20471e+01  4.76974e-07
 2.20841e+01  4.70838e-07
 2.21210e+01  4.64788e-07
 2.21579e+01  4.58821e-07
 2.21948e+01  4.52938e-07
 2.22318e+01  4.47135e-07
 2.22687e+01  4.41414e-07
 2.23056e+01  4.35771e-07
 2.23426e+01  4.30206e-07
 2.23795e+01  4.24719e-07
 2.24164e+01  4.19306e-07
 2.24534e+01  4.13969e-07
 2.24903e+01  4.08705e-07
 2.25272e+01  4.03514e-07
 2.25641e+01  3.98394e-07
 2.26011e+01  3.93345e-07
 2.26380e+01  3.88364e-07
 2.26749e+01  3.83452e-07
 2.27119e+01  3.78608e-07
 2.27488e+01  3.73830e-07
 2.27857e+01  3.69117e-07
 2.28227e+01  3.64469e-07
 2.28596e+01  3.59884e-07
 2.28965e+01  3.55362e-07
 2.29334e+01  3.50902e-07
 2.29704e+01  3.46502e-07
 2.30073e+01  3.42162e-07
 2.30442e+01  3.37882e-07
 2.30812e+01  3.33659e-07
 2.31181e+01  3.29495e-07
 2.31550e+01  3.25386e-07
 2.31920e+01  3.21334e-07
 2.32289e+01  3.17336e-07
 2.32658e+01  3.13392e-07
 2.33027e+01  3.09502e-07
 2.33397e+01  3.05665e-07
 2.33766e+01  3.01879e-07
 2.34135e+01  2.98144e-07
 2.34505e+01  2.94460e-07
 2.34874e+01  2.90825e-07
 2.35243e+01  2.87240e-07
 2.35613e+01  2.83702e-07
 2.35982e+01  2.80212e-07
 2.36351e+01  2.76769e-07
 2.36720e+01  2.73372e-07
 2.37090e+01  2.70021e-07
 2.37459e+01  2.66715e-07
 2.37828e+01  2.63453e-07
 2.38198e+01  2.60234e-07
 2.38567e+01  2.57059e-07
 2.38936e+01  2.53926e-07
 2.39306e+01  2.50834e-07
 2.39675e+01  2.47784e-07
 2.40044e+01  2.44775e-07
 2.40413e+01  2.41805e-07
 2.40783e+01  2.38876e-07
 2.41152e+01  2.35984e-07
 2.41521e+01  2.33132e-07
 2.41891e+01  2.30317e-07
 2.42260e+01  2.27539e-07
 2.42629e+01  2.24799e-07
 2.42998e+01  2.22094e-07
 2.43368e+01  2.19425e-07
 2.43737e+01  2.16792e-07
 2.44106e+01  2.14193e-07
 2.44476e+01  2.11629e-07
 2.44845e+01  2.09098e-07
 2.45214e+01  2.06600e-07
 2.45584e+01  2.04135e-07
 2.45953e+01  2.01703e-07
 2.46322e+01  1.99303e-07
 2.46691e+01  1.96934e-07
 2.47061e+01  1.94596e-07
 2.47430e+01  1.92289e-07
 2.47799e+01  1.90012e-07
 2.48169e+01  1.87764e-07
 2.48538e+01  1.85546e-07
 2.48907e+01  1.83357e-07
 2.49277e+01  1.81197e-07
 2.49646e+01  1.79064e-07
 2.50015e+01  1.76960e-07
 2.50384e+01  1.74882e-07
 2.50754e+01  1.72832e-07
 2.51123e+01  1.70808e-07
 2.51492e+01  1.68811e-07
 2.51862e+01  1.66839e-07
 2.52231e+01  1.64893e-07
 2.52600e+01  1.62972e-07
 2.52970e+01  1.61076e-07
 2.53339e+01  1.59204e-07
 2.53708e+01  1.57356e-07
 2.54077e+01  1.55533e-07
 2.54447e+01  1.53732e-07
 2.54816e+01  1.51955e-07
 2.55185e+01  1.50201e-07
 2.55555e+01  1.48469e-07
 2.55924e+01  1.46759e-07
 2.56293e+01  1.45072e-07
 2.56663e+01  1.43405e-07
 2.57032e+01  1.41761e-07
 2.57401e+01  1.40137e-07
 2.57770e+01  1.38534e-07
 2.58140e+01  1.36951e-07
 2.58509e+01  1.35389e-07
 2.58878e+01  1.33846e-07
 2.59248e+01  1.32323e-07
 2.59617e+01  1.30820e-07
 2.59986e+01  1.29335e-07
 2.60356e+01  1.27870e-07
 2.60725e+01  1.26423e-07
 2.61094e+01  1.24994e-07
 2.61463e+01  1.23583e-07
 2.61833e+01  1.22190e-07
 2.62202e+01  1.20815e-07
 2.62571e+01  1.19457e-07
 2.62941e+01  1.18116e-07
 2.63310e+01  1.16792e-07
 2.63679e+01  1.15485e-07
 2.64049e+01  1.14194e-07
 2.64418e+01  1.12920e-07
 2.64787e+01  1.11661e-07
 2.65156e+01  1.10419e-07
 2.65526e+01  1.09191e-07
 2.65895e+01  1.07979e-07
 2.66264e+01  1.06783e-07
 2.66634e+01  1.05601e-07
 2.67003e+01  1.04434e-07
 2.67372e+01  1.03281e-07
 2.67741e+01  1.02143e-07
 2.68111e+01  1.01019e-07
 2.68480e+01  9.99094e-08
 2.68849e+01  9.88133e-08
 2.69219e+01  9.77307e-08
 2.69588e+01  9.66616e-08
 2.69957e+01  9.56057e-08
 2.70327e+01  9.45629e-08
 2.70696e+01  9.35330e-08
 2.71065e+01  9.25159e-08
 2.71434e+01  9.15112e-08
 2.71804e+01  9.05190e-08
 2.72173e+01  8.95390e-08
 2.72542e+01  8.85711e-08
 2.72912e+01  8.76150e-08
 2.73281e+01  8.66708e-08
 2.73650e+01  8.57381e-08
 2.74020e+01  8.48169e-08
 2.74389e+01  8.39070e-08
 2.74758e+01  8.30082e-08
 2.75127e+01  8.21204e-08
 2.75497e+01  8.12435e-08
 2.75866e+01  8.03773e-08
 2.76235e+01  7.95217e-08
 2.76605e+01  7.86764e-08
 2.76974e+01  7.78416e-08
 2.77343e+01  7.70168e-08
 2.77713e+01  7.62022e-08
 2.78082e+01  7.53973e-08
 2.78451e+01  7.46023e-08
 2.78820e+01  7.38169e-08
 2.79190e+01  7.30411e-08
 2.79559e+01  7.22746e-08
 2.79928e+01  7.15175e-08
 2.80298e+01  7.07694e-08
 2.80667e+01  7.00305e-08
 2.81036e+01  6.93003e-08
 2.81406e+01  6.85791e-08
 2.81775e+01  6.78665e-08
 2.82144e+01  6.71626e-08
 2.82513e+01  6.64670e-08
 2.82883e+01  6.57799e-08
 2.83252e+01  6.51010e-08
 2.83621e+01  6.44303e-08
 2.83991e+01  6.37675e-08
 2.84360e+01  6.31128e-08
 2.84729e+01  6.24658e-08
 2.85099e+01  6.18267e-08
 2.85468e+01  6.11951e-08
 2.85837e+01  6.05711e-08
 2.86206e+01  5.99545e-08
 2.86576e+01  5.93454e-08
 2.86945e+01  5.87434e-08
 2.87314e+01  5.81487e-08
 2.87684e+01  5.75609e-08
 2.88053e+01  5.69803e-08
 2.88422e+01  5.64064e-08
 2.88792e+01  5.58394e-08
 2.89161e+01  5.52791e-08
 2.89530e+01  5.47256e-08
 2.89899e+01  5.41784e-08
 2.90269e+01  5.36379e-08
 2.90638e+01  5.31036e-08
 2.91007e+01  5.25758e-08
 2.91377e+01  5.20541e-08
 2.91746e+01  5.15387e-08
 2.92115e+01  5.10292e-08
 2.92485e+01  5.05259e-08
 2.92854e+01  5.00284e-08
 2.93223e+01  4.95368e-08
 2.93592e+01  4.90509e-08
 2.93962e+01  4.85709e-08
 2.94331e+01  4.80964e-08
 2.94700e+01  4.76275e-08
 2.95070e+01  4.71641e-08
 2.95439e+01  4.67062e-08
 2.95808e+01  4.62535e-08
 2.96177e+01  4.58063e-08
 2.96547e+01  4.53642e-08
 2.96916e+01  4.49274e-08
 2.97285e+01  4.44956e-08
 2.97655e+01  4.40689e-08
 2.98024e+01  4.36471e-08
 2.98393e+01  4.32304e-08
 2.98763e+01  4.28184e-08
 2.99132e+01  4.24113e-08
 2.99501e+01  4.20088e-08
 2.99870e+01  4.16112e-08
 3.00240e+01  4.12181e-08
 3.00609e+01  4.08296e-08
 3.00978e+01  4.04456e-08
 3.01348e+01  4.00662e-08
 3.01717e+01  3.96911e-08
 3.02086e+01  3.93204e-08
 3.02456e+01  3.89540e-08
 3.02825e+01  3.85919e-08
 3.03194e+01  3.82339e-08
 3.03563e+01  3.78802e-08
 3.03933e+01  3.75305e-08
 3.04302e+01  3.71849e-08
 3.04671e+01  3.68433e-08
 3.05041e+01  3.65057e-08
 3.05410e+01  3.61720e-08
 3.05779e+01  3.58422e-08
 3.06149e+01  3.55161e-08
 3.06518e+01  3.51939e-08
 3.06887e+01  3.48754e-08
 3.07256e+01  3.45606e-08
 3.07626e+01  3.42494e-08
 3.07995e+01  3.39418e-08
 3.08364e+01  3.36378e-08
 3.08734e+01  3.33373e-08
 3.09103e+01  3.30403e-08
 3.09472e+01  3.27468e-08
 3.09842e+01  3.24566e-08
 3.10211e+01  3.21698e-08
 3.10580e+01  3.18863e-08
 3.10949e+01  3.16062e-08
 3.11319e+01  3.13293e-08
 3.11688e+01  3.10556e-08
 3.12057e+01  3.07851e-08
 3.12427e+01  3.05177e-08
 3.12796e+01  3.02534e-08
 3.13165e+01  2.99923e-08
 3.13535e+01  2.97341e-08
 3.13904e+01  2.94790e-08
 3.14273e+01  2.92268e-08
 3.14642e+01  2.89776e-08
 3.15012e+01  2.87312e-08
 3.15381e+01  2.84878e-08
 3.15750e+01  2.82471e-08
 3.16120e+01  2.80093e-08
 3.16489e+01  2.77742e-08
 3.16858e+01  2.75418e-08
 3.17228e+01  2.73121e-08
 3.17597e+01  2.70852e-08
 3.17966e+01  2.68608e-08
 3.18335e+01  2.66392e-08
 3.18705e+01  2.64200e-08
 3.19074e+01  2.62035e-08
 3.19443e+01  2.59895e-08
 3.19813e+01  2.57780e-08
 3.20182e+01  2.55690e-08
 3.20551e+01  2.53625e-08
 3.20920e+01  2.51585e-08
 3.21290e+01  2.49569e-08
 3.21659e+01  2.47576e-08
 3.22028e+01  2.45608e-08
 3.22398e+01  2.43663e-08
 3.22767e+01  2.41742e-08
 3.23136e+01  2.39843e-08
 3.23506e+01  2.37967e-08
 3.23875e+01  2.36113e-08
 3.24244e+01  2.34282e-08
 3.24613e+01  2.32472e-08
 3.24983e+01  2.30684e-08
 3.25352e+01  2.28917e-08
 3.25721e+01  2.27171e-08
 3.26091e+01  2.25446e-08
 3.26460e+01  2.23741e-08
 3.26829e+01  2.22057e-08
 3.27199e+01  2.20393e-08
 3.27568e+01  2.18748e-08
 3.27937e+01  2.17124e-08
 3.28306e+01  2.15519e-08
 3.28676e+01  2.13935e-08
 3.29045e+01  2.12369e-08
 3.29414e+01  2.10823e-08
 3.29784e+01  2.09296e-08
 3.30153e+01  2.07789e-08
 3.30522e+01  2.06300e-08
 3.30892e+01  2.04831e-08
 3.31261e+01  2.03381e-08
 3.31630e+01  2.01949e-08
 3.31999e+01  2.00535e-08
 3.32369e+01  1.99141e-08
 3.32738e+01  1.97763e-08
 3.33107e+01  1.96404e-08
 3.33477e+01  1.95061e-08
 3.33846e+01  1.93737e-08
 3.34215e+01  1.92428e-08
 3.34585e+01  1.91137e-08
 3.34954e+01  1.89861e-08
 3.35323e+01  1.88602e-08
 3.35692e+01  1.87358e-08
 3.36062e+01  1.86129e-08
 3.36431e+01  1.84916e-08
 3.36800e+01  1.83718e-08
 3.37170e+01  1.82536e-08
 3.37539e+01  1.81368e-08
 3.37908e+01  1.80216e-08
 3.38278e+01  1.79079e-08
 3.38647e+01  1.77958e-08
 3.39016e+01  1.76852e-08
 3.39385e+01  1.75762e-08
 3.39755e+01  1.74688e-08
 3.40124e+01  1.73630e-08
 3.40493e+01  1.72588e-08
 3.40863e+01  1.71561e-08
 3.41232e+01  1.70550e-08
 3.41601e+01  1.69554e-08
 3.41971e+01  1.68575e-08
 3.42340e+01  1.67609e-08
 3.42709e+01  1.66659e-08
 3.43078e+01  1.65723e-08
 3.43448e+01  1.64801e-08
 3.43817e+01  1.63891e-08
 3.44186e+01  1.62995e-08
 3.44556e+01  1.62111e-08
 3.44925e+01  1.61239e-08
 3.45294e+01  1.60378e-08
 3.45664e+01  1.59529e-08
 3.46033e+01  1.58690e-08
 3.46402e+01  1.57863e-08
 3.46771e+01  1.57047e-08
 3.47141e+01  1.56242e-08
 3.47510e+01  1.55449e-08
 3.47879e+01  1.54668e-08
 3.48249e+01  1.53900e-08
 3.48618e+01  1.53145e-08
 3.48987e+01  1.52404e-08
 3.49356e+01  1.51678e-08
 3.49726e+01  1.50966e-08
 3.50095e+01  1.50270e-08
 3.50464e+01  1.49589e-08
 3.50834e+01  1.48923e-08
 3.51203e+01  1.48271e-08
 3.51572e+01  1.47634e-08
 3.51942e+01  1.47010e-08
 3.52311e+01  1.46400e-08
 3.52680e+01  1.45802e-08
 3.53049e+01  1.45216e-08
 3.53419e+01  1.44640e-08
 3.53788e+01  1.44075e-08
 3.54157e+01  1.43519e-08
 3.54527e+01  1.42971e-08
 3.54896e+01  1.42431e-08
 3.55265e+01  1.41899e-08
 3.55635e+01  1.41373e-08
 3.56004e+01  1.40854e-08
 3.56373e+01  1.40341e-08
 3.56742e+01  1.39835e-08
 3.57112e+01  1.39336e-08
 3.57481e+01  1.38845e-08
 3.57850e+01  1.38364e-08
 3.58220e+01  1.37895e-08
 3.58589e+01  1.37439e-08
 3.58958e+01  1.37000e-08
 3.59328e+01  1.36579e-08
 3.59697e+01  1.36177e-08
 3.60066e+01  1.35795e-08
 3.60435e+01  1.35430e-08
 3.60805e+01  1.35081e-08
 3.61174e+01  1.34746e-08
 3.61543e+01  1.34425e-08
 3.61913e+01  1.34115e-08
 3.62282e+01  1.33816e-08
 3.62651e+01  1.33526e-08
 3.63021e+01  1.33244e-08
 3.63390e+01  1.32970e-08
 3.63759e+01  1.32702e-08
 3.64128e+01  1.32440e-08
 3.64498e+01  1.32182e-08
 3.64867e+01  1.31929e-08
 3.65236e+01  1.31679e-08
 3.65606e+01  1.31434e-08
 3.65975e+01  1.31191e-08
 3.66344e+01  1.30952e-08
 3.66714e+01  1.30716e-08
 3.67083e+01  1.30483e-08
 3.67452e+01  1.30253e-08
 3.67821e+01  1.30028e-08
 3.68191e+01  1.29805e-08
 3.68560e+01  1.29587e-08
 3.68929e+01  1.29372e-08
 3.69299e+01  1.29162e-08
