 r[σ]         g_ii         c_ii        
 2.50000e-02  0.00000e+00 -5.87401e+01
 5.00000e-02  0.00000e+00 -5.77757e+01
 7.50000e-02  0.00000e+00 -5.62900e+01
 1.00000e-01  0.00000e+00 -5.44251e+01
 1.25000e-01  0.00000e+00 -5.23226e+01
 1.50000e-01  0.00000e+00 -5.01007e+01
 1.75000e-01  0.00000e+00 -4.78456e+01
 2.00000e-01  0.00000e+00 -4.56134e+01
 2.25000e-01  0.00000e+00 -4.34365e+01
 2.50000e-01  0.00000e+00 -4.13306e+01
 2.75000e-01  0.00000e+00 -3.93011e+01
 3.00000e-01  0.00000e+00 -3.73473e+01
 3.25000e-01  0.00000e+00 -3.54654e+01
 3.50000e-01  0.00000e+00 -3.36503e+01
 3.75000e-01  0.00000e+00 -3.18968e+01
 4.00000e-01  0.00000e+00 -3.02001e+01
 4.25000e-01  0.00000e+00 -2.85559e+01
 4.50000e-01  0.00000e+00 -2.69607e+01
 4.75000e-01  0.00000e+00 -2.54118e+01
 5.00000e-01  0.00000e+00 -2.39070e+01
 5.25000e-01  0.00000e+00 -2.24447e+01
 5.50000e-01  0.00000e+00 -2.10239e+01
 5.75000e-01  8.01702e-05 -1.96439e+01
 6.00000e-01  2.91915e-04 -1.83044e+01
 6.25000e-01  4.88776e-04 -1.70054e+01
 6.50000e-01  6.70336e-04 -1.57470e+01
 6.75000e-01  8.36342e-04 -1.45296e+01
 7.00000e-01  9.86980e-04 -1.33539e+01
 7.25000e-01  1.12280e-03 -1.22205e+01
 7.50000e-01  1.24526e-03 -1.11305e+01
 7.75000e-01  1.35683e-03 -1.00848e+01
 8.00000e-01  1.46244e-03 -9.08484e+00
 8.25000e-01  1.57104e-03 -8.13197e+00
 8.50000e-01  1.70552e-03 -7.22792e+00
 8.75000e-01  2.59935e-03 -6.37391e+00
 9.00000e-01  2.43459e-02 -5.55198e+00
 9.25000e-01  2.04684e-01 -4.62667e+00
 9.50000e-01  8.10831e-01 -3.33305e+00
 9.75000e-01  1.86154e+00 -1.65440e+00
 1.00000e+00  2.94886e+00 -2.37673e-04
 1.02500e+00  3.62958e+00  1.18546e+00
 1.05000e+00  3.75967e+00  1.75885e+00
 1.07500e+00  3.45882e+00  1.84101e+00
 1.10000e+00  2.93196e+00  1.63934e+00
 1.12500e+00  2.34955e+00  1.32786e+00
 1.15000e+00  1.81384e+00  1.01315e+00
 1.17500e+00  1.36973e+00  7.45025e-01
 1.20000e+00  1.02651e+00  5.37890e-01
 1.22500e+00  7.75561e-01  3.88299e-01
 1.25000e+00  6.01578e-01  2.85897e-01
 1.27500e+00  4.88414e-01  2.19147e-01
 1.30000e+00  4.21671e-01  1.77832e-01
 1.32500e+00  3.89515e-01  1.53823e-01
 1.35000e+00  3.82663e-01  1.41063e-01
 1.37500e+00  3.94033e-01  1.35240e-01
 1.40000e+00  4.18325e-01  1.33395e-01
 1.42500e+00  4.51618e-01  1.33567e-01
 1.45000e+00  4.91039e-01  1.34508e-01
 1.47500e+00  5.34498e-01  1.35462e-01
 1.50000e+00  5.80491e-01  1.36003e-01
 1.52500e+00  6.27942e-01  1.35923e-01
 1.55000e+00  6.76094e-01  1.35154e-01
 1.57500e+00  7.24427e-01  1.33710e-01
 1.60000e+00  7.72595e-01  1.31652e-01
 1.62500e+00  8.20382e-01  1.29067e-01
 1.65000e+00  8.67669e-01  1.26049e-01
 1.67500e+00  9.14412e-01  1.22691e-01
 1.70000e+00  9.60618e-01  1.19082e-01
 1.72500e+00  1.00634e+00  1.15299e-01
 1.75000e+00  1.05164e+00  1.11412e-01
 1.77500e+00  1.09664e+00  1.07477e-01
 1.80000e+00  1.14145e+00  1.03544e-01
 1.82500e+00  1.18617e+00  9.96501e-02
 1.85000e+00  1.23090e+00  9.58218e-02
 1.87500e+00  1.27545e+00  9.20623e-02
 1.90000e+00  1.31893e+00  8.83253e-02
 1.92500e+00  1.35893e+00  8.44845e-02
 1.95000e+00  1.39092e+00  8.03309e-02
 1.97500e+00  1.40870e+00  7.56292e-02
 2.00000e+00  1.40595e+00  7.02158e-02
 2.02500e+00  1.37847e+00  6.40855e-02
 2.05000e+00  1.32573e+00  5.74161e-02
 2.07500e+00  1.25136e+00  5.05231e-02
 2.10000e+00  1.16215e+00  4.37740e-02
 2.12500e+00  1.06649e+00  3.75035e-02
 2.15000e+00  9.72679e-01  3.19558e-02
 2.17500e+00  8.87664e-01  2.72641e-02
 2.20000e+00  8.16383e-01  2.34575e-02
 2.22500e+00  7.61631e-01  2.04854e-02
 2.25000e+00  7.24290e-01  1.82464e-02
 2.27500e+00  7.03757e-01  1.66148e-02
 2.30000e+00  6.98406e-01  1.54606e-02
 2.32500e+00  7.06021e-01  1.46630e-02
 2.35000e+00  7.24135e-01  1.41176e-02
 2.37500e+00  7.50279e-01  1.37388e-02
 2.40000e+00  7.82149e-01  1.34604e-02
 2.42500e+00  8.17689e-01  1.32328e-02
 2.45000e+00  8.55141e-01  1.30214e-02
 2.47500e+00  8.93049e-01  1.28027e-02
 2.50000e+00  9.30238e-01  1.25626e-02
 2.52500e+00  9.65791e-01  1.22935e-02
 2.55000e+00  9.99012e-01  1.19925e-02
 2.57500e+00  1.02939e+00  1.16602e-02
 2.60000e+00  1.05658e+00  1.12993e-02
 2.62500e+00  1.08033e+00  1.09133e-02
 2.65000e+00  1.10052e+00  1.05070e-02
 2.67500e+00  1.11707e+00  1.00847e-02
 2.70000e+00  1.12998e+00  9.65100e-03
 2.72500e+00  1.13927e+00  9.21010e-03
 2.75000e+00  1.14500e+00  8.76571e-03
 2.77500e+00  1.14721e+00  8.32112e-03
 2.80000e+00  1.14599e+00  7.87914e-03
 2.82500e+00  1.14140e+00  7.44211e-03
 2.85000e+00  1.13349e+00  7.01195e-03
 2.87500e+00  1.12234e+00  6.59025e-03
 2.90000e+00  1.10801e+00  6.17837e-03
 2.92500e+00  1.09062e+00  5.77763e-03
 2.95000e+00  1.07038e+00  5.38950e-03
 2.97500e+00  1.04762e+00  5.01580e-03
 3.00000e+00  1.02288e+00  4.65880e-03
 3.02500e+00  9.96915e-01  4.32122e-03
 3.05000e+00  9.70699e-01  4.00600e-03
 3.07500e+00  9.45360e-01  3.71604e-03
 3.10000e+00  9.22101e-01  3.45372e-03
 3.12500e+00  9.02078e-01  3.22065e-03
 3.15000e+00  8.86291e-01  3.01732e-03
 3.17500e+00  8.75480e-01  2.84306e-03
 3.20000e+00  8.70070e-01  2.69608e-03
 3.22500e+00  8.70143e-01  2.57364e-03
 3.25000e+00  8.75457e-01  2.47232e-03
 3.27500e+00  8.85487e-01  2.38838e-03
 3.30000e+00  8.99495e-01  2.31796e-03
 3.32500e+00  9.16596e-01  2.25741e-03
 3.35000e+00  9.35839e-01  2.20343e-03
 3.37500e+00  9.56267e-01  2.15319e-03
 3.40000e+00  9.76971e-01  2.10443e-03
 3.42500e+00  9.97135e-01  2.05540e-03
 3.45000e+00  1.01605e+00  2.00489e-03
 3.47500e+00  1.03316e+00  1.95216e-03
 3.50000e+00  1.04801e+00  1.89682e-03
 3.52500e+00  1.06031e+00  1.83883e-03
 3.55000e+00  1.06986e+00  1.77838e-03
 3.57500e+00  1.07661e+00  1.71583e-03
 3.60000e+00  1.08056e+00  1.65165e-03
 3.62500e+00  1.08182e+00  1.58638e-03
 3.65000e+00  1.08055e+00  1.52058e-03
 3.67500e+00  1.07697e+00  1.45481e-03
 3.70000e+00  1.07133e+00  1.38960e-03
 3.72500e+00  1.06392e+00  1.32543e-03
 3.75000e+00  1.05502e+00  1.26275e-03
 3.77500e+00  1.04495e+00  1.20192e-03
 3.80000e+00  1.03402e+00  1.14328e-03
 3.82500e+00  1.02254e+00  1.08708e-03
 3.85000e+00  1.01082e+00  1.03353e-03
 3.87500e+00  9.99161e-01  9.82802e-04
 3.90000e+00  9.87858e-01  9.35008e-04
 3.92500e+00  9.77198e-01  8.90226e-04
 3.95000e+00  9.67453e-01  8.48495e-04
 3.97500e+00  9.58884e-01  8.09822e-04
 4.00000e+00  9.51728e-01  7.74177e-04
 4.02500e+00  9.46195e-01  7.41496e-04
 4.05000e+00  9.42456e-01  7.11679e-04
 4.07500e+00  9.40632e-01  6.84589e-04
 4.10000e+00  9.40786e-01  6.60051e-04
 4.12500e+00  9.42911e-01  6.37856e-04
 4.15000e+00  9.46927e-01  6.17759e-04
 4.17500e+00  9.52676e-01  5.99494e-04
 4.20000e+00  9.59932e-01  5.82775e-04
 4.22500e+00  9.68401e-01  5.67314e-04
 4.25000e+00  9.77746e-01  5.52823e-04
 4.27500e+00  9.87594e-01  5.39036e-04
 4.30000e+00  9.97561e-01  5.25708e-04
 4.32500e+00  1.00727e+00  5.12631e-04
 4.35000e+00  1.01636e+00  4.99633e-04
 4.37500e+00  1.02453e+00  4.86586e-04
 4.40000e+00  1.03152e+00  4.73403e-04
 4.42500e+00  1.03711e+00  4.60035e-04
 4.45000e+00  1.04119e+00  4.46471e-04
 4.47500e+00  1.04367e+00  4.32729e-04
 4.50000e+00  1.04456e+00  4.18853e-04
 4.52500e+00  1.04391e+00  4.04905e-04
 4.55000e+00  1.04183e+00  3.90961e-04
 4.57500e+00  1.03846e+00  3.77102e-04
 4.60000e+00  1.03398e+00  3.63411e-04
 4.62500e+00  1.02861e+00  3.49972e-04
 4.65000e+00  1.02256e+00  3.36860e-04
 4.67500e+00  1.01606e+00  3.24145e-04
 4.70000e+00  1.00935e+00  3.11883e-04
 4.72500e+00  1.00263e+00  3.00124e-04
 4.75000e+00  9.96120e-01  2.88904e-04
 4.77500e+00  9.90004e-01  2.78248e-04
 4.80000e+00  9.84448e-01  2.68170e-04
 4.82500e+00  9.79594e-01  2.58675e-04
 4.85000e+00  9.75555e-01  2.49756e-04
 4.87500e+00  9.72421e-01  2.41401e-04
 4.90000e+00  9.70248e-01  2.33589e-04
 4.92500e+00  9.69069e-01  2.26293e-04
 4.95000e+00  9.68886e-01  2.19481e-04
 4.97500e+00  9.69675e-01  2.13117e-04
 5.00000e+00  9.71384e-01  2.07162e-04
 5.02500e+00  9.73937e-01  2.01575e-04
 5.05000e+00  9.77236e-01  1.96313e-04
 5.07500e+00  9.81163e-01  1.91335e-04
 5.10000e+00  9.85580e-01  1.86598e-04
 5.12500e+00  9.90339e-01  1.82062e-04
 5.15000e+00  9.95279e-01  1.77689e-04
 5.17500e+00  1.00024e+00  1.73443e-04
 5.20000e+00  1.00505e+00  1.69294e-04
 5.22500e+00  1.00957e+00  1.65214e-04
 5.25000e+00  1.01364e+00  1.61182e-04
 5.27500e+00  1.01714e+00  1.57180e-04
 5.30000e+00  1.01996e+00  1.53196e-04
 5.32500e+00  1.02204e+00  1.49223e-04
 5.35000e+00  1.02332e+00  1.45260e-04
 5.37500e+00  1.02377e+00  1.41310e-04
 5.40000e+00  1.02341e+00  1.37377e-04
 5.42500e+00  1.02229e+00  1.33472e-04
 5.45000e+00  1.02045e+00  1.29606e-04
 5.47500e+00  1.01800e+00  1.25792e-04
 5.50000e+00  1.01503e+00  1.22045e-04
 5.52500e+00  1.01167e+00  1.18378e-04
 5.55000e+00  1.00805e+00  1.14805e-04
 5.57500e+00  1.00429e+00  1.11337e-04
 5.60000e+00  1.00053e+00  1.07986e-04
 5.62500e+00  9.96901e-01  1.04760e-04
 5.65000e+00  9.93506e-01  1.01666e-04
 5.67500e+00  9.90453e-01  9.87061e-05
 5.70000e+00  9.87825e-01  9.58837e-05
 5.72500e+00  9.85692e-01  9.31980e-05
 5.75000e+00  9.84102e-01  9.06464e-05
 5.77500e+00  9.83084e-01  8.82247e-05
 5.80000e+00  9.82648e-01  8.59270e-05
 5.82500e+00  9.82784e-01  8.37461e-05
 5.85000e+00  9.83467e-01  8.16737e-05
 5.87500e+00  9.84653e-01  7.97011e-05
 5.90000e+00  9.86288e-01  7.78187e-05
 5.92500e+00  9.88303e-01  7.60172e-05
 5.95000e+00  9.90621e-01  7.42869e-05
 5.97500e+00  9.93160e-01  7.26188e-05
 6.00000e+00  9.95833e-01  7.10042e-05
 6.02500e+00  9.98551e-01  6.94349e-05
 6.05000e+00  1.00123e+00  6.79039e-05
 6.07500e+00  1.00378e+00  6.64045e-05
 6.10000e+00  1.00613e+00  6.49316e-05
 6.12500e+00  1.00821e+00  6.34805e-05
 6.15000e+00  1.00997e+00  6.20478e-05
 6.17500e+00  1.01135e+00  6.06313e-05
 6.20000e+00  1.01232e+00  5.92293e-05
 6.22500e+00  1.01286e+00  5.78413e-05
 6.25000e+00  1.01297e+00  5.64676e-05
 6.27500e+00  1.01266e+00  5.51092e-05
 6.30000e+00  1.01194e+00  5.37677e-05
 6.32500e+00  1.01085e+00  5.24452e-05
 6.35000e+00  1.00945e+00  5.11441e-05
 6.37500e+00  1.00778e+00  4.98669e-05
 6.40000e+00  1.00590e+00  4.86165e-05
 6.42500e+00  1.00389e+00  4.73955e-05
 6.45000e+00  1.00182e+00  4.62062e-05
 6.47500e+00  9.99752e-01  4.50510e-05
 6.50000e+00  9.97759e-01  4.39316e-05
 6.52500e+00  9.95905e-01  4.28494e-05
 6.55000e+00  9.94245e-01  4.18054e-05
 6.57500e+00  9.92830e-01  4.07999e-05
 6.60000e+00  9.91696e-01  3.98329e-05
 6.62500e+00  9.90872e-01  3.89038e-05
 6.65000e+00  9.90374e-01  3.80117e-05
 6.67500e+00  9.90208e-01  3.71551e-05
 6.70000e+00  9.90368e-01  3.63324e-05
 6.72500e+00  9.90836e-01  3.55413e-05
 6.75000e+00  9.91587e-01  3.47798e-05
 6.77500e+00  9.92586e-01  3.40455e-05
 6.80000e+00  9.93792e-01  3.33359e-05
 6.82500e+00  9.95159e-01  3.26486e-05
 6.85000e+00  9.96636e-01  3.19812e-05
 6.87500e+00  9.98173e-01  3.13315e-05
 6.90000e+00  9.99718e-01  3.06974e-05
 6.92500e+00  1.00122e+00  3.00770e-05
 6.95000e+00  1.00263e+00  2.94686e-05
 6.97500e+00  1.00391e+00  2.88710e-05
 7.00000e+00  1.00503e+00  2.82828e-05
 7.02500e+00  1.00594e+00  2.77033e-05
 7.05000e+00  1.00664e+00  2.71318e-05
 7.07500e+00  1.00709e+00  2.65680e-05
 7.10000e+00  1.00731e+00  2.60116e-05
 7.12500e+00  1.00728e+00  2.54627e-05
 7.15000e+00  1.00702e+00  2.49216e-05
 7.17500e+00  1.00654e+00  2.43886e-05
 7.20000e+00  1.00586e+00  2.38642e-05
 7.22500e+00  1.00502e+00  2.33489e-05
 7.25000e+00  1.00403e+00  2.28433e-05
 7.27500e+00  1.00295e+00  2.23480e-05
 7.30000e+00  1.00181e+00  2.18636e-05
 7.32500e+00  1.00064e+00  2.13906e-05
 7.35000e+00  9.99489e-01  2.09295e-05
 7.37500e+00  9.98389e-01  2.04807e-05
 7.40000e+00  9.97375e-01  2.00445e-05
 7.42500e+00  9.96478e-01  1.96210e-05
 7.45000e+00  9.95723e-01  1.92103e-05
 7.47500e+00  9.95130e-01  1.88123e-05
 7.50000e+00  9.94715e-01  1.84268e-05
 7.52500e+00  9.94485e-01  1.80535e-05
 7.55000e+00  9.94442e-01  1.76920e-05
 7.57500e+00  9.94581e-01  1.73418e-05
 7.60000e+00  9.94893e-01  1.70024e-05
 7.62500e+00  9.95362e-01  1.66730e-05
 7.65000e+00  9.95967e-01  1.63530e-05
 7.67500e+00  9.96684e-01  1.60418e-05
 7.70000e+00  9.97486e-01  1.57386e-05
 7.72500e+00  9.98345e-01  1.54428e-05
 7.75000e+00  9.99231e-01  1.51537e-05
 7.77500e+00  1.00011e+00  1.48708e-05
 7.80000e+00  1.00096e+00  1.45935e-05
 7.82500e+00  1.00176e+00  1.43212e-05
 7.85000e+00  1.00247e+00  1.40537e-05
 7.87500e+00  1.00307e+00  1.37905e-05
 7.90000e+00  1.00356e+00  1.35314e-05
 7.92500e+00  1.00392e+00  1.32762e-05
 7.95000e+00  1.00414e+00  1.30248e-05
 7.97500e+00  1.00421e+00  1.27770e-05
 8.00000e+00  1.00415e+00  1.25330e-05
 8.02500e+00  1.00396e+00  1.22927e-05
 8.05000e+00  1.00364e+00  1.20562e-05
 8.07500e+00  1.00322e+00  1.18237e-05
 8.10000e+00  1.00270e+00  1.15952e-05
 8.12500e+00  1.00211e+00  1.13709e-05
 8.15000e+00  1.00148e+00  1.11510e-05
 8.17500e+00  1.00081e+00  1.09355e-05
 8.20000e+00  1.00014e+00  1.07247e-05
 8.22500e+00  9.99488e-01  1.05186e-05
 8.25000e+00  9.98870e-01  1.03173e-05
 8.27500e+00  9.98308e-01  1.01208e-05
 8.30000e+00  9.97819e-01  9.92916e-06
 8.32500e+00  9.97415e-01  9.74239e-06
 8.35000e+00  9.97107e-01  9.56040e-06
 8.37500e+00  9.96902e-01  9.38312e-06
 8.40000e+00  9.96804e-01  9.21044e-06
 8.42500e+00  9.96813e-01  9.04221e-06
 8.45000e+00  9.96925e-01  8.87828e-06
 8.47500e+00  9.97134e-01  8.71844e-06
 8.50000e+00  9.97429e-01  8.56250e-06
 8.52500e+00  9.97799e-01  8.41026e-06
 8.55000e+00  9.98229e-01  8.26149e-06
 8.57500e+00  9.98704e-01  8.11599e-06
 8.60000e+00  9.99206e-01  7.97353e-06
 8.62500e+00  9.99718e-01  7.83393e-06
 8.65000e+00  1.00022e+00  7.69699e-06
 8.67500e+00  1.00071e+00  7.56254e-06
 8.70000e+00  1.00115e+00  7.43042e-06
 8.72500e+00  1.00155e+00  7.30052e-06
 8.75000e+00  1.00188e+00  7.17271e-06
 8.77500e+00  1.00214e+00  7.04690e-06
 8.80000e+00  1.00232e+00  6.92304e-06
 8.82500e+00  1.00242e+00  6.80106e-06
 8.85000e+00  1.00244e+00  6.68095e-06
 8.87500e+00  1.00238e+00  6.56268e-06
 8.90000e+00  1.00225e+00  6.44627e-06
 8.92500e+00  1.00204e+00  6.33173e-06
 8.95000e+00  1.00178e+00  6.21908e-06
 8.97500e+00  1.00146e+00  6.10834e-06
 9.00000e+00  1.00111e+00  5.99956e-06
 9.02500e+00  1.00073e+00  5.89276e-06
 9.05000e+00  1.00034e+00  5.78797e-06
 9.07500e+00  9.99956e-01  5.68523e-06
 9.10000e+00  9.99580e-01  5.58454e-06
 9.12500e+00  9.99229e-01  5.48592e-06
 9.15000e+00  9.98915e-01  5.38937e-06
 9.17500e+00  9.98645e-01  5.29489e-06
 9.20000e+00  9.98427e-01  5.20246e-06
 9.22500e+00  9.98267e-01  5.11205e-06
 9.25000e+00  9.98168e-01  5.02362e-06
 9.27500e+00  9.98131e-01  4.93712e-06
 9.30000e+00  9.98156e-01  4.85251e-06
 9.32500e+00  9.98241e-01  4.76972e-06
 9.35000e+00  9.98379e-01  4.68869e-06
 9.37500e+00  9.98566e-01  4.60934e-06
 9.40000e+00  9.98794e-01  4.53160e-06
 9.42500e+00  9.99055e-01  4.45540e-06
 9.45000e+00  9.99338e-01  4.38067e-06
 9.47500e+00  9.99634e-01  4.30733e-06
 9.50000e+00  9.99933e-01  4.23531e-06
 9.52500e+00  1.00023e+00  4.16455e-06
 9.55000e+00  1.00050e+00  4.09500e-06
 9.57500e+00  1.00075e+00  4.02659e-06
 9.60000e+00  1.00097e+00  3.95930e-06
 9.62500e+00  1.00115e+00  3.89306e-06
 9.65000e+00  1.00129e+00  3.82786e-06
 9.67500e+00  1.00138e+00  3.76367e-06
 9.70000e+00  1.00143e+00  3.70047e-06
 9.72500e+00  1.00143e+00  3.63824e-06
 9.75000e+00  1.00138e+00  3.57698e-06
 9.77500e+00  1.00128e+00  3.51669e-06
 9.80000e+00  1.00115e+00  3.45735e-06
 9.82500e+00  1.00099e+00  3.39898e-06
 9.85000e+00  1.00079e+00  3.34158e-06
 9.87500e+00  1.00058e+00  3.28516e-06
 9.90000e+00  1.00036e+00  3.22971e-06
 9.92500e+00  1.00013e+00  3.17524e-06
 9.95000e+00  9.99901e-01  3.12176e-06
 9.97500e+00  9.99684e-01  3.06926e-06
 1.00000e+01  9.99484e-01  3.01774e-06
 1.00250e+01  9.99307e-01  2.96720e-06
 1.00500e+01  9.99158e-01  2.91764e-06
 1.00750e+01  9.99040e-01  2.86903e-06
 1.01000e+01  9.98957e-01  2.82136e-06
 1.01250e+01  9.98911e-01  2.77462e-06
 1.01500e+01  9.98901e-01  2.72879e-06
 1.01750e+01  9.98927e-01  2.68384e-06
 1.02000e+01  9.98987e-01  2.63976e-06
 1.02250e+01  9.99079e-01  2.59651e-06
 1.02500e+01  9.99197e-01  2.55407e-06
 1.02750e+01  9.99338e-01  2.51241e-06
 1.03000e+01  9.99497e-01  2.47150e-06
 1.03250e+01  9.99666e-01  2.43132e-06
 1.03500e+01  9.99842e-01  2.39184e-06
 1.03750e+01  1.00002e+00  2.35304e-06
 1.04000e+01  1.00019e+00  2.31489e-06
 1.04250e+01  1.00035e+00  2.27737e-06
 1.04500e+01  1.00049e+00  2.24046e-06
 1.04750e+01  1.00061e+00  2.20415e-06
 1.05000e+01  1.00071e+00  2.16842e-06
 1.05250e+01  1.00078e+00  2.13326e-06
 1.05500e+01  1.00083e+00  2.09865e-06
 1.05750e+01  1.00085e+00  2.06459e-06
 1.06000e+01  1.00084e+00  2.03108e-06
 1.06250e+01  1.00080e+00  1.99810e-06
 1.06500e+01  1.00074e+00  1.96566e-06
 1.06750e+01  1.00065e+00  1.93375e-06
 1.07000e+01  1.00055e+00  1.90236e-06
 1.07250e+01  1.00043e+00  1.87151e-06
 1.07500e+01  1.00030e+00  1.84118e-06
 1.07750e+01  1.00017e+00  1.81137e-06
 1.08000e+01  1.00003e+00  1.78209e-06
 1.08250e+01  9.99899e-01  1.75332e-06
 1.08500e+01  9.99773e-01  1.72508e-06
 1.08750e+01  9.99659e-01  1.69735e-06
 1.09000e+01  9.99559e-01  1.67013e-06
 1.09250e+01  9.99476e-01  1.64341e-06
 1.09500e+01  9.99413e-01  1.61719e-06
 1.09750e+01  9.99371e-01  1.59146e-06
 1.10000e+01  9.99350e-01  1.56621e-06
 1.10250e+01  9.99351e-01  1.54143e-06
 1.10500e+01  9.99373e-01  1.51712e-06
 1.10750e+01  9.99415e-01  1.49325e-06
 1.11000e+01  9.99475e-01  1.46982e-06
 1.11250e+01  9.99550e-01  1.44683e-06
 1.11500e+01  9.99637e-01  1.42425e-06
 1.11750e+01  9.99733e-01  1.40208e-06
 1.12000e+01  9.99836e-01  1.38030e-06
 1.12250e+01  9.99941e-01  1.35891e-06
 1.12500e+01  1.00004e+00  1.33790e-06
 1.12750e+01  1.00014e+00  1.31725e-06
 1.13000e+01  1.00023e+00  1.29696e-06
 1.13250e+01  1.00032e+00  1.27702e-06
 1.13500e+01  1.00038e+00  1.25743e-06
 1.13750e+01  1.00044e+00  1.23817e-06
 1.14000e+01  1.00048e+00  1.21924e-06
 1.14250e+01  1.00050e+00  1.20064e-06
 1.14500e+01  1.00050e+00  1.18237e-06
 1.14750e+01  1.00049e+00  1.16441e-06
 1.15000e+01  1.00046e+00  1.14677e-06
 1.15250e+01  1.00042e+00  1.12944e-06
 1.15500e+01  1.00037e+00  1.11242e-06
 1.15750e+01  1.00030e+00  1.09571e-06
 1.16000e+01  1.00023e+00  1.07930e-06
 1.16250e+01  1.00015e+00  1.06320e-06
 1.16500e+01  1.00007e+00  1.04739e-06
 1.16750e+01  9.99993e-01  1.03189e-06
 1.17000e+01  9.99915e-01  1.01668e-06
 1.17250e+01  9.99842e-01  1.00177e-06
 1.17500e+01  9.99776e-01  9.87138e-07
 1.17750e+01  9.99720e-01  9.72795e-07
 1.18000e+01  9.99674e-01  9.58733e-07
 1.18250e+01  9.99640e-01  9.44947e-07
 1.18500e+01  9.99619e-01  9.31433e-07
 1.18750e+01  9.99611e-01  9.18185e-07
 1.19000e+01  9.99616e-01  9.05199e-07
 1.19250e+01  9.99633e-01  8.92468e-07
 1.19500e+01  9.99661e-01  8.79988e-07
 1.19750e+01  9.99700e-01  8.67753e-07
 1.20000e+01  9.99747e-01  8.55757e-07
 1.20250e+01  9.99802e-01  8.43995e-07
 1.20500e+01  9.99861e-01  8.32461e-07
 1.20750e+01  9.99922e-01  8.21152e-07
 1.21000e+01  9.99985e-01  8.10061e-07
 1.21250e+01  1.00005e+00  7.99184e-07
 1.21500e+01  1.00010e+00  7.88517e-07
 1.21750e+01  1.00016e+00  7.78056e-07
 1.22000e+01  1.00020e+00  7.67797e-07
 1.22250e+01  1.00024e+00  7.57737e-07
 1.22500e+01  1.00027e+00  7.47872e-07
 1.22750e+01  1.00029e+00  7.38201e-07
 1.23000e+01  1.00030e+00  7.28719e-07
 1.23250e+01  1.00030e+00  7.19426e-07
 1.23500e+01  1.00029e+00  7.10318e-07
 1.23750e+01  1.00027e+00  7.01393e-07
 1.24000e+01  1.00024e+00  6.92650e-07
 1.24250e+01  1.00021e+00  6.84086e-07
 1.24500e+01  1.00017e+00  6.75699e-07
 1.24750e+01  1.00012e+00  6.67486e-07
 1.25000e+01  1.00008e+00  6.59446e-07
 1.25250e+01  1.00003e+00  6.51577e-07
 1.25500e+01  9.99980e-01  6.43874e-07
 1.25750e+01  9.99934e-01  6.36336e-07
 1.26000e+01  9.99892e-01  6.28960e-07
 1.26250e+01  9.99854e-01  6.21743e-07
 1.26500e+01  9.99822e-01  6.14680e-07
 1.26750e+01  9.99797e-01  6.07770e-07
 1.27000e+01  9.99779e-01  6.01008e-07
 1.27250e+01  9.99769e-01  5.94391e-07
 1.27500e+01  9.99767e-01  5.87915e-07
 1.27750e+01  9.99772e-01  5.81576e-07
 1.28000e+01  9.99785e-01  5.75371e-07
 1.28250e+01  9.99804e-01  5.69297e-07
 1.28500e+01  9.99829e-01  5.63348e-07
 1.28750e+01  9.99859e-01  5.57524e-07
 1.29000e+01  9.99892e-01  5.51819e-07
 1.29250e+01  9.99928e-01  5.46231e-07
 1.29500e+01  9.99966e-01  5.40758e-07
 1.29750e+01  1.00000e+00  5.35397e-07
 1.30000e+01  1.00004e+00  5.30144e-07
 1.30250e+01  1.00007e+00  5.25000e-07
 1.30500e+01  1.00010e+00  5.19960e-07
 1.30750e+01  1.00013e+00  5.15024e-07
 1.31000e+01  1.00015e+00  5.10190e-07
 1.31250e+01  1.00017e+00  5.05458e-07
 1.31500e+01  1.00018e+00  5.00824e-07
 1.31750e+01  1.00018e+00  4.96289e-07
 1.32000e+01  1.00018e+00  4.91851e-07
 1.32250e+01  1.00017e+00  4.87510e-07
 1.32500e+01  1.00016e+00  4.83263e-07
 1.32750e+01  1.00014e+00  4.79111e-07
 1.33000e+01  1.00012e+00  4.75050e-07
 1.33250e+01  1.00009e+00  4.71081e-07
 1.33500e+01  1.00007e+00  4.67200e-07
 1.33750e+01  1.00004e+00  4.63408e-07
 1.34000e+01  1.00001e+00  4.59700e-07
 1.34250e+01  9.99979e-01  4.56076e-07
 1.34500e+01  9.99952e-01  4.52533e-07
 1.34750e+01  9.99927e-01  4.49068e-07
 1.35000e+01  9.99906e-01  4.45678e-07
 1.35250e+01  9.99888e-01  4.42361e-07
 1.35500e+01  9.99874e-01  4.39114e-07
 1.35750e+01  9.99865e-01  4.35934e-07
 1.36000e+01  9.99860e-01  4.32817e-07
 1.36250e+01  9.99860e-01  4.29762e-07
 1.36500e+01  9.99865e-01  4.26764e-07
 1.36750e+01  9.99874e-01  4.23822e-07
 1.37000e+01  9.99886e-01  4.20933e-07
 1.37250e+01  9.99902e-01  4.18093e-07
 1.37500e+01  9.99921e-01  4.15302e-07
 1.37750e+01  9.99942e-01  4.12558e-07
 1.38000e+01  9.99964e-01  4.09858e-07
 1.38250e+01  9.99987e-01  4.07201e-07
 1.38500e+01  1.00001e+00  4.04587e-07
 1.38750e+01  1.00003e+00  4.02015e-07
 1.39000e+01  1.00005e+00  3.99484e-07
 1.39250e+01  1.00007e+00  3.96994e-07
 1.39500e+01  1.00008e+00  3.94546e-07
 1.39750e+01  1.00009e+00  3.92138e-07
 1.40000e+01  1.00010e+00  3.89772e-07
 1.40250e+01  1.00011e+00  3.87448e-07
 1.40500e+01  1.00011e+00  3.85167e-07
 1.40750e+01  1.00011e+00  3.82928e-07
 1.41000e+01  1.00010e+00  3.80731e-07
 1.41250e+01  1.00009e+00  3.78578e-07
 1.41500e+01  1.00008e+00  3.76467e-07
 1.41750e+01  1.00007e+00  3.74399e-07
 1.42000e+01  1.00005e+00  3.72373e-07
 1.42250e+01  1.00003e+00  3.70388e-07
 1.42500e+01  1.00002e+00  3.68442e-07
 1.42750e+01  9.99999e-01  3.66535e-07
 1.43000e+01  9.99982e-01  3.64664e-07
 1.43250e+01  9.99966e-01  3.62828e-07
 1.43500e+01  9.99951e-01  3.61024e-07
 1.43750e+01  9.99939e-01  3.59249e-07
 1.44000e+01  9.99929e-01  3.57502e-07
 1.44250e+01  9.99922e-01  3.55779e-07
 1.44500e+01  9.99917e-01  3.54077e-07
 1.44750e+01  9.99915e-01  3.52395e-07
 1.45000e+01  9.99916e-01  3.50728e-07
 1.45250e+01  9.99920e-01  3.49075e-07
 1.45500e+01  9.99926e-01  3.47433e-07
 1.45750e+01  9.99934e-01  3.45801e-07
 1.46000e+01  9.99945e-01  3.44177e-07
 1.46250e+01  9.99956e-01  3.42559e-07
 1.46500e+01  9.99969e-01  3.40946e-07
 1.46750e+01  9.99983e-01  3.39339e-07
 1.47000e+01  9.99996e-01  3.37737e-07
 1.47250e+01  1.00001e+00  3.36141e-07
 1.47500e+01  1.00002e+00  3.34551e-07
 1.47750e+01  1.00003e+00  3.32968e-07
 1.48000e+01  1.00004e+00  3.31394e-07
 1.48250e+01  1.00005e+00  3.29831e-07
 1.48500e+01  1.00006e+00  3.28280e-07
 1.48750e+01  1.00006e+00  3.26743e-07
 1.49000e+01  1.00007e+00  3.25223e-07
 1.49250e+01  1.00007e+00  3.23720e-07
 1.49500e+01  1.00006e+00  3.22238e-07
 1.49750e+01  1.00006e+00  3.20777e-07
 1.50000e+01  1.00005e+00  3.19338e-07
 1.50250e+01  1.00005e+00  3.17924e-07
 1.50500e+01  1.00004e+00  3.16533e-07
 1.50750e+01  1.00003e+00  3.15167e-07
 1.51000e+01  1.00002e+00  3.13824e-07
 1.51250e+01  1.00001e+00  3.12505e-07
 1.51500e+01  9.99996e-01  3.11206e-07
 1.51750e+01  9.99986e-01  3.09928e-07
 1.52000e+01  9.99976e-01  3.08667e-07
 1.52250e+01  9.99968e-01  3.07420e-07
 1.52500e+01  9.99961e-01  3.06186e-07
 1.52750e+01  9.99955e-01  3.04960e-07
 1.53000e+01  9.99951e-01  3.03739e-07
 1.53250e+01  9.99949e-01  3.02521e-07
 1.53500e+01  9.99948e-01  3.01302e-07
 1.53750e+01  9.99950e-01  3.00078e-07
 1.54000e+01  9.99952e-01  2.98848e-07
 1.54250e+01  9.99957e-01  2.97609e-07
 1.54500e+01  9.99962e-01  2.96359e-07
 1.54750e+01  9.99969e-01  2.95096e-07
 1.55000e+01  9.99976e-01  2.93820e-07
 1.55250e+01  9.99984e-01  2.92531e-07
 1.55500e+01  9.99992e-01  2.91228e-07
 1.55750e+01  1.00000e+00  2.89913e-07
 1.56000e+01  1.00001e+00  2.88588e-07
 1.56250e+01  1.00002e+00  2.87255e-07
 1.56500e+01  1.00002e+00  2.85915e-07
 1.56750e+01  1.00003e+00  2.84573e-07
 1.57000e+01  1.00003e+00  2.83232e-07
 1.57250e+01  1.00004e+00  2.81895e-07
 1.57500e+01  1.00004e+00  2.80566e-07
 1.57750e+01  1.00004e+00  2.79248e-07
 1.58000e+01  1.00004e+00  2.77946e-07
 1.58250e+01  1.00004e+00  2.76662e-07
 1.58500e+01  1.00004e+00  2.75398e-07
 1.58750e+01  1.00003e+00  2.74158e-07
 1.59000e+01  1.00003e+00  2.72943e-07
 1.59250e+01  1.00002e+00  2.71754e-07
 1.59500e+01  1.00001e+00  2.70591e-07
 1.59750e+01  1.00001e+00  2.69454e-07
 1.60000e+01  1.00000e+00  2.68342e-07
 1.60250e+01  9.99995e-01  2.67252e-07
 1.60500e+01  9.99989e-01  2.66182e-07
 1.60750e+01  9.99984e-01  2.65129e-07
 1.61000e+01  9.99979e-01  2.64089e-07
 1.61250e+01  9.99975e-01  2.63057e-07
 1.61500e+01  9.99972e-01  2.62030e-07
 1.61750e+01  9.99970e-01  2.61002e-07
 1.62000e+01  9.99969e-01  2.59969e-07
 1.62250e+01  9.99969e-01  2.58926e-07
 1.62500e+01  9.99970e-01  2.57868e-07
 1.62750e+01  9.99972e-01  2.56794e-07
 1.63000e+01  9.99975e-01  2.55698e-07
 1.63250e+01  9.99978e-01  2.54579e-07
 1.63500e+01  9.99982e-01  2.53435e-07
 1.63750e+01  9.99987e-01  2.52265e-07
 1.64000e+01  9.99992e-01  2.51070e-07
 1.64250e+01  9.99997e-01  2.49851e-07
 1.64500e+01  1.00000e+00  2.48609e-07
 1.64750e+01  1.00001e+00  2.47349e-07
 1.65000e+01  1.00001e+00  2.46073e-07
 1.65250e+01  1.00002e+00  2.44787e-07
 1.65500e+01  1.00002e+00  2.43495e-07
 1.65750e+01  1.00002e+00  2.42203e-07
 1.66000e+01  1.00002e+00  2.40917e-07
 1.66250e+01  1.00002e+00  2.39642e-07
 1.66500e+01  1.00002e+00  2.38385e-07
 1.66750e+01  1.00002e+00  2.37151e-07
 1.67000e+01  1.00002e+00  2.35944e-07
 1.67250e+01  1.00002e+00  2.34769e-07
 1.67500e+01  1.00002e+00  2.33629e-07
 1.67750e+01  1.00001e+00  2.32526e-07
 1.68000e+01  1.00001e+00  2.31462e-07
 1.68250e+01  1.00001e+00  2.30438e-07
 1.68500e+01  1.00000e+00  2.29451e-07
 1.68750e+01  1.00000e+00  2.28500e-07
 1.69000e+01  9.99996e-01  2.27581e-07
 1.69250e+01  9.99992e-01  2.26691e-07
 1.69500e+01  9.99989e-01  2.25824e-07
 1.69750e+01  9.99986e-01  2.24973e-07
 1.70000e+01  9.99984e-01  2.24133e-07
 1.70250e+01  9.99982e-01  2.23295e-07
 1.70500e+01  9.99981e-01  2.22454e-07
 1.70750e+01  9.99981e-01  2.21601e-07
 1.71000e+01  9.99981e-01  2.20729e-07
 1.71250e+01  9.99982e-01  2.19834e-07
 1.71500e+01  9.99983e-01  2.18907e-07
 1.71750e+01  9.99985e-01  2.17946e-07
 1.72000e+01  9.99988e-01  2.16947e-07
 1.72250e+01  9.99990e-01  2.15907e-07
 1.72500e+01  9.99993e-01  2.14825e-07
 1.72750e+01  9.99996e-01  2.13703e-07
 1.73000e+01  9.99999e-01  2.12543e-07
 1.73250e+01  1.00000e+00  2.11348e-07
 1.73500e+01  1.00001e+00  2.10123e-07
 1.73750e+01  1.00001e+00  2.08876e-07
 1.74000e+01  1.00001e+00  2.07613e-07
 1.74250e+01  1.00001e+00  2.06343e-07
 1.74500e+01  1.00001e+00  2.05075e-07
 1.74750e+01  1.00001e+00  2.03818e-07
 1.75000e+01  1.00001e+00  2.02582e-07
 1.75250e+01  1.00001e+00  2.01375e-07
 1.75500e+01  1.00001e+00  2.00205e-07
 1.75750e+01  1.00001e+00  1.99082e-07
 1.76000e+01  1.00001e+00  1.98009e-07
 1.76250e+01  1.00001e+00  1.96994e-07
 1.76500e+01  1.00001e+00  1.96038e-07
 1.76750e+01  1.00001e+00  1.95143e-07
 1.77000e+01  1.00000e+00  1.94309e-07
 1.77250e+01  1.00000e+00  1.93533e-07
 1.77500e+01  9.99999e-01  1.92812e-07
 1.77750e+01  9.99997e-01  1.92140e-07
 1.78000e+01  9.99995e-01  1.91508e-07
 1.78250e+01  9.99993e-01  1.90909e-07
 1.78500e+01  9.99991e-01  1.90332e-07
 1.78750e+01  9.99990e-01  1.89767e-07
 1.79000e+01  9.99989e-01  1.89201e-07
 1.79250e+01  9.99989e-01  1.88624e-07
 1.79500e+01  9.99988e-01  1.88024e-07
 1.79750e+01  9.99989e-01  1.87391e-07
 1.80000e+01  9.99989e-01  1.86714e-07
 1.80250e+01  9.99990e-01  1.85986e-07
 1.80500e+01  9.99991e-01  1.85199e-07
 1.80750e+01  9.99993e-01  1.84347e-07
 1.81000e+01  9.99995e-01  1.83429e-07
 1.81250e+01  9.99996e-01  1.82442e-07
 1.81500e+01  9.99998e-01  1.81390e-07
 1.81750e+01  1.00000e+00  1.80275e-07
 1.82000e+01  1.00000e+00  1.79104e-07
 1.82250e+01  1.00000e+00  1.77886e-07
 1.82500e+01  1.00001e+00  1.76631e-07
 1.82750e+01  1.00001e+00  1.75352e-07
 1.83000e+01  1.00001e+00  1.74062e-07
 1.83250e+01  1.00001e+00  1.72776e-07
 1.83500e+01  1.00001e+00  1.71509e-07
 1.83750e+01  1.00001e+00  1.70277e-07
 1.84000e+01  1.00001e+00  1.69095e-07
 1.84250e+01  1.00001e+00  1.67976e-07
 1.84500e+01  1.00001e+00  1.66932e-07
 1.84750e+01  1.00001e+00  1.65975e-07
 1.85000e+01  1.00001e+00  1.65111e-07
 1.85250e+01  1.00000e+00  1.64345e-07
 1.85500e+01  1.00000e+00  1.63680e-07
 1.85750e+01  1.00000e+00  1.63113e-07
 1.86000e+01  1.00000e+00  1.62640e-07
 1.86250e+01  9.99999e-01  1.62254e-07
 1.86500e+01  9.99998e-01  1.61943e-07
 1.86750e+01  9.99996e-01  1.61694e-07
 1.87000e+01  9.99995e-01  1.61491e-07
 1.87250e+01  9.99994e-01  1.61317e-07
 1.87500e+01  9.99994e-01  1.61152e-07
 1.87750e+01  9.99993e-01  1.60977e-07
 1.88000e+01  9.99993e-01  1.60774e-07
 1.88250e+01  9.99993e-01  1.60523e-07
 1.88500e+01  9.99993e-01  1.60207e-07
 1.88750e+01  9.99994e-01  1.59810e-07
 1.89000e+01  9.99994e-01  1.59321e-07
 1.89250e+01  9.99995e-01  1.58727e-07
 1.89500e+01  9.99996e-01  1.58023e-07
 1.89750e+01  9.99997e-01  1.57205e-07
 1.90000e+01  9.99998e-01  1.56273e-07
 1.90250e+01  9.99999e-01  1.55230e-07
 1.90500e+01  1.00000e+00  1.54084e-07
 1.90750e+01  1.00000e+00  1.52847e-07
 1.91000e+01  1.00000e+00  1.51532e-07
 1.91250e+01  1.00000e+00  1.50158e-07
 1.91500e+01  1.00000e+00  1.48745e-07
 1.91750e+01  1.00000e+00  1.47316e-07
 1.92000e+01  1.00001e+00  1.45894e-07
 1.92250e+01  1.00001e+00  1.44505e-07
 1.92500e+01  1.00001e+00  1.43174e-07
 1.92750e+01  1.00001e+00  1.41926e-07
 1.93000e+01  1.00000e+00  1.40784e-07
 1.93250e+01  1.00000e+00  1.39769e-07
 1.93500e+01  1.00000e+00  1.38899e-07
 1.93750e+01  1.00000e+00  1.38188e-07
 1.94000e+01  1.00000e+00  1.37645e-07
 1.94250e+01  1.00000e+00  1.37274e-07
 1.94500e+01  1.00000e+00  1.37073e-07
 1.94750e+01  1.00000e+00  1.37034e-07
 1.95000e+01  9.99999e-01  1.37145e-07
 1.95250e+01  9.99998e-01  1.37385e-07
 1.95500e+01  9.99998e-01  1.37730e-07
 1.95750e+01  9.99997e-01  1.38151e-07
 1.96000e+01  9.99996e-01  1.38614e-07
 1.96250e+01  9.99996e-01  1.39085e-07
 1.96500e+01  9.99996e-01  1.39525e-07
 1.96750e+01  9.99996e-01  1.39898e-07
 1.97000e+01  9.99996e-01  1.40170e-07
 1.97250e+01  9.99996e-01  1.40308e-07
 1.97500e+01  9.99996e-01  1.40285e-07
 1.97750e+01  9.99997e-01  1.40077e-07
 1.98000e+01  9.99997e-01  1.39670e-07
 1.98250e+01  9.99998e-01  1.39052e-07
 1.98500e+01  9.99999e-01  1.38224e-07
 1.98750e+01  9.99999e-01  1.37188e-07
 1.99000e+01  1.00000e+00  1.35959e-07
 1.99250e+01  1.00000e+00  1.34553e-07
 1.99500e+01  1.00000e+00  1.32996e-07
 1.99750e+01  1.00000e+00  1.31317e-07
 2.00000e+01  1.00000e+00  1.29550e-07
 2.00250e+01  1.00000e+00  1.27732e-07
 2.00500e+01  1.00000e+00  1.25901e-07
 2.00750e+01  1.00000e+00  1.24100e-07
 2.01000e+01  1.00000e+00  1.22368e-07
 2.01250e+01  1.00000e+00  1.20746e-07
 2.01500e+01  1.00000e+00  1.19274e-07
 2.01750e+01  1.00000e+00  1.17987e-07
 2.02000e+01  1.00000e+00  1.16920e-07
 2.02250e+01  1.00000e+00  1.16100e-07
 2.02500e+01  1.00000e+00  1.15550e-07
 2.02750e+01  1.00000e+00  1.15288e-07
 2.03000e+01  1.00000e+00  1.15321e-07
 2.03250e+01  1.00000e+00  1.15650e-07
 2.03500e+01  1.00000e+00  1.16267e-07
 2.03750e+01  9.99999e-01  1.17152e-07
 2.04000e+01  9.99999e-01  1.18276e-07
 2.04250e+01  9.99998e-01  1.19601e-07
 2.04500e+01  9.99998e-01  1.21078e-07
 2.04750e+01  9.99998e-01  1.22649e-07
 2.05000e+01  9.99998e-01  1.24249e-07
 2.05250e+01  9.99998e-01  1.25807e-07
 2.05500e+01  9.99998e-01  1.27248e-07
 2.05750e+01  9.99998e-01  1.28498e-07
 2.06000e+01  9.99998e-01  1.29485e-07
 2.06250e+01  9.99998e-01  1.30143e-07
 2.06500e+01  9.99998e-01  1.30416e-07
 2.06750e+01  9.99999e-01  1.30262e-07
 2.07000e+01  9.99999e-01  1.29654e-07
 2.07250e+01  9.99999e-01  1.28584e-07
 2.07500e+01  1.00000e+00  1.27063e-07
 2.07750e+01  1.00000e+00  1.25122e-07
 2.08000e+01  1.00000e+00  1.22813e-07
 2.08250e+01  1.00000e+00  1.20202e-07
 2.08500e+01  1.00000e+00  1.17368e-07
 2.08750e+01  1.00000e+00  1.14400e-07
 2.09000e+01  1.00000e+00  1.11392e-07
 2.09250e+01  1.00000e+00  1.08438e-07
 2.09500e+01  1.00000e+00  1.05627e-07
 2.09750e+01  1.00000e+00  1.03042e-07
 2.10000e+01  1.00000e+00  1.00756e-07
 2.10250e+01  1.00000e+00  9.88301e-08
 2.10500e+01  1.00000e+00  9.73158e-08
 2.10750e+01  1.00000e+00  9.62521e-08
 2.11000e+01  1.00000e+00  9.56672e-08
 2.11250e+01  1.00000e+00  9.55792e-08
 2.11500e+01  1.00000e+00  9.59958e-08
 2.11750e+01  1.00000e+00  9.69152e-08
 2.12000e+01  1.00000e+00  9.83256e-08
 2.12250e+01  1.00000e+00  1.00205e-07
 2.12500e+01  9.99999e-01  1.02521e-07
 2.12750e+01  9.99999e-01  1.05229e-07
 2.13000e+01  9.99999e-01  1.08274e-07
 2.13250e+01  9.99999e-01  1.11587e-07
 2.13500e+01  9.99999e-01  1.15086e-07
 2.13750e+01  9.99999e-01  1.18677e-07
 2.14000e+01  9.99999e-01  1.22252e-07
 2.14250e+01  9.99999e-01  1.25691e-07
 2.14500e+01  9.99999e-01  1.28865e-07
 2.14750e+01  9.99999e-01  1.31636e-07
 2.15000e+01  9.99999e-01  1.33863e-07
 2.15250e+01  9.99999e-01  1.35407e-07
 2.15500e+01  9.99999e-01  1.36136e-07
 2.15750e+01  1.00000e+00  1.35935e-07
 2.16000e+01  1.00000e+00  1.34713e-07
 2.16250e+01  1.00000e+00  1.32413e-07
 2.16500e+01  1.00000e+00  1.29022e-07
 2.16750e+01  1.00000e+00  1.24583e-07
 2.17000e+01  1.00000e+00  1.19196e-07
 2.17250e+01  1.00000e+00  1.13026e-07
 2.17500e+01  1.00000e+00  1.06300e-07
 2.17750e+01  1.00000e+00  9.93017e-08
 2.18000e+01  1.00000e+00  9.23544e-08
 2.18250e+01  1.00000e+00  8.58027e-08
 2.18500e+01  1.00000e+00  7.99856e-08
 2.18750e+01  1.00000e+00  7.52086e-08
 2.19000e+01  1.00000e+00  7.17168e-08
 2.19250e+01  1.00000e+00  6.96736e-08
 2.19500e+01  1.00000e+00  6.91498e-08
 2.19750e+01  1.00000e+00  7.01240e-08
 2.20000e+01  1.00000e+00  7.24954e-08
 2.20250e+01  1.00000e+00  7.61058e-08
 2.20500e+01  1.00000e+00  8.07643e-08
 2.20750e+01  1.00000e+00  8.62716e-08
 2.21000e+01  1.00000e+00  9.24377e-08
 2.21250e+01  1.00000e+00  9.90911e-08
 2.21500e+01  1.00000e+00  1.06081e-07
 2.21750e+01  9.99999e-01  1.13276e-07
 2.22000e+01  9.99999e-01  1.20555e-07
 2.22250e+01  9.99999e-01  1.27806e-07
 2.22500e+01  9.99999e-01  1.34916e-07
 2.22750e+01  9.99999e-01  1.41770e-07
 2.23000e+01  9.99999e-01  1.48246e-07
 2.23250e+01  9.99999e-01  1.54213e-07
 2.23500e+01  9.99999e-01  1.59528e-07
 2.23750e+01  1.00000e+00  1.64033e-07
 2.24000e+01  1.00000e+00  1.67556e-07
 2.24250e+01  1.00000e+00  1.69913e-07
 2.24500e+01  1.00000e+00  1.70904e-07
 2.24750e+01  1.00000e+00  1.70321e-07
 2.25000e+01  1.00000e+00  1.67952e-07
 2.25250e+01  1.00000e+00  1.63592e-07
 2.25500e+01  1.00000e+00  1.57056e-07
 2.25750e+01  1.00000e+00  1.48196e-07
 2.26000e+01  1.00000e+00  1.36931e-07
 2.26250e+01  1.00000e+00  1.23277e-07
 2.26500e+01  1.00000e+00  1.07389e-07
 2.26750e+01  1.00000e+00  8.96037e-08
 2.27000e+01  1.00000e+00  7.04908e-08
 2.27250e+01  1.00000e+00  5.08920e-08
 2.27500e+01  1.00000e+00  3.19471e-08
 2.27750e+01  1.00000e+00  1.50843e-08
 2.28000e+01  1.00000e+00  1.95796e-09
 2.28250e+01  1.00000e+00 -5.68815e-09
 2.28500e+01  1.00000e+00 -6.24158e-09
 2.28750e+01  1.00000e+00  1.48275e-09
 2.29000e+01  1.00000e+00  1.79168e-08
 2.29250e+01  1.00000e+00  4.24691e-08
 2.29500e+01  1.00000e+00  7.34281e-08
 2.29750e+01  1.00000e+00  1.08140e-07
 2.30000e+01  1.00000e+00  1.43489e-07
 2.30250e+01  1.00000e+00  1.76559e-07
 2.30500e+01  1.00000e+00  2.05244e-07
 2.30750e+01  1.00000e+00  2.28550e-07
 2.31000e+01  1.00000e+00  2.46500e-07
 2.31250e+01  1.00000e+00  2.59750e-07
 2.31500e+01  1.00000e+00  2.69168e-07
 2.31750e+01  1.00000e+00  2.75539e-07
 2.32000e+01  1.00000e+00  2.79449e-07
 2.32250e+01  1.00000e+00  2.81298e-07
 2.32500e+01  1.00000e+00  2.81344e-07
 2.32750e+01  1.00000e+00  2.79752e-07
 2.33000e+01  1.00000e+00  2.76621e-07
 2.33250e+01  1.00000e+00  2.72000e-07
 2.33500e+01  1.00000e+00  2.65899e-07
 2.33750e+01  1.00000e+00  2.58295e-07
 2.34000e+01  1.00000e+00  2.49135e-07
 2.34250e+01  1.00000e+00  2.38342e-07
 2.34500e+01  1.00000e+00  2.25821e-07
 2.34750e+01  1.00000e+00  2.11465e-07
 2.35000e+01  1.00000e+00  1.95165e-07
 2.35250e+01  1.00000e+00  1.76820e-07
 2.35500e+01  1.00000e+00  1.56361e-07
 2.35750e+01  1.00000e+00  1.33776e-07
 2.36000e+01  1.00000e+00  1.09153e-07
 2.36250e+01  1.00000e+00  8.27394e-08
 2.36500e+01  1.00000e+00  5.50285e-08
 2.36750e+01  1.00000e+00  2.68765e-08
 2.37000e+01  1.00000e+00 -3.29660e-10
 2.37250e+01  1.00000e+00 -2.44727e-08
 2.37500e+01  1.00000e+00 -4.24483e-08
 2.37750e+01  1.00000e+00 -4.99318e-08
 2.38000e+01  1.00000e+00 -4.12265e-08
 2.38250e+01  1.00000e+00 -9.47387e-09
 2.38500e+01  1.00000e+00  5.24230e-08
 2.38750e+01  1.00000e+00  1.49461e-07
 2.39000e+01  1.00000e+00  2.80243e-07
 2.39250e+01  1.00000e+00  4.30801e-07
 2.39500e+01  1.00000e+00  5.69444e-07
 2.39750e+01  1.00000e+00  6.49588e-07
 2.40000e+01  1.00000e+00  6.29004e-07
 2.40250e+01  1.00000e+00  5.00007e-07
 2.40500e+01  1.00000e+00  3.00459e-07
 2.40750e+01  1.00000e+00  8.54417e-08
 2.41000e+01  1.00000e+00 -1.02979e-07
 2.41250e+01  1.00000e+00 -2.45221e-07
 2.41500e+01  1.00000e+00 -3.45593e-07
 2.41750e+01  1.00000e+00 -4.16176e-07
 2.42000e+01  1.00000e+00 -4.64138e-07
 2.42250e+01  1.00000e+00 -4.93450e-07
 2.42500e+01  1.00000e+00 -5.06799e-07
 2.42750e+01  1.00000e+00 -5.06460e-07
 2.43000e+01  1.00000e+00 -4.94435e-07
 2.43250e+01  1.00000e+00 -4.72654e-07
 2.43500e+01  1.00000e+00 -4.42933e-07
 2.43750e+01  1.00000e+00 -4.07052e-07
 2.44000e+01  1.00000e+00 -3.66680e-07
 2.44250e+01  1.00000e+00 -3.23412e-07
 2.44500e+01  1.00000e+00 -2.78709e-07
 2.44750e+01  1.00000e+00 -2.33916e-07
 2.45000e+01  1.00000e+00 -1.90209e-07
 2.45250e+01  1.00000e+00 -1.48620e-07
 2.45500e+01  1.00000e+00 -1.09992e-07
 2.45750e+01  1.00000e+00 -7.50035e-08
 2.46000e+01  1.00000e+00 -4.41427e-08
 2.46250e+01  1.00000e+00 -1.77295e-08
 2.46500e+01  1.00000e+00  4.09760e-09
 2.46750e+01  1.00000e+00  2.13522e-08
 2.47000e+01  1.00000e+00  3.42063e-08
 2.47250e+01  1.00000e+00  4.29556e-08
 2.47500e+01  1.00000e+00  4.80180e-08
 2.47750e+01  1.00000e+00  4.98963e-08
 2.48000e+01  1.00000e+00  4.91707e-08
 2.48250e+01  1.00000e+00  4.64594e-08
 2.48500e+01  1.00000e+00  4.24081e-08
 2.48750e+01  1.00000e+00  3.76493e-08
 2.49000e+01  1.00000e+00  3.27908e-08
 2.49250e+01  1.00000e+00  2.83739e-08
 2.49500e+01  1.00000e+00  2.48617e-08
 2.49750e+01  1.00000e+00  2.25995e-08
 2.50000e+01  1.00000e+00  2.18079e-08
