 r[σ]         g_ii         c_ii        
 1.50000e-02  1.00000e+00 -1.97868e+05
 3.00000e-02  1.00000e+00 -1.97868e+05
 4.50000e-02  1.00000e+00 -1.97868e+05
 6.00000e-02  1.00000e+00 -1.97868e+05
 7.50000e-02  1.00000e+00 -1.97868e+05
 9.00000e-02  1.00000e+00 -1.97868e+05
 1.05000e-01  1.00000e+00 -1.97868e+05
 1.20000e-01  1.00000e+00 -1.97868e+05
 1.35000e-01  1.00000e+00 -1.97868e+05
 1.50000e-01  1.00000e+00 -1.97868e+05
 1.65000e-01  1.00000e+00 -1.97868e+05
 1.80000e-01  1.00000e+00 -1.97868e+05
 1.95000e-01  1.00000e+00 -1.97868e+05
 2.10000e-01  1.00000e+00 -1.97868e+05
 2.25000e-01  1.00000e+00 -1.97868e+05
 2.40000e-01  1.00000e+00 -1.97868e+05
 2.55000e-01  1.00000e+00 -1.97868e+05
 2.70000e-01  1.00000e+00 -1.97868e+05
 2.85000e-01  1.00000e+00 -1.97868e+05
 3.00000e-01  1.00000e+00 -1.97868e+05
 3.15000e-01  1.00000e+00 -1.97868e+05
 3.30000e-01  1.00000e+00 -1.97868e+05
 3.45000e-01  1.00000e+00 -1.97868e+05
 3.60000e-01  1.00000e+00 -1.97868e+05
 3.75000e-01  1.00000e+00 -1.97868e+05
 3.90000e-01  1.00000e+00 -1.97868e+05
 4.05000e-01  1.00000e+00 -1.70411e+05
 4.20000e-01  1.00000e+00 -1.10026e+05
 4.35000e-01  1.00000e+00 -7.21199e+04
 4.50000e-01  1.00000e+00 -4.79410e+04
 4.65000e-01  1.00000e+00 -3.22872e+04
 4.80000e-01  1.00000e+00 -2.20110e+04
 4.95000e-01  1.00000e+00 -1.51768e+04
 5.10000e-01  1.00000e+00 -1.05761e+04
 5.25000e-01  1.00000e+00 -7.44349e+03
 5.40000e-01  1.00000e+00 -5.28749e+03
 5.55000e-01  1.00000e+00 -3.78862e+03
 5.70000e-01  1.00000e+00 -2.73668e+03
 5.85000e-01  1.00000e+00 -1.99179e+03
 6.00000e-01  1.00000e+00 -1.45987e+03
 6.15000e-01  1.00000e+00 -1.07701e+03
 6.30000e-01  1.00000e+00 -7.99379e+02
 6.45000e-01  1.00000e+00 -5.96634e+02
 6.60000e-01  1.00000e+00 -4.47594e+02
 6.75000e-01  1.00000e+00 -3.37350e+02
 6.90000e-01  1.00000e+00 -2.55326e+02
 7.05000e-01  1.00000e+00 -1.93962e+02
 7.20000e-01  1.00000e+00 -1.47820e+02
 7.35000e-01  1.00000e+00 -1.12958e+02
 7.50000e-01  1.00000e+00 -8.65021e+01
 7.65000e-01  1.00000e+00 -6.63432e+01
 7.80000e-01  1.00000e+00 -5.09253e+01
 7.95000e-01  1.00000e+00 -3.90935e+01
 8.10000e-01  1.00000e+00 -2.99863e+01
 8.25000e-01  1.00000e+00 -2.29579e+01
 8.40000e-01  1.00000e+00 -1.75216e+01
 8.55000e-01  1.00000e+00 -1.33090e+01
 8.70000e-01  1.00000e+00 -1.00404e+01
 8.85000e-01  1.00000e+00 -7.50199e+00
 9.00000e-01  1.00000e+00 -5.53010e+00
 9.15000e-01  1.00000e+00 -3.99884e+00
 9.30000e-01  1.00000e+00 -2.81106e+00
 9.45000e-01  1.00000e+00 -1.89154e+00
 9.60000e-01  1.00000e+00 -1.18187e+00
 9.75000e-01  1.00000e+00 -6.36549e-01
 9.90000e-01  1.00000e+00 -2.20069e-01
 1.00500e+00  1.00000e+00  9.53758e-02
 1.02000e+00  1.00000e+00  3.31594e-01
 1.03500e+00  1.00000e+00  5.05724e-01
 1.05000e+00  1.00000e+00  6.31260e-01
 1.06500e+00  1.00000e+00  7.18838e-01
 1.08000e+00  1.00000e+00  7.76853e-01
 1.09500e+00  1.00000e+00  8.11938e-01
 1.11000e+00  1.00000e+00  8.29333e-01
 1.12500e+00  1.00000e+00  8.33182e-01
 1.14000e+00  1.00000e+00  8.26758e-01
 1.15500e+00  1.00000e+00  8.12645e-01
 1.17000e+00  1.00000e+00  7.92882e-01
 1.18500e+00  1.00000e+00  7.69071e-01
 1.20000e+00  1.00000e+00  7.42471e-01
 1.21500e+00  1.00000e+00  7.14067e-01
 1.23000e+00  1.00000e+00  6.84622e-01
 1.24500e+00  1.00000e+00  6.54730e-01
 1.26000e+00  1.00000e+00  6.24843e-01
 1.27500e+00  1.00000e+00  5.95305e-01
 1.29000e+00  1.00000e+00  5.66372e-01
 1.30500e+00  1.00000e+00  5.38231e-01
 1.32000e+00  1.00000e+00  5.11015e-01
 1.33500e+00  1.00000e+00  4.84815e-01
 1.35000e+00  1.00000e+00  4.59686e-01
 1.36500e+00  1.00000e+00  4.35658e-01
 1.38000e+00  1.00000e+00  4.12743e-01
 1.39500e+00  1.00000e+00  3.90933e-01
 1.41000e+00  1.00000e+00  3.70212e-01
 1.42500e+00  1.00000e+00  3.50553e-01
 1.44000e+00  1.00000e+00  3.31925e-01
 1.45500e+00  1.00000e+00  3.14291e-01
 1.47000e+00  1.00000e+00  2.97611e-01
 1.48500e+00  1.00000e+00  2.81844e-01
 1.50000e+00  1.00000e+00  2.66947e-01
 1.51500e+00  1.00000e+00  2.52879e-01
 1.53000e+00  1.00000e+00  2.39597e-01
 1.54500e+00  1.00000e+00  2.27061e-01
 1.56000e+00  1.00000e+00  2.15230e-01
 1.57500e+00  1.00000e+00  2.04065e-01
 1.59000e+00  1.00000e+00  1.93531e-01
 1.60500e+00  1.00000e+00  1.83590e-01
 1.62000e+00  1.00000e+00  1.74209e-01
 1.63500e+00  1.00000e+00  1.65357e-01
 1.65000e+00  1.00000e+00  1.57001e-01
 1.66500e+00  1.00000e+00  1.49113e-01
 1.68000e+00  1.00000e+00  1.41665e-01
 1.69500e+00  1.00000e+00  1.34633e-01
 1.71000e+00  1.00000e+00  1.27990e-01
 1.72500e+00  1.00000e+00  1.21714e-01
 1.74000e+00  1.00000e+00  1.15783e-01
 1.75500e+00  1.00000e+00  1.10177e-01
 1.77000e+00  1.00000e+00  1.04877e-01
 1.78500e+00  1.00000e+00  9.98645e-02
 1.80000e+00  1.00000e+00  9.51225e-02
 1.81500e+00  1.00000e+00  9.06353e-02
 1.83000e+00  1.00000e+00  8.63878e-02
 1.84500e+00  1.00000e+00  8.23660e-02
 1.86000e+00  1.00000e+00  7.85568e-02
 1.87500e+00  1.00000e+00  7.49479e-02
 1.89000e+00  1.00000e+00  7.15276e-02
 1.90500e+00  1.00000e+00  6.82850e-02
 1.92000e+00  1.00000e+00  6.52100e-02
 1.93500e+00  1.00000e+00  6.22930e-02
 1.95000e+00  1.00000e+00  5.95250e-02
 1.96500e+00  1.00000e+00  5.68975e-02
 1.98000e+00  1.00000e+00  5.44026e-02
 1.99500e+00  1.00000e+00  5.20328e-02
 2.01000e+00  1.00000e+00  4.97813e-02
 2.02500e+00  1.00000e+00  4.76413e-02
 2.04000e+00  1.00000e+00  4.56068e-02
 2.05500e+00  1.00000e+00  4.36720e-02
 2.07000e+00  1.00000e+00  4.18313e-02
 2.08500e+00  1.00000e+00  4.00796e-02
 2.10000e+00  1.00000e+00  3.84122e-02
 2.11500e+00  1.00000e+00  3.68245e-02
 2.13000e+00  1.00000e+00  3.53123e-02
 2.14500e+00  1.00000e+00  3.38714e-02
 2.16000e+00  1.00000e+00  3.24982e-02
 2.17500e+00  1.00000e+00  3.11890e-02
 2.19000e+00  1.00000e+00  2.99405e-02
 2.20500e+00  1.00000e+00  2.87496e-02
 2.22000e+00  1.00000e+00  2.76133e-02
 2.23500e+00  1.00000e+00  2.65287e-02
 2.25000e+00  1.00000e+00  2.54931e-02
 2.26500e+00  1.00000e+00  2.45042e-02
 2.28000e+00  1.00000e+00  2.35596e-02
 2.29500e+00  1.00000e+00  2.26569e-02
 2.31000e+00  1.00000e+00  2.17941e-02
 2.32500e+00  1.00000e+00  2.09692e-02
 2.34000e+00  1.00000e+00  2.01804e-02
 2.35500e+00  1.00000e+00  1.94258e-02
 2.37000e+00  1.00000e+00  1.87038e-02
 2.38500e+00  1.00000e+00  1.80128e-02
 2.40000e+00  1.00000e+00  1.73513e-02
 2.41500e+00  1.00000e+00  1.67179e-02
 2.43000e+00  1.00000e+00  1.61112e-02
 2.44500e+00  1.00000e+00  1.55299e-02
 2.46000e+00  1.00000e+00  1.49728e-02
 2.47500e+00  1.00000e+00  1.44389e-02
 2.49000e+00  1.00000e+00  1.39270e-02
 2.50500e+00  1.00000e+00  1.34360e-02
 2.52000e+00  1.00000e+00  1.29651e-02
 2.53500e+00  1.00000e+00  1.25133e-02
 2.55000e+00  1.00000e+00  1.20797e-02
 2.56500e+00  1.00000e+00  1.16634e-02
 2.58000e+00  1.00000e+00  1.12638e-02
 2.59500e+00  1.00000e+00  1.08800e-02
 2.61000e+00  1.00000e+00  1.05114e-02
 2.62500e+00  1.00000e+00  1.01572e-02
 2.64000e+00  1.00000e+00  9.81681e-03
 2.65500e+00  1.00000e+00  9.48964e-03
 2.67000e+00  1.00000e+00  9.17510e-03
 2.68500e+00  1.00000e+00  8.87263e-03
 2.70000e+00  1.00000e+00  8.58171e-03
 2.71500e+00  1.00000e+00  8.30183e-03
 2.73000e+00  1.00000e+00  8.03253e-03
 2.74500e+00  1.00000e+00  7.77335e-03
 2.76000e+00  1.00000e+00  7.52386e-03
 2.77500e+00  1.00000e+00  7.28364e-03
 2.79000e+00  1.00000e+00  7.05232e-03
 2.80500e+00  1.00000e+00  6.82950e-03
 2.82000e+00  1.00000e+00  6.61485e-03
 2.83500e+00  1.00000e+00  6.40801e-03
 2.85000e+00  1.00000e+00  6.20867e-03
 2.86500e+00  1.00000e+00  6.01651e-03
 2.88000e+00  1.00000e+00  5.83126e-03
 2.89500e+00  1.00000e+00  5.65261e-03
 2.91000e+00  1.00000e+00  5.48031e-03
 2.92500e+00  1.00000e+00  5.31410e-03
 2.94000e+00  1.00000e+00  5.15373e-03
 2.95500e+00  1.00000e+00  4.99898e-03
 2.97000e+00  1.00000e+00  4.84961e-03
 2.98500e+00  1.00000e+00  4.70542e-03
 3.00000e+00  1.00000e+00  4.56620e-03
 3.01500e+00  1.00000e+00  4.43176e-03
 3.03000e+00  1.00000e+00  4.30191e-03
 3.04500e+00  1.00000e+00  4.17647e-03
 3.06000e+00  1.00000e+00  4.05528e-03
 3.07500e+00  1.00000e+00  3.93817e-03
 3.09000e+00  1.00000e+00  3.82498e-03
 3.10500e+00  1.00000e+00  3.71556e-03
 3.12000e+00  1.00000e+00  3.60977e-03
 3.13500e+00  1.00000e+00  3.50748e-03
 3.15000e+00  1.00000e+00  3.40856e-03
 3.16500e+00  1.00000e+00  3.31287e-03
 3.18000e+00  1.00000e+00  3.22030e-03
 3.19500e+00  1.00000e+00  3.13073e-03
 3.21000e+00  1.00000e+00  3.04405e-03
 3.22500e+00  1.00000e+00  2.96015e-03
 3.24000e+00  1.00000e+00  2.87894e-03
 3.25500e+00  1.00000e+00  2.80032e-03
 3.27000e+00  1.00000e+00  2.72419e-03
 3.28500e+00  1.00000e+00  2.65046e-03
 3.30000e+00  1.00000e+00  2.57904e-03
 3.31500e+00  1.00000e+00  2.50986e-03
 3.33000e+00  1.00000e+00  2.44284e-03
 3.34500e+00  1.00000e+00  2.37789e-03
 3.36000e+00  1.00000e+00  2.31495e-03
 3.37500e+00  1.00000e+00  2.25394e-03
 3.39000e+00  1.00000e+00  2.19480e-03
 3.40500e+00  1.00000e+00  2.13746e-03
 3.42000e+00  1.00000e+00  2.08186e-03
 3.43500e+00  1.00000e+00  2.02793e-03
 3.45000e+00  1.00000e+00  1.97563e-03
 3.46500e+00  1.00000e+00  1.92490e-03
 3.48000e+00  1.00000e+00  1.87568e-03
 3.49500e+00  1.00000e+00  1.82792e-03
 3.51000e+00  1.00000e+00  1.78157e-03
 3.52500e+00  1.00000e+00  1.73659e-03
 3.54000e+00  1.00000e+00  1.69293e-03
 3.55500e+00  1.00000e+00  1.65054e-03
 3.57000e+00  1.00000e+00  1.60938e-03
 3.58500e+00  1.00000e+00  1.56942e-03
 3.60000e+00  1.00000e+00  1.53061e-03
 3.61500e+00  1.00000e+00  1.49291e-03
 3.63000e+00  1.00000e+00  1.45629e-03
 3.64500e+00  1.00000e+00  1.42072e-03
 3.66000e+00  1.00000e+00  1.38615e-03
 3.67500e+00  1.00000e+00  1.35257e-03
 3.69000e+00  1.00000e+00  1.31992e-03
 3.70500e+00  1.00000e+00  1.28819e-03
 3.72000e+00  1.00000e+00  1.25735e-03
 3.73500e+00  1.00000e+00  1.22737e-03
 3.75000e+00  1.00000e+00  1.19822e-03
 3.76500e+00  1.00000e+00  1.16987e-03
 3.78000e+00  1.00000e+00  1.14230e-03
 3.79500e+00  1.00000e+00  1.11548e-03
 3.81000e+00  1.00000e+00  1.08940e-03
 3.82500e+00  1.00000e+00  1.06402e-03
 3.84000e+00  1.00000e+00  1.03934e-03
 3.85500e+00  1.00000e+00  1.01531e-03
 3.87000e+00  1.00000e+00  9.91936e-04
 3.88500e+00  1.00000e+00  9.69184e-04
 3.90000e+00  1.00000e+00  9.47039e-04
 3.91500e+00  1.00000e+00  9.25481e-04
 3.93000e+00  1.00000e+00  9.04494e-04
 3.94500e+00  1.00000e+00  8.84059e-04
 3.96000e+00  1.00000e+00  8.64162e-04
 3.97500e+00  1.00000e+00  8.44784e-04
 3.99000e+00  1.00000e+00  8.25912e-04
 4.00500e+00  1.00000e+00  8.07529e-04
 4.02000e+00  1.00000e+00  7.89622e-04
 4.03500e+00  1.00000e+00  7.72177e-04
 4.05000e+00  1.00000e+00  7.55179e-04
 4.06500e+00  1.00000e+00  7.38617e-04
 4.08000e+00  1.00000e+00  7.22476e-04
 4.09500e+00  1.00000e+00  7.06746e-04
 4.11000e+00  1.00000e+00  6.91413e-04
 4.12500e+00  1.00000e+00  6.76467e-04
 4.14000e+00  1.00000e+00  6.61897e-04
 4.15500e+00  1.00000e+00  6.47691e-04
 4.17000e+00  1.00000e+00  6.33840e-04
 4.18500e+00  1.00000e+00  6.20333e-04
 4.20000e+00  1.00000e+00  6.07161e-04
 4.21500e+00  1.00000e+00  5.94314e-04
 4.23000e+00  1.00000e+00  5.81783e-04
 4.24500e+00  1.00000e+00  5.69559e-04
 4.26000e+00  1.00000e+00  5.57633e-04
 4.27500e+00  1.00000e+00  5.45998e-04
 4.29000e+00  1.00000e+00  5.34645e-04
 4.30500e+00  1.00000e+00  5.23566e-04
 4.32000e+00  1.00000e+00  5.12754e-04
 4.33500e+00  1.00000e+00  5.02202e-04
 4.35000e+00  1.00000e+00  4.91903e-04
 4.36500e+00  1.00000e+00  4.81848e-04
 4.38000e+00  1.00000e+00  4.72033e-04
 4.39500e+00  1.00000e+00  4.62450e-04
 4.41000e+00  1.00000e+00  4.53094e-04
 4.42500e+00  1.00000e+00  4.43957e-04
 4.44000e+00  1.00000e+00  4.35035e-04
 4.45500e+00  1.00000e+00  4.26321e-04
 4.47000e+00  1.00000e+00  4.17810e-04
 4.48500e+00  1.00000e+00  4.09497e-04
 4.50000e+00  1.00000e+00  4.01376e-04
 4.51500e+00  1.00000e+00  3.93442e-04
 4.53000e+00  1.00000e+00  3.85691e-04
 4.54500e+00  1.00000e+00  3.78117e-04
 4.56000e+00  1.00000e+00  3.70716e-04
 4.57500e+00  1.00000e+00  3.63484e-04
 4.59000e+00  1.00000e+00  3.56415e-04
 4.60500e+00  1.00000e+00  3.49507e-04
 4.62000e+00  1.00000e+00  3.42754e-04
 4.63500e+00  1.00000e+00  3.36153e-04
 4.65000e+00  1.00000e+00  3.29699e-04
 4.66500e+00  1.00000e+00  3.23390e-04
 4.68000e+00  1.00000e+00  3.17221e-04
 4.69500e+00  1.00000e+00  3.11189e-04
 4.71000e+00  1.00000e+00  3.05291e-04
 4.72500e+00  1.00000e+00  2.99522e-04
 4.74000e+00  1.00000e+00  2.93880e-04
 4.75500e+00  1.00000e+00  2.88362e-04
 4.77000e+00  1.00000e+00  2.82964e-04
 4.78500e+00  1.00000e+00  2.77684e-04
 4.80000e+00  1.00000e+00  2.72518e-04
 4.81500e+00  1.00000e+00  2.67464e-04
 4.83000e+00  1.00000e+00  2.62520e-04
 4.84500e+00  1.00000e+00  2.57681e-04
 4.86000e+00  1.00000e+00  2.52946e-04
 4.87500e+00  1.00000e+00  2.48313e-04
 4.89000e+00  1.00000e+00  2.43778e-04
 4.90500e+00  1.00000e+00  2.39339e-04
 4.92000e+00  1.00000e+00  2.34994e-04
 4.93500e+00  1.00000e+00  2.30742e-04
 4.95000e+00  1.00000e+00  2.26578e-04
 4.96500e+00  1.00000e+00  2.22502e-04
 4.98000e+00  1.00000e+00  2.18511e-04
 4.99500e+00  1.00000e+00  2.14604e-04
 5.01000e+00  1.00000e+00  2.10778e-04
 5.02500e+00  1.00000e+00  2.07031e-04
 5.04000e+00  1.00000e+00  2.03362e-04
 5.05500e+00  1.00000e+00  1.99768e-04
 5.07000e+00  1.00000e+00  1.96248e-04
 5.08500e+00  1.00000e+00  1.92800e-04
 5.10000e+00  1.00000e+00  1.89423e-04
 5.11500e+00  1.00000e+00  1.86115e-04
 5.13000e+00  1.00000e+00  1.82873e-04
 5.14500e+00  1.00000e+00  1.79698e-04
 5.16000e+00  1.00000e+00  1.76587e-04
 5.17500e+00  1.00000e+00  1.73538e-04
 5.19000e+00  1.00000e+00  1.70550e-04
 5.20500e+00  1.00000e+00  1.67623e-04
 5.22000e+00  1.00000e+00  1.64753e-04
 5.23500e+00  1.00000e+00  1.61941e-04
 5.25000e+00  1.00000e+00  1.59185e-04
 5.26500e+00  1.00000e+00  1.56483e-04
 5.28000e+00  1.00000e+00  1.53835e-04
 5.29500e+00  1.00000e+00  1.51239e-04
 5.31000e+00  1.00000e+00  1.48694e-04
 5.32500e+00  1.00000e+00  1.46198e-04
 5.34000e+00  1.00000e+00  1.43752e-04
 5.35500e+00  1.00000e+00  1.41352e-04
 5.37000e+00  1.00000e+00  1.39000e-04
 5.38500e+00  1.00000e+00  1.36693e-04
 5.40000e+00  1.00000e+00  1.34431e-04
 5.41500e+00  1.00000e+00  1.32212e-04
 5.43000e+00  1.00000e+00  1.30036e-04
 5.44500e+00  1.00000e+00  1.27901e-04
 5.46000e+00  1.00000e+00  1.25807e-04
 5.47500e+00  1.00000e+00  1.23754e-04
 5.49000e+00  1.00000e+00  1.21739e-04
 5.50500e+00  1.00000e+00  1.19762e-04
 5.52000e+00  1.00000e+00  1.17823e-04
 5.53500e+00  1.00000e+00  1.15920e-04
 5.55000e+00  1.00000e+00  1.14053e-04
 5.56500e+00  1.00000e+00  1.12221e-04
 5.58000e+00  1.00000e+00  1.10423e-04
 5.59500e+00  1.00000e+00  1.08659e-04
 5.61000e+00  1.00000e+00  1.06927e-04
 5.62500e+00  1.00000e+00  1.05228e-04
 5.64000e+00  1.00000e+00  1.03560e-04
 5.65500e+00  1.00000e+00  1.01922e-04
 5.67000e+00  1.00000e+00  1.00315e-04
 5.68500e+00  1.00000e+00  9.87377e-05
 5.70000e+00  1.00000e+00  9.71890e-05
 5.71500e+00  1.00000e+00  9.56685e-05
 5.73000e+00  1.00000e+00  9.41757e-05
 5.74500e+00  1.00000e+00  9.27100e-05
 5.76000e+00  1.00000e+00  9.12708e-05
 5.77500e+00  1.00000e+00  8.98577e-05
 5.79000e+00  1.00000e+00  8.84700e-05
 5.80500e+00  1.00000e+00  8.71072e-05
 5.82000e+00  1.00000e+00  8.57689e-05
 5.83500e+00  1.00000e+00  8.44545e-05
 5.85000e+00  1.00000e+00  8.31635e-05
 5.86500e+00  1.00000e+00  8.18955e-05
 5.88000e+00  1.00000e+00  8.06500e-05
 5.89500e+00  1.00000e+00  7.94265e-05
 5.91000e+00  1.00000e+00  7.82247e-05
 5.92500e+00  1.00000e+00  7.70440e-05
 5.94000e+00  1.00000e+00  7.58840e-05
 5.95500e+00  1.00000e+00  7.47444e-05
 5.97000e+00  1.00000e+00  7.36246e-05
 5.98500e+00  1.00000e+00  7.25244e-05
 6.00000e+00  1.00000e+00  7.14434e-05
 6.01500e+00  1.00000e+00  7.03811e-05
 6.03000e+00  1.00000e+00  6.93371e-05
 6.04500e+00  1.00000e+00  6.83112e-05
 6.06000e+00  1.00000e+00  6.73030e-05
 6.07500e+00  1.00000e+00  6.63120e-05
 6.09000e+00  1.00000e+00  6.53381e-05
 6.10500e+00  1.00000e+00  6.43808e-05
 6.12000e+00  1.00000e+00  6.34398e-05
 6.13500e+00  1.00000e+00  6.25149e-05
 6.15000e+00  1.00000e+00  6.16056e-05
 6.16500e+00  1.00000e+00  6.07117e-05
 6.18000e+00  1.00000e+00  5.98329e-05
 6.19500e+00  1.00000e+00  5.89689e-05
 6.21000e+00  1.00000e+00  5.81195e-05
 6.22500e+00  1.00000e+00  5.72842e-05
 6.24000e+00  1.00000e+00  5.64630e-05
 6.25500e+00  1.00000e+00  5.56554e-05
 6.27000e+00  1.00000e+00  5.48613e-05
 6.28500e+00  1.00000e+00  5.40804e-05
 6.30000e+00  1.00000e+00  5.33124e-05
 6.31500e+00  1.00000e+00  5.25571e-05
 6.33000e+00  1.00000e+00  5.18143e-05
 6.34500e+00  1.00000e+00  5.10837e-05
 6.36000e+00  1.00000e+00  5.03651e-05
 6.37500e+00  1.00000e+00  4.96582e-05
 6.39000e+00  1.00000e+00  4.89629e-05
 6.40500e+00  1.00000e+00  4.82789e-05
 6.42000e+00  1.00000e+00  4.76061e-05
 6.43500e+00  1.00000e+00  4.69441e-05
 6.45000e+00  1.00000e+00  4.62929e-05
 6.46500e+00  1.00000e+00  4.56522e-05
 6.48000e+00  1.00000e+00  4.50218e-05
 6.49500e+00  1.00000e+00  4.44015e-05
 6.51000e+00  1.00000e+00  4.37912e-05
 6.52500e+00  1.00000e+00  4.31907e-05
 6.54000e+00  1.00000e+00  4.25997e-05
 6.55500e+00  1.00000e+00  4.20182e-05
 6.57000e+00  1.00000e+00  4.14459e-05
 6.58500e+00  1.00000e+00  4.08826e-05
 6.60000e+00  1.00000e+00  4.03283e-05
 6.61500e+00  1.00000e+00  3.97827e-05
 6.63000e+00  1.00000e+00  3.92457e-05
 6.64500e+00  1.00000e+00  3.87172e-05
 6.66000e+00  1.00000e+00  3.81969e-05
 6.67500e+00  1.00000e+00  3.76848e-05
 6.69000e+00  1.00000e+00  3.71807e-05
 6.70500e+00  1.00000e+00  3.66844e-05
 6.72000e+00  1.00000e+00  3.61958e-05
 6.73500e+00  1.00000e+00  3.57148e-05
 6.75000e+00  1.00000e+00  3.52413e-05
 6.76500e+00  1.00000e+00  3.47750e-05
 6.78000e+00  1.00000e+00  3.43160e-05
 6.79500e+00  1.00000e+00  3.38639e-05
 6.81000e+00  1.00000e+00  3.34189e-05
 6.82500e+00  1.00000e+00  3.29806e-05
 6.84000e+00  1.00000e+00  3.25490e-05
 6.85500e+00  1.00000e+00  3.21240e-05
 6.87000e+00  1.00000e+00  3.17055e-05
 6.88500e+00  1.00000e+00  3.12933e-05
 6.90000e+00  1.00000e+00  3.08873e-05
 6.91500e+00  1.00000e+00  3.04875e-05
 6.93000e+00  1.00000e+00  3.00937e-05
 6.94500e+00  1.00000e+00  2.97058e-05
 6.96000e+00  1.00000e+00  2.93237e-05
 6.97500e+00  1.00000e+00  2.89474e-05
 6.99000e+00  1.00000e+00  2.85767e-05
 7.00500e+00  1.00000e+00  2.82115e-05
 7.02000e+00  1.00000e+00  2.78517e-05
 7.03500e+00  1.00000e+00  2.74973e-05
 7.05000e+00  1.00000e+00  2.71482e-05
 7.06500e+00  1.00000e+00  2.68042e-05
 7.08000e+00  1.00000e+00  2.64652e-05
 7.09500e+00  1.00000e+00  2.61313e-05
 7.11000e+00  1.00000e+00  2.58023e-05
 7.12500e+00  1.00000e+00  2.54781e-05
 7.14000e+00  1.00000e+00  2.51586e-05
 7.15500e+00  1.00000e+00  2.48438e-05
 7.17000e+00  1.00000e+00  2.45336e-05
 7.18500e+00  1.00000e+00  2.42279e-05
 7.20000e+00  1.00000e+00  2.39266e-05
 7.21500e+00  1.00000e+00  2.36297e-05
 7.23000e+00  1.00000e+00  2.33370e-05
 7.24500e+00  1.00000e+00  2.30486e-05
 7.26000e+00  1.00000e+00  2.27644e-05
 7.27500e+00  1.00000e+00  2.24842e-05
 7.29000e+00  1.00000e+00  2.22081e-05
 7.30500e+00  1.00000e+00  2.19359e-05
 7.32000e+00  1.00000e+00  2.16675e-05
 7.33500e+00  1.00000e+00  2.14030e-05
 7.35000e+00  1.00000e+00  2.11423e-05
 7.36500e+00  1.00000e+00  2.08852e-05
 7.38000e+00  1.00000e+00  2.06318e-05
 7.39500e+00  1.00000e+00  2.03820e-05
 7.41000e+00  1.00000e+00  2.01357e-05
 7.42500e+00  1.00000e+00  1.98929e-05
 7.44000e+00  1.00000e+00  1.96534e-05
 7.45500e+00  1.00000e+00  1.94174e-05
 7.47000e+00  1.00000e+00  1.91846e-05
 7.48500e+00  1.00000e+00  1.89551e-05
 7.50000e+00  1.00000e+00  1.87287e-05
 7.51500e+00  1.00000e+00  1.85056e-05
 7.53000e+00  1.00000e+00  1.82855e-05
 7.54500e+00  1.00000e+00  1.80685e-05
 7.56000e+00  1.00000e+00  1.78544e-05
 7.57500e+00  1.00000e+00  1.76433e-05
 7.59000e+00  1.00000e+00  1.74352e-05
 7.60500e+00  1.00000e+00  1.72298e-05
 7.62000e+00  1.00000e+00  1.70273e-05
 7.63500e+00  1.00000e+00  1.68276e-05
 7.65000e+00  1.00000e+00  1.66306e-05
 7.66500e+00  1.00000e+00  1.64363e-05
 7.68000e+00  1.00000e+00  1.62446e-05
 7.69500e+00  1.00000e+00  1.60555e-05
 7.71000e+00  1.00000e+00  1.58690e-05
 7.72500e+00  1.00000e+00  1.56850e-05
 7.74000e+00  1.00000e+00  1.55035e-05
 7.75500e+00  1.00000e+00  1.53245e-05
 7.77000e+00  1.00000e+00  1.51478e-05
 7.78500e+00  1.00000e+00  1.49736e-05
 7.80000e+00  1.00000e+00  1.48016e-05
 7.81500e+00  1.00000e+00  1.46320e-05
 7.83000e+00  1.00000e+00  1.44646e-05
 7.84500e+00  1.00000e+00  1.42994e-05
 7.86000e+00  1.00000e+00  1.41365e-05
 7.87500e+00  1.00000e+00  1.39757e-05
 7.89000e+00  1.00000e+00  1.38170e-05
 7.90500e+00  1.00000e+00  1.36605e-05
 7.92000e+00  1.00000e+00  1.35060e-05
 7.93500e+00  1.00000e+00  1.33535e-05
 7.95000e+00  1.00000e+00  1.32030e-05
 7.96500e+00  1.00000e+00  1.30546e-05
 7.98000e+00  1.00000e+00  1.29080e-05
 7.99500e+00  1.00000e+00  1.27634e-05
 8.01000e+00  1.00000e+00  1.26207e-05
 8.02500e+00  1.00000e+00  1.24798e-05
 8.04000e+00  1.00000e+00  1.23407e-05
 8.05500e+00  1.00000e+00  1.22035e-05
 8.07000e+00  1.00000e+00  1.20680e-05
 8.08500e+00  1.00000e+00  1.19343e-05
 8.10000e+00  1.00000e+00  1.18023e-05
 8.11500e+00  1.00000e+00  1.16720e-05
 8.13000e+00  1.00000e+00  1.15434e-05
 8.14500e+00  1.00000e+00  1.14164e-05
 8.16000e+00  1.00000e+00  1.12911e-05
 8.17500e+00  1.00000e+00  1.11674e-05
 8.19000e+00  1.00000e+00  1.10452e-05
 8.20500e+00  1.00000e+00  1.09246e-05
 8.22000e+00  1.00000e+00  1.08055e-05
 8.23500e+00  1.00000e+00  1.06880e-05
 8.25000e+00  1.00000e+00  1.05719e-05
 8.26500e+00  1.00000e+00  1.04573e-05
 8.28000e+00  1.00000e+00  1.03442e-05
 8.29500e+00  1.00000e+00  1.02324e-05
 8.31000e+00  1.00000e+00  1.01221e-05
 8.32500e+00  1.00000e+00  1.00132e-05
 8.34000e+00  1.00000e+00  9.90561e-06
 8.35500e+00  1.00000e+00  9.79938e-06
 8.37000e+00  1.00000e+00  9.69448e-06
 8.38500e+00  1.00000e+00  9.59089e-06
 8.40000e+00  1.00000e+00  9.48859e-06
 8.41500e+00  1.00000e+00  9.38756e-06
 8.43000e+00  1.00000e+00  9.28778e-06
 8.44500e+00  1.00000e+00  9.18924e-06
 8.46000e+00  1.00000e+00  9.09192e-06
 8.47500e+00  1.00000e+00  8.99579e-06
 8.49000e+00  1.00000e+00  8.90085e-06
 8.50500e+00  1.00000e+00  8.80707e-06
 8.52000e+00  1.00000e+00  8.71445e-06
 8.53500e+00  1.00000e+00  8.62296e-06
 8.55000e+00  1.00000e+00  8.53259e-06
 8.56500e+00  1.00000e+00  8.44332e-06
 8.58000e+00  1.00000e+00  8.35514e-06
 8.59500e+00  1.00000e+00  8.26804e-06
 8.61000e+00  1.00000e+00  8.18199e-06
 8.62500e+00  1.00000e+00  8.09698e-06
 8.64000e+00  1.00000e+00  8.01300e-06
 8.65500e+00  1.00000e+00  7.93004e-06
 8.67000e+00  1.00000e+00  7.84807e-06
 8.68500e+00  1.00000e+00  7.76710e-06
 8.70000e+00  1.00000e+00  7.68709e-06
 8.71500e+00  1.00000e+00  7.60805e-06
 8.73000e+00  1.00000e+00  7.52995e-06
 8.74500e+00  1.00000e+00  7.45279e-06
 8.76000e+00  1.00000e+00  7.37655e-06
 8.77500e+00  1.00000e+00  7.30121e-06
 8.79000e+00  1.00000e+00  7.22678e-06
 8.80500e+00  1.00000e+00  7.15322e-06
 8.82000e+00  1.00000e+00  7.08054e-06
 8.83500e+00  1.00000e+00  7.00872e-06
 8.85000e+00  1.00000e+00  6.93774e-06
 8.86500e+00  1.00000e+00  6.86761e-06
 8.88000e+00  1.00000e+00  6.79830e-06
 8.89500e+00  1.00000e+00  6.72980e-06
 8.91000e+00  1.00000e+00  6.66211e-06
 8.92500e+00  1.00000e+00  6.59521e-06
 8.94000e+00  1.00000e+00  6.52909e-06
 8.95500e+00  1.00000e+00  6.46375e-06
 8.97000e+00  1.00000e+00  6.39916e-06
 8.98500e+00  1.00000e+00  6.33533e-06
 9.00000e+00  1.00000e+00  6.27224e-06
 9.01500e+00  1.00000e+00  6.20988e-06
 9.03000e+00  1.00000e+00  6.14825e-06
 9.04500e+00  1.00000e+00  6.08733e-06
 9.06000e+00  1.00000e+00  6.02711e-06
 9.07500e+00  1.00000e+00  5.96758e-06
 9.09000e+00  1.00000e+00  5.90874e-06
 9.10500e+00  1.00000e+00  5.85057e-06
 9.12000e+00  1.00000e+00  5.79307e-06
 9.13500e+00  1.00000e+00  5.73623e-06
 9.15000e+00  1.00000e+00  5.68004e-06
 9.16500e+00  1.00000e+00  5.62449e-06
 9.18000e+00  1.00000e+00  5.56957e-06
 9.19500e+00  1.00000e+00  5.51528e-06
 9.21000e+00  1.00000e+00  5.46161e-06
 9.22500e+00  1.00000e+00  5.40854e-06
 9.24000e+00  1.00000e+00  5.35607e-06
 9.25500e+00  1.00000e+00  5.30420e-06
 9.27000e+00  1.00000e+00  5.25291e-06
 9.28500e+00  1.00000e+00  5.20219e-06
 9.30000e+00  1.00000e+00  5.15205e-06
 9.31500e+00  1.00000e+00  5.10248e-06
 9.33000e+00  1.00000e+00  5.05345e-06
 9.34500e+00  1.00000e+00  5.00498e-06
 9.36000e+00  1.00000e+00  4.95705e-06
 9.37500e+00  1.00000e+00  4.90965e-06
 9.39000e+00  1.00000e+00  4.86278e-06
 9.40500e+00  1.00000e+00  4.81643e-06
 9.42000e+00  1.00000e+00  4.77060e-06
 9.43500e+00  1.00000e+00  4.72527e-06
 9.45000e+00  1.00000e+00  4.68045e-06
 9.46500e+00  1.00000e+00  4.63612e-06
 9.48000e+00  1.00000e+00  4.59228e-06
 9.49500e+00  1.00000e+00  4.54892e-06
 9.51000e+00  1.00000e+00  4.50604e-06
 9.52500e+00  1.00000e+00  4.46363e-06
 9.54000e+00  1.00000e+00  4.42169e-06
 9.55500e+00  1.00000e+00  4.38020e-06
 9.57000e+00  1.00000e+00  4.33917e-06
 9.58500e+00  1.00000e+00  4.29858e-06
 9.60000e+00  1.00000e+00  4.25844e-06
 9.61500e+00  1.00000e+00  4.21874e-06
 9.63000e+00  1.00000e+00  4.17946e-06
 9.64500e+00  1.00000e+00  4.14061e-06
 9.66000e+00  1.00000e+00  4.10219e-06
 9.67500e+00  1.00000e+00  4.06417e-06
 9.69000e+00  1.00000e+00  4.02657e-06
 9.70500e+00  1.00000e+00  3.98938e-06
 9.72000e+00  1.00000e+00  3.95258e-06
 9.73500e+00  1.00000e+00  3.91618e-06
 9.75000e+00  1.00000e+00  3.88017e-06
 9.76500e+00  1.00000e+00  3.84454e-06
 9.78000e+00  1.00000e+00  3.80930e-06
 9.79500e+00  1.00000e+00  3.77443e-06
 9.81000e+00  1.00000e+00  3.73994e-06
 9.82500e+00  1.00000e+00  3.70581e-06
 9.84000e+00  1.00000e+00  3.67204e-06
 9.85500e+00  1.00000e+00  3.63863e-06
 9.87000e+00  1.00000e+00  3.60558e-06
 9.88500e+00  1.00000e+00  3.57288e-06
 9.90000e+00  1.00000e+00  3.54052e-06
 9.91500e+00  1.00000e+00  3.50850e-06
 9.93000e+00  1.00000e+00  3.47682e-06
 9.94500e+00  1.00000e+00  3.44548e-06
 9.96000e+00  1.00000e+00  3.41446e-06
 9.97500e+00  1.00000e+00  3.38377e-06
 9.99000e+00  1.00000e+00  3.35340e-06
 1.00050e+01  1.00000e+00  3.32335e-06
 1.00200e+01  1.00000e+00  3.29361e-06
 1.00350e+01  1.00000e+00  3.26418e-06
 1.00500e+01  1.00000e+00  3.23506e-06
 1.00650e+01  1.00000e+00  3.20624e-06
 1.00800e+01  1.00000e+00  3.17772e-06
 1.00950e+01  1.00000e+00  3.14949e-06
 1.01100e+01  1.00000e+00  3.12156e-06
 1.01250e+01  1.00000e+00  3.09391e-06
 1.01400e+01  1.00000e+00  3.06655e-06
 1.01550e+01  1.00000e+00  3.03948e-06
 1.01700e+01  1.00000e+00  3.01268e-06
 1.01850e+01  1.00000e+00  2.98615e-06
 1.02000e+01  1.00000e+00  2.95990e-06
 1.02150e+01  1.00000e+00  2.93392e-06
 1.02300e+01  1.00000e+00  2.90820e-06
 1.02450e+01  1.00000e+00  2.88275e-06
 1.02600e+01  1.00000e+00  2.85755e-06
 1.02750e+01  1.00000e+00  2.83261e-06
 1.02900e+01  1.00000e+00  2.80793e-06
 1.03050e+01  1.00000e+00  2.78349e-06
 1.03200e+01  1.00000e+00  2.75931e-06
 1.03350e+01  1.00000e+00  2.73537e-06
 1.03500e+01  1.00000e+00  2.71167e-06
 1.03650e+01  1.00000e+00  2.68821e-06
 1.03800e+01  1.00000e+00  2.66498e-06
 1.03950e+01  1.00000e+00  2.64199e-06
 1.04100e+01  1.00000e+00  2.61923e-06
 1.04250e+01  1.00000e+00  2.59670e-06
 1.04400e+01  1.00000e+00  2.57440e-06
 1.04550e+01  1.00000e+00  2.55231e-06
 1.04700e+01  1.00000e+00  2.53045e-06
 1.04850e+01  1.00000e+00  2.50881e-06
 1.05000e+01  1.00000e+00  2.48738e-06
 1.05150e+01  1.00000e+00  2.46617e-06
 1.05300e+01  1.00000e+00  2.44517e-06
 1.05450e+01  1.00000e+00  2.42437e-06
 1.05600e+01  1.00000e+00  2.40378e-06
 1.05750e+01  1.00000e+00  2.38340e-06
 1.05900e+01  1.00000e+00  2.36321e-06
 1.06050e+01  1.00000e+00  2.34323e-06
 1.06200e+01  1.00000e+00  2.32344e-06
 1.06350e+01  1.00000e+00  2.30385e-06
 1.06500e+01  1.00000e+00  2.28445e-06
 1.06650e+01  1.00000e+00  2.26523e-06
 1.06800e+01  1.00000e+00  2.24621e-06
 1.06950e+01  1.00000e+00  2.22738e-06
 1.07100e+01  1.00000e+00  2.20872e-06
 1.07250e+01  1.00000e+00  2.19025e-06
 1.07400e+01  1.00000e+00  2.17196e-06
 1.07550e+01  1.00000e+00  2.15385e-06
 1.07700e+01  1.00000e+00  2.13592e-06
 1.07850e+01  1.00000e+00  2.11815e-06
 1.08000e+01  1.00000e+00  2.10056e-06
 1.08150e+01  1.00000e+00  2.08314e-06
 1.08300e+01  1.00000e+00  2.06589e-06
 1.08450e+01  1.00000e+00  2.04881e-06
 1.08600e+01  1.00000e+00  2.03189e-06
 1.08750e+01  1.00000e+00  2.01513e-06
 1.08900e+01  1.00000e+00  1.99853e-06
 1.09050e+01  1.00000e+00  1.98210e-06
 1.09200e+01  1.00000e+00  1.96582e-06
 1.09350e+01  1.00000e+00  1.94969e-06
 1.09500e+01  1.00000e+00  1.93372e-06
 1.09650e+01  1.00000e+00  1.91790e-06
 1.09800e+01  1.00000e+00  1.90224e-06
 1.09950e+01  1.00000e+00  1.88672e-06
 1.10100e+01  1.00000e+00  1.87135e-06
 1.10250e+01  1.00000e+00  1.85612e-06
 1.10400e+01  1.00000e+00  1.84104e-06
 1.10550e+01  1.00000e+00  1.82611e-06
 1.10700e+01  1.00000e+00  1.81131e-06
 1.10850e+01  1.00000e+00  1.79665e-06
 1.11000e+01  1.00000e+00  1.78214e-06
 1.11150e+01  1.00000e+00  1.76775e-06
 1.11300e+01  1.00000e+00  1.75351e-06
 1.11450e+01  1.00000e+00  1.73939e-06
 1.11600e+01  1.00000e+00  1.72541e-06
 1.11750e+01  1.00000e+00  1.71156e-06
 1.11900e+01  1.00000e+00  1.69784e-06
 1.12050e+01  1.00000e+00  1.68425e-06
 1.12200e+01  1.00000e+00  1.67079e-06
 1.12350e+01  1.00000e+00  1.65745e-06
 1.12500e+01  1.00000e+00  1.64423e-06
 1.12650e+01  1.00000e+00  1.63114e-06
 1.12800e+01  1.00000e+00  1.61817e-06
 1.12950e+01  1.00000e+00  1.60532e-06
 1.13100e+01  1.00000e+00  1.59259e-06
 1.13250e+01  1.00000e+00  1.57997e-06
 1.13400e+01  1.00000e+00  1.56747e-06
 1.13550e+01  1.00000e+00  1.55509e-06
 1.13700e+01  1.00000e+00  1.54282e-06
 1.13850e+01  1.00000e+00  1.53067e-06
 1.14000e+01  1.00000e+00  1.51862e-06
 1.14150e+01  1.00000e+00  1.50669e-06
 1.14300e+01  1.00000e+00  1.49486e-06
 1.14450e+01  1.00000e+00  1.48315e-06
 1.14600e+01  1.00000e+00  1.47154e-06
 1.14750e+01  1.00000e+00  1.46003e-06
 1.14900e+01  1.00000e+00  1.44863e-06
 1.15050e+01  1.00000e+00  1.43734e-06
 1.15200e+01  1.00000e+00  1.42615e-06
 1.15350e+01  1.00000e+00  1.41505e-06
 1.15500e+01  1.00000e+00  1.40406e-06
 1.15650e+01  1.00000e+00  1.39317e-06
 1.15800e+01  1.00000e+00  1.38238e-06
 1.15950e+01  1.00000e+00  1.37168e-06
 1.16100e+01  1.00000e+00  1.36108e-06
 1.16250e+01  1.00000e+00  1.35058e-06
 1.16400e+01  1.00000e+00  1.34017e-06
 1.16550e+01  1.00000e+00  1.32986e-06
 1.16700e+01  1.00000e+00  1.31963e-06
 1.16850e+01  1.00000e+00  1.30950e-06
 1.17000e+01  1.00000e+00  1.29946e-06
 1.17150e+01  1.00000e+00  1.28951e-06
 1.17300e+01  1.00000e+00  1.27965e-06
 1.17450e+01  1.00000e+00  1.26987e-06
 1.17600e+01  1.00000e+00  1.26019e-06
 1.17750e+01  1.00000e+00  1.25058e-06
 1.17900e+01  1.00000e+00  1.24107e-06
 1.18050e+01  1.00000e+00  1.23164e-06
 1.18200e+01  1.00000e+00  1.22229e-06
 1.18350e+01  1.00000e+00  1.21302e-06
 1.18500e+01  1.00000e+00  1.20384e-06
 1.18650e+01  1.00000e+00  1.19474e-06
 1.18800e+01  1.00000e+00  1.18571e-06
 1.18950e+01  1.00000e+00  1.17677e-06
 1.19100e+01  1.00000e+00  1.16791e-06
 1.19250e+01  1.00000e+00  1.15912e-06
 1.19400e+01  1.00000e+00  1.15041e-06
 1.19550e+01  1.00000e+00  1.14178e-06
 1.19700e+01  1.00000e+00  1.13322e-06
 1.19850e+01  1.00000e+00  1.12474e-06
 1.20000e+01  1.00000e+00  1.11633e-06
 1.20150e+01  1.00000e+00  1.10799e-06
 1.20300e+01  1.00000e+00  1.09973e-06
 1.20450e+01  1.00000e+00  1.09154e-06
 1.20600e+01  1.00000e+00  1.08341e-06
 1.20750e+01  1.00000e+00  1.07536e-06
 1.20900e+01  1.00000e+00  1.06738e-06
 1.21050e+01  1.00000e+00  1.05947e-06
 1.21200e+01  1.00000e+00  1.05163e-06
 1.21350e+01  1.00000e+00  1.04385e-06
 1.21500e+01  1.00000e+00  1.03615e-06
 1.21650e+01  1.00000e+00  1.02850e-06
 1.21800e+01  1.00000e+00  1.02093e-06
 1.21950e+01  1.00000e+00  1.01342e-06
 1.22100e+01  1.00000e+00  1.00597e-06
 1.22250e+01  1.00000e+00  9.98586e-07
 1.22400e+01  1.00000e+00  9.91266e-07
 1.22550e+01  1.00000e+00  9.84008e-07
 1.22700e+01  1.00000e+00  9.76813e-07
 1.22850e+01  1.00000e+00  9.69678e-07
 1.23000e+01  1.00000e+00  9.62605e-07
 1.23150e+01  1.00000e+00  9.55592e-07
 1.23300e+01  1.00000e+00  9.48638e-07
 1.23450e+01  1.00000e+00  9.41742e-07
 1.23600e+01  1.00000e+00  9.34906e-07
 1.23750e+01  1.00000e+00  9.28127e-07
 1.23900e+01  1.00000e+00  9.21405e-07
 1.24050e+01  1.00000e+00  9.14741e-07
 1.24200e+01  1.00000e+00  9.08132e-07
 1.24350e+01  1.00000e+00  9.01579e-07
 1.24500e+01  1.00000e+00  8.95081e-07
 1.24650e+01  1.00000e+00  8.88638e-07
 1.24800e+01  1.00000e+00  8.82249e-07
 1.24950e+01  1.00000e+00  8.75913e-07
 1.25100e+01  1.00000e+00  8.69630e-07
 1.25250e+01  1.00000e+00  8.63400e-07
 1.25400e+01  1.00000e+00  8.57222e-07
 1.25550e+01  1.00000e+00  8.51096e-07
 1.25700e+01  1.00000e+00  8.45020e-07
 1.25850e+01  1.00000e+00  8.38995e-07
 1.26000e+01  1.00000e+00  8.33020e-07
 1.26150e+01  1.00000e+00  8.27094e-07
 1.26300e+01  1.00000e+00  8.21218e-07
 1.26450e+01  1.00000e+00  8.15390e-07
 1.26600e+01  1.00000e+00  8.09611e-07
 1.26750e+01  1.00000e+00  8.03879e-07
 1.26900e+01  1.00000e+00  7.98195e-07
 1.27050e+01  1.00000e+00  7.92557e-07
 1.27200e+01  1.00000e+00  7.86966e-07
 1.27350e+01  1.00000e+00  7.81421e-07
 1.27500e+01  1.00000e+00  7.75921e-07
 1.27650e+01  1.00000e+00  7.70467e-07
 1.27800e+01  1.00000e+00  7.65056e-07
 1.27950e+01  1.00000e+00  7.59691e-07
 1.28100e+01  1.00000e+00  7.54369e-07
 1.28250e+01  1.00000e+00  7.49091e-07
 1.28400e+01  1.00000e+00  7.43855e-07
 1.28550e+01  1.00000e+00  7.38663e-07
 1.28700e+01  1.00000e+00  7.33512e-07
 1.28850e+01  1.00000e+00  7.28403e-07
 1.29000e+01  1.00000e+00  7.23336e-07
 1.29150e+01  1.00000e+00  7.18311e-07
 1.29300e+01  1.00000e+00  7.13325e-07
 1.29450e+01  1.00000e+00  7.08380e-07
 1.29600e+01  1.00000e+00  7.03475e-07
 1.29750e+01  1.00000e+00  6.98610e-07
 1.29900e+01  1.00000e+00  6.93783e-07
 1.30050e+01  1.00000e+00  6.88996e-07
 1.30200e+01  1.00000e+00  6.84247e-07
 1.30350e+01  1.00000e+00  6.79536e-07
 1.30500e+01  1.00000e+00  6.74863e-07
 1.30650e+01  1.00000e+00  6.70227e-07
 1.30800e+01  1.00000e+00  6.65629e-07
 1.30950e+01  1.00000e+00  6.61067e-07
 1.31100e+01  1.00000e+00  6.56542e-07
 1.31250e+01  1.00000e+00  6.52053e-07
 1.31400e+01  1.00000e+00  6.47599e-07
 1.31550e+01  1.00000e+00  6.43181e-07
 1.31700e+01  1.00000e+00  6.38799e-07
 1.31850e+01  1.00000e+00  6.34451e-07
 1.32000e+01  1.00000e+00  6.30137e-07
 1.32150e+01  1.00000e+00  6.25858e-07
 1.32300e+01  1.00000e+00  6.21612e-07
 1.32450e+01  1.00000e+00  6.17400e-07
 1.32600e+01  1.00000e+00  6.13222e-07
 1.32750e+01  1.00000e+00  6.09076e-07
 1.32900e+01  1.00000e+00  6.04963e-07
 1.33050e+01  1.00000e+00  6.00882e-07
 1.33200e+01  1.00000e+00  5.96834e-07
 1.33350e+01  1.00000e+00  5.92817e-07
 1.33500e+01  1.00000e+00  5.88831e-07
 1.33650e+01  1.00000e+00  5.84877e-07
 1.33800e+01  1.00000e+00  5.80954e-07
 1.33950e+01  1.00000e+00  5.77062e-07
 1.34100e+01  1.00000e+00  5.73200e-07
 1.34250e+01  1.00000e+00  5.69368e-07
 1.34400e+01  1.00000e+00  5.65565e-07
 1.34550e+01  1.00000e+00  5.61793e-07
 1.34700e+01  1.00000e+00  5.58050e-07
 1.34850e+01  1.00000e+00  5.54336e-07
 1.35000e+01  1.00000e+00  5.50651e-07
 1.35150e+01  1.00000e+00  5.46994e-07
 1.35300e+01  1.00000e+00  5.43366e-07
 1.35450e+01  1.00000e+00  5.39765e-07
 1.35600e+01  1.00000e+00  5.36192e-07
 1.35750e+01  1.00000e+00  5.32647e-07
 1.35900e+01  1.00000e+00  5.29129e-07
 1.36050e+01  1.00000e+00  5.25639e-07
 1.36200e+01  1.00000e+00  5.22175e-07
 1.36350e+01  1.00000e+00  5.18738e-07
 1.36500e+01  1.00000e+00  5.15327e-07
 1.36650e+01  1.00000e+00  5.11942e-07
 1.36800e+01  1.00000e+00  5.08583e-07
 1.36950e+01  1.00000e+00  5.05250e-07
 1.37100e+01  1.00000e+00  5.01943e-07
 1.37250e+01  1.00000e+00  4.98660e-07
 1.37400e+01  1.00000e+00  4.95403e-07
 1.37550e+01  1.00000e+00  4.92170e-07
 1.37700e+01  1.00000e+00  4.88962e-07
 1.37850e+01  1.00000e+00  4.85778e-07
 1.38000e+01  1.00000e+00  4.82619e-07
 1.38150e+01  1.00000e+00  4.79483e-07
 1.38300e+01  1.00000e+00  4.76371e-07
 1.38450e+01  1.00000e+00  4.73283e-07
 1.38600e+01  1.00000e+00  4.70218e-07
 1.38750e+01  1.00000e+00  4.67176e-07
 1.38900e+01  1.00000e+00  4.64157e-07
 1.39050e+01  1.00000e+00  4.61161e-07
 1.39200e+01  1.00000e+00  4.58188e-07
 1.39350e+01  1.00000e+00  4.55236e-07
 1.39500e+01  1.00000e+00  4.52307e-07
 1.39650e+01  1.00000e+00  4.49400e-07
 1.39800e+01  1.00000e+00  4.46515e-07
 1.39950e+01  1.00000e+00  4.43651e-07
 1.40100e+01  1.00000e+00  4.40808e-07
 1.40250e+01  1.00000e+00  4.37987e-07
 1.40400e+01  1.00000e+00  4.35187e-07
 1.40550e+01  1.00000e+00  4.32408e-07
 1.40700e+01  1.00000e+00  4.29649e-07
 1.40850e+01  1.00000e+00  4.26911e-07
 1.41000e+01  1.00000e+00  4.24194e-07
 1.41150e+01  1.00000e+00  4.21496e-07
 1.41300e+01  1.00000e+00  4.18818e-07
 1.41450e+01  1.00000e+00  4.16161e-07
 1.41600e+01  1.00000e+00  4.13523e-07
 1.41750e+01  1.00000e+00  4.10904e-07
 1.41900e+01  1.00000e+00  4.08305e-07
 1.42050e+01  1.00000e+00  4.05725e-07
 1.42200e+01  1.00000e+00  4.03163e-07
 1.42350e+01  1.00000e+00  4.00621e-07
 1.42500e+01  1.00000e+00  3.98098e-07
 1.42650e+01  1.00000e+00  3.95593e-07
 1.42800e+01  1.00000e+00  3.93106e-07
 1.42950e+01  1.00000e+00  3.90637e-07
 1.43100e+01  1.00000e+00  3.88187e-07
 1.43250e+01  1.00000e+00  3.85754e-07
 1.43400e+01  1.00000e+00  3.83340e-07
 1.43550e+01  1.00000e+00  3.80942e-07
 1.43700e+01  1.00000e+00  3.78563e-07
 1.43850e+01  1.00000e+00  3.76201e-07
 1.44000e+01  1.00000e+00  3.73856e-07
 1.44150e+01  1.00000e+00  3.71527e-07
 1.44300e+01  1.00000e+00  3.69216e-07
 1.44450e+01  1.00000e+00  3.66922e-07
 1.44600e+01  1.00000e+00  3.64644e-07
 1.44750e+01  1.00000e+00  3.62382e-07
 1.44900e+01  1.00000e+00  3.60138e-07
 1.45050e+01  1.00000e+00  3.57909e-07
 1.45200e+01  1.00000e+00  3.55696e-07
 1.45350e+01  1.00000e+00  3.53499e-07
 1.45500e+01  1.00000e+00  3.51319e-07
 1.45650e+01  1.00000e+00  3.49153e-07
 1.45800e+01  1.00000e+00  3.47004e-07
 1.45950e+01  1.00000e+00  3.44869e-07
 1.46100e+01  1.00000e+00  3.42750e-07
 1.46250e+01  1.00000e+00  3.40646e-07
 1.46400e+01  1.00000e+00  3.38557e-07
 1.46550e+01  1.00000e+00  3.36483e-07
 1.46700e+01  1.00000e+00  3.34424e-07
 1.46850e+01  1.00000e+00  3.32380e-07
 1.47000e+01  1.00000e+00  3.30350e-07
 1.47150e+01  1.00000e+00  3.28335e-07
 1.47300e+01  1.00000e+00  3.26334e-07
 1.47450e+01  1.00000e+00  3.24347e-07
 1.47600e+01  1.00000e+00  3.22374e-07
 1.47750e+01  1.00000e+00  3.20416e-07
 1.47900e+01  1.00000e+00  3.18471e-07
 1.48050e+01  1.00000e+00  3.16540e-07
 1.48200e+01  1.00000e+00  3.14622e-07
 1.48350e+01  1.00000e+00  3.12718e-07
 1.48500e+01  1.00000e+00  3.10828e-07
 1.48650e+01  1.00000e+00  3.08951e-07
 1.48800e+01  1.00000e+00  3.07087e-07
 1.48950e+01  1.00000e+00  3.05236e-07
 1.49100e+01  1.00000e+00  3.03398e-07
 1.49250e+01  1.00000e+00  3.01573e-07
 1.49400e+01  1.00000e+00  2.99761e-07
 1.49550e+01  1.00000e+00  2.97962e-07
 1.49700e+01  1.00000e+00  2.96175e-07
 1.49850e+01  1.00000e+00  2.94400e-07
 1.50000e+01  1.00000e+00  2.92638e-07
 1.50150e+01  1.00000e+00  2.90889e-07
 1.50300e+01  1.00000e+00  2.89151e-07
 1.50450e+01  1.00000e+00  2.87426e-07
 1.50600e+01  1.00000e+00  2.85712e-07
 1.50750e+01  1.00000e+00  2.84011e-07
 1.50900e+01  1.00000e+00  2.82321e-07
 1.51050e+01  1.00000e+00  2.80643e-07
 1.51200e+01  1.00000e+00  2.78977e-07
 1.51350e+01  1.00000e+00  2.77322e-07
 1.51500e+01  1.00000e+00  2.75678e-07
 1.51650e+01  1.00000e+00  2.74046e-07
 1.51800e+01  1.00000e+00  2.72426e-07
 1.51950e+01  1.00000e+00  2.70816e-07
 1.52100e+01  1.00000e+00  2.69217e-07
 1.52250e+01  1.00000e+00  2.67630e-07
 1.52400e+01  1.00000e+00  2.66054e-07
 1.52550e+01  1.00000e+00  2.64488e-07
 1.52700e+01  1.00000e+00  2.62932e-07
 1.52850e+01  1.00000e+00  2.61388e-07
 1.53000e+01  1.00000e+00  2.59854e-07
 1.53150e+01  1.00000e+00  2.58331e-07
 1.53300e+01  1.00000e+00  2.56818e-07
 1.53450e+01  1.00000e+00  2.55316e-07
 1.53600e+01  1.00000e+00  2.53823e-07
 1.53750e+01  1.00000e+00  2.52341e-07
 1.53900e+01  1.00000e+00  2.50869e-07
 1.54050e+01  1.00000e+00  2.49407e-07
 1.54200e+01  1.00000e+00  2.47955e-07
 1.54350e+01  1.00000e+00  2.46512e-07
 1.54500e+01  1.00000e+00  2.45080e-07
 1.54650e+01  1.00000e+00  2.43657e-07
 1.54800e+01  1.00000e+00  2.42244e-07
 1.54950e+01  1.00000e+00  2.40840e-07
 1.55100e+01  1.00000e+00  2.39446e-07
 1.55250e+01  1.00000e+00  2.38061e-07
 1.55400e+01  1.00000e+00  2.36686e-07
 1.55550e+01  1.00000e+00  2.35320e-07
 1.55700e+01  1.00000e+00  2.33963e-07
 1.55850e+01  1.00000e+00  2.32615e-07
 1.56000e+01  1.00000e+00  2.31276e-07
 1.56150e+01  1.00000e+00  2.29947e-07
 1.56300e+01  1.00000e+00  2.28625e-07
 1.56450e+01  1.00000e+00  2.27313e-07
 1.56600e+01  1.00000e+00  2.26010e-07
 1.56750e+01  1.00000e+00  2.24716e-07
 1.56900e+01  1.00000e+00  2.23429e-07
 1.57050e+01  1.00000e+00  2.22152e-07
 1.57200e+01  1.00000e+00  2.20883e-07
 1.57350e+01  1.00000e+00  2.19623e-07
 1.57500e+01  1.00000e+00  2.18371e-07
 1.57650e+01  1.00000e+00  2.17127e-07
 1.57800e+01  1.00000e+00  2.15892e-07
 1.57950e+01  1.00000e+00  2.14665e-07
 1.58100e+01  1.00000e+00  2.13446e-07
 1.58250e+01  1.00000e+00  2.12235e-07
 1.58400e+01  1.00000e+00  2.11031e-07
 1.58550e+01  1.00000e+00  2.09837e-07
 1.58700e+01  1.00000e+00  2.08649e-07
 1.58850e+01  1.00000e+00  2.07470e-07
 1.59000e+01  1.00000e+00  2.06298e-07
 1.59150e+01  1.00000e+00  2.05135e-07
 1.59300e+01  1.00000e+00  2.03978e-07
 1.59450e+01  1.00000e+00  2.02829e-07
 1.59600e+01  1.00000e+00  2.01689e-07
 1.59750e+01  1.00000e+00  2.00555e-07
 1.59900e+01  1.00000e+00  1.99429e-07
 1.60050e+01  1.00000e+00  1.98310e-07
 1.60200e+01  1.00000e+00  1.97198e-07
 1.60350e+01  1.00000e+00  1.96094e-07
 1.60500e+01  1.00000e+00  1.94997e-07
 1.60650e+01  1.00000e+00  1.93907e-07
 1.60800e+01  1.00000e+00  1.92825e-07
 1.60950e+01  1.00000e+00  1.91749e-07
 1.61100e+01  1.00000e+00  1.90680e-07
 1.61250e+01  1.00000e+00  1.89618e-07
 1.61400e+01  1.00000e+00  1.88563e-07
 1.61550e+01  1.00000e+00  1.87516e-07
 1.61700e+01  1.00000e+00  1.86474e-07
 1.61850e+01  1.00000e+00  1.85440e-07
 1.62000e+01  1.00000e+00  1.84412e-07
 1.62150e+01  1.00000e+00  1.83391e-07
 1.62300e+01  1.00000e+00  1.82376e-07
 1.62450e+01  1.00000e+00  1.81368e-07
 1.62600e+01  1.00000e+00  1.80366e-07
 1.62750e+01  1.00000e+00  1.79371e-07
 1.62900e+01  1.00000e+00  1.78383e-07
 1.63050e+01  1.00000e+00  1.77400e-07
 1.63200e+01  1.00000e+00  1.76424e-07
 1.63350e+01  1.00000e+00  1.75454e-07
 1.63500e+01  1.00000e+00  1.74491e-07
 1.63650e+01  1.00000e+00  1.73533e-07
 1.63800e+01  1.00000e+00  1.72582e-07
 1.63950e+01  1.00000e+00  1.71637e-07
 1.64100e+01  1.00000e+00  1.70697e-07
 1.64250e+01  1.00000e+00  1.69764e-07
 1.64400e+01  1.00000e+00  1.68837e-07
 1.64550e+01  1.00000e+00  1.67916e-07
 1.64700e+01  1.00000e+00  1.67000e-07
 1.64850e+01  1.00000e+00  1.66091e-07
 1.65000e+01  1.00000e+00  1.65187e-07
 1.65150e+01  1.00000e+00  1.64288e-07
 1.65300e+01  1.00000e+00  1.63396e-07
 1.65450e+01  1.00000e+00  1.62509e-07
 1.65600e+01  1.00000e+00  1.61628e-07
 1.65750e+01  1.00000e+00  1.60752e-07
 1.65900e+01  1.00000e+00  1.59882e-07
 1.66050e+01  1.00000e+00  1.59018e-07
 1.66200e+01  1.00000e+00  1.58159e-07
 1.66350e+01  1.00000e+00  1.57305e-07
 1.66500e+01  1.00000e+00  1.56456e-07
 1.66650e+01  1.00000e+00  1.55613e-07
 1.66800e+01  1.00000e+00  1.54775e-07
 1.66950e+01  1.00000e+00  1.53943e-07
 1.67100e+01  1.00000e+00  1.53116e-07
 1.67250e+01  1.00000e+00  1.52294e-07
 1.67400e+01  1.00000e+00  1.51477e-07
 1.67550e+01  1.00000e+00  1.50665e-07
 1.67700e+01  1.00000e+00  1.49858e-07
 1.67850e+01  1.00000e+00  1.49056e-07
 1.68000e+01  1.00000e+00  1.48260e-07
 1.68150e+01  1.00000e+00  1.47468e-07
 1.68300e+01  1.00000e+00  1.46681e-07
 1.68450e+01  1.00000e+00  1.45899e-07
 1.68600e+01  1.00000e+00  1.45122e-07
 1.68750e+01  1.00000e+00  1.44350e-07
 1.68900e+01  1.00000e+00  1.43582e-07
 1.69050e+01  1.00000e+00  1.42820e-07
 1.69200e+01  1.00000e+00  1.42062e-07
 1.69350e+01  1.00000e+00  1.41308e-07
 1.69500e+01  1.00000e+00  1.40560e-07
 1.69650e+01  1.00000e+00  1.39816e-07
 1.69800e+01  1.00000e+00  1.39076e-07
 1.69950e+01  1.00000e+00  1.38341e-07
 1.70100e+01  1.00000e+00  1.37611e-07
 1.70250e+01  1.00000e+00  1.36885e-07
 1.70400e+01  1.00000e+00  1.36164e-07
 1.70550e+01  1.00000e+00  1.35447e-07
 1.70700e+01  1.00000e+00  1.34734e-07
 1.70850e+01  1.00000e+00  1.34026e-07
 1.71000e+01  1.00000e+00  1.33322e-07
 1.71150e+01  1.00000e+00  1.32622e-07
 1.71300e+01  1.00000e+00  1.31927e-07
 1.71450e+01  1.00000e+00  1.31236e-07
 1.71600e+01  1.00000e+00  1.30550e-07
 1.71750e+01  1.00000e+00  1.29867e-07
 1.71900e+01  1.00000e+00  1.29188e-07
 1.72050e+01  1.00000e+00  1.28514e-07
 1.72200e+01  1.00000e+00  1.27844e-07
 1.72350e+01  1.00000e+00  1.27178e-07
 1.72500e+01  1.00000e+00  1.26516e-07
 1.72650e+01  1.00000e+00  1.25858e-07
 1.72800e+01  1.00000e+00  1.25203e-07
 1.72950e+01  1.00000e+00  1.24553e-07
 1.73100e+01  1.00000e+00  1.23907e-07
 1.73250e+01  1.00000e+00  1.23265e-07
 1.73400e+01  1.00000e+00  1.22626e-07
 1.73550e+01  1.00000e+00  1.21992e-07
 1.73700e+01  1.00000e+00  1.21361e-07
 1.73850e+01  1.00000e+00  1.20734e-07
 1.74000e+01  1.00000e+00  1.20111e-07
 1.74150e+01  1.00000e+00  1.19492e-07
 1.74300e+01  1.00000e+00  1.18876e-07
 1.74450e+01  1.00000e+00  1.18264e-07
 1.74600e+01  1.00000e+00  1.17656e-07
 1.74750e+01  1.00000e+00  1.17051e-07
 1.74900e+01  1.00000e+00  1.16450e-07
 1.75050e+01  1.00000e+00  1.15853e-07
 1.75200e+01  1.00000e+00  1.15259e-07
 1.75350e+01  1.00000e+00  1.14669e-07
 1.75500e+01  1.00000e+00  1.14082e-07
 1.75650e+01  1.00000e+00  1.13498e-07
 1.75800e+01  1.00000e+00  1.12919e-07
 1.75950e+01  1.00000e+00  1.12342e-07
 1.76100e+01  1.00000e+00  1.11769e-07
 1.76250e+01  1.00000e+00  1.11200e-07
 1.76400e+01  1.00000e+00  1.10634e-07
 1.76550e+01  1.00000e+00  1.10071e-07
 1.76700e+01  1.00000e+00  1.09512e-07
 1.76850e+01  1.00000e+00  1.08955e-07
 1.77000e+01  1.00000e+00  1.08403e-07
 1.77150e+01  1.00000e+00  1.07853e-07
 1.77300e+01  1.00000e+00  1.07306e-07
 1.77450e+01  1.00000e+00  1.06763e-07
 1.77600e+01  1.00000e+00  1.06224e-07
 1.77750e+01  1.00000e+00  1.05687e-07
 1.77900e+01  1.00000e+00  1.05153e-07
 1.78050e+01  1.00000e+00  1.04623e-07
 1.78200e+01  1.00000e+00  1.04096e-07
 1.78350e+01  1.00000e+00  1.03571e-07
 1.78500e+01  1.00000e+00  1.03050e-07
 1.78650e+01  1.00000e+00  1.02532e-07
 1.78800e+01  1.00000e+00  1.02017e-07
 1.78950e+01  1.00000e+00  1.01505e-07
 1.79100e+01  1.00000e+00  1.00996e-07
 1.79250e+01  1.00000e+00  1.00490e-07
 1.79400e+01  1.00000e+00  9.99872e-08
 1.79550e+01  1.00000e+00  9.94870e-08
 1.79700e+01  1.00000e+00  9.89897e-08
 1.79850e+01  1.00000e+00  9.84954e-08
 1.80000e+01  1.00000e+00  9.80040e-08
 1.80150e+01  1.00000e+00  9.75154e-08
 1.80300e+01  1.00000e+00  9.70296e-08
 1.80450e+01  1.00000e+00  9.65467e-08
 1.80600e+01  1.00000e+00  9.60665e-08
 1.80750e+01  1.00000e+00  9.55891e-08
 1.80900e+01  1.00000e+00  9.51147e-08
 1.81050e+01  1.00000e+00  9.46428e-08
 1.81200e+01  1.00000e+00  9.41736e-08
 1.81350e+01  1.00000e+00  9.37071e-08
 1.81500e+01  1.00000e+00  9.32432e-08
 1.81650e+01  1.00000e+00  9.27826e-08
 1.81800e+01  1.00000e+00  9.23241e-08
 1.81950e+01  1.00000e+00  9.18683e-08
 1.82100e+01  1.00000e+00  9.14151e-08
 1.82250e+01  1.00000e+00  9.09648e-08
 1.82400e+01  1.00000e+00  9.05167e-08
 1.82550e+01  1.00000e+00  9.00716e-08
 1.82700e+01  1.00000e+00  8.96286e-08
 1.82850e+01  1.00000e+00  8.91882e-08
 1.83000e+01  1.00000e+00  8.87507e-08
 1.83150e+01  1.00000e+00  8.83151e-08
 1.83300e+01  1.00000e+00  8.78828e-08
 1.83450e+01  1.00000e+00  8.74521e-08
 1.83600e+01  1.00000e+00  8.70248e-08
 1.83750e+01  1.00000e+00  8.65991e-08
 1.83900e+01  1.00000e+00  8.61759e-08
 1.84050e+01  1.00000e+00  8.57551e-08
 1.84200e+01  1.00000e+00  8.53379e-08
 1.84350e+01  1.00000e+00  8.49219e-08
 1.84500e+01  1.00000e+00  8.45085e-08
 1.84650e+01  1.00000e+00  8.40974e-08
 1.84800e+01  1.00000e+00  8.36887e-08
 1.84950e+01  1.00000e+00  8.32824e-08
 1.85100e+01  1.00000e+00  8.28782e-08
 1.85250e+01  1.00000e+00  8.24762e-08
 1.85400e+01  1.00000e+00  8.20768e-08
 1.85550e+01  1.00000e+00  8.16796e-08
 1.85700e+01  1.00000e+00  8.12843e-08
 1.85850e+01  1.00000e+00  8.08916e-08
 1.86000e+01  1.00000e+00  8.05009e-08
 1.86150e+01  1.00000e+00  8.01123e-08
 1.86300e+01  1.00000e+00  7.97264e-08
 1.86450e+01  1.00000e+00  7.93421e-08
 1.86600e+01  1.00000e+00  7.89603e-08
 1.86750e+01  1.00000e+00  7.85805e-08
 1.86900e+01  1.00000e+00  7.82029e-08
 1.87050e+01  1.00000e+00  7.78274e-08
 1.87200e+01  1.00000e+00  7.74539e-08
 1.87350e+01  1.00000e+00  7.70826e-08
 1.87500e+01  1.00000e+00  7.67133e-08
 1.87650e+01  1.00000e+00  7.63461e-08
 1.87800e+01  1.00000e+00  7.59810e-08
 1.87950e+01  1.00000e+00  7.56180e-08
 1.88100e+01  1.00000e+00  7.52569e-08
 1.88250e+01  1.00000e+00  7.48977e-08
 1.88400e+01  1.00000e+00  7.45409e-08
 1.88550e+01  1.00000e+00  7.41856e-08
 1.88700e+01  1.00000e+00  7.38326e-08
 1.88850e+01  1.00000e+00  7.34815e-08
 1.89000e+01  1.00000e+00  7.31321e-08
 1.89150e+01  1.00000e+00  7.27849e-08
 1.89300e+01  1.00000e+00  7.24396e-08
 1.89450e+01  1.00000e+00  7.20961e-08
 1.89600e+01  1.00000e+00  7.17545e-08
 1.89750e+01  1.00000e+00  7.14147e-08
 1.89900e+01  1.00000e+00  7.10768e-08
 1.90050e+01  1.00000e+00  7.07410e-08
 1.90200e+01  1.00000e+00  7.04069e-08
 1.90350e+01  1.00000e+00  7.00748e-08
 1.90500e+01  1.00000e+00  6.97443e-08
 1.90650e+01  1.00000e+00  6.94156e-08
 1.90800e+01  1.00000e+00  6.90888e-08
 1.90950e+01  1.00000e+00  6.87639e-08
 1.91100e+01  1.00000e+00  6.84407e-08
 1.91250e+01  1.00000e+00  6.81193e-08
 1.91400e+01  1.00000e+00  6.77997e-08
 1.91550e+01  1.00000e+00  6.74817e-08
 1.91700e+01  1.00000e+00  6.71655e-08
 1.91850e+01  1.00000e+00  6.68510e-08
 1.92000e+01  1.00000e+00  6.65383e-08
 1.92150e+01  1.00000e+00  6.62272e-08
 1.92300e+01  1.00000e+00  6.59179e-08
 1.92450e+01  1.00000e+00  6.56103e-08
 1.92600e+01  1.00000e+00  6.53043e-08
 1.92750e+01  1.00000e+00  6.49999e-08
 1.92900e+01  1.00000e+00  6.46973e-08
 1.93050e+01  1.00000e+00  6.43963e-08
 1.93200e+01  1.00000e+00  6.40967e-08
 1.93350e+01  1.00000e+00  6.37991e-08
 1.93500e+01  1.00000e+00  6.35027e-08
 1.93650e+01  1.00000e+00  6.32082e-08
 1.93800e+01  1.00000e+00  6.29154e-08
 1.93950e+01  1.00000e+00  6.26239e-08
 1.94100e+01  1.00000e+00  6.23338e-08
 1.94250e+01  1.00000e+00  6.20457e-08
 1.94400e+01  1.00000e+00  6.17591e-08
 1.94550e+01  1.00000e+00  6.14741e-08
 1.94700e+01  1.00000e+00  6.11903e-08
 1.94850e+01  1.00000e+00  6.09084e-08
 1.95000e+01  1.00000e+00  6.06278e-08
 1.95150e+01  1.00000e+00  6.03486e-08
 1.95300e+01  1.00000e+00  6.00710e-08
 1.95450e+01  1.00000e+00  5.97950e-08
 1.95600e+01  1.00000e+00  5.95205e-08
 1.95750e+01  1.00000e+00  5.92471e-08
 1.95900e+01  1.00000e+00  5.89757e-08
 1.96050e+01  1.00000e+00  5.87054e-08
 1.96200e+01  1.00000e+00  5.84366e-08
 1.96350e+01  1.00000e+00  5.81692e-08
 1.96500e+01  1.00000e+00  5.79034e-08
 1.96650e+01  1.00000e+00  5.76388e-08
 1.96800e+01  1.00000e+00  5.73758e-08
 1.96950e+01  1.00000e+00  5.71140e-08
 1.97100e+01  1.00000e+00  5.68538e-08
 1.97250e+01  1.00000e+00  5.65949e-08
 1.97400e+01  1.00000e+00  5.63373e-08
 1.97550e+01  1.00000e+00  5.60810e-08
 1.97700e+01  1.00000e+00  5.58264e-08
 1.97850e+01  1.00000e+00  5.55728e-08
 1.98000e+01  1.00000e+00  5.53208e-08
 1.98150e+01  1.00000e+00  5.50700e-08
 1.98300e+01  1.00000e+00  5.48204e-08
 1.98450e+01  1.00000e+00  5.45723e-08
 1.98600e+01  1.00000e+00  5.43254e-08
 1.98750e+01  1.00000e+00  5.40799e-08
 1.98900e+01  1.00000e+00  5.38357e-08
 1.99050e+01  1.00000e+00  5.35927e-08
 1.99200e+01  1.00000e+00  5.33510e-08
 1.99350e+01  1.00000e+00  5.31106e-08
 1.99500e+01  1.00000e+00  5.28714e-08
 1.99650e+01  1.00000e+00  5.26336e-08
 1.99800e+01  1.00000e+00  5.23968e-08
 1.99950e+01  1.00000e+00  5.21617e-08
 2.00100e+01  1.00000e+00  5.19275e-08
 2.00250e+01  1.00000e+00  5.16944e-08
 2.00400e+01  1.00000e+00  5.14628e-08
 2.00550e+01  1.00000e+00  5.12321e-08
 2.00700e+01  1.00000e+00  5.10028e-08
 2.00850e+01  1.00000e+00  5.07747e-08
 2.01000e+01  1.00000e+00  5.05478e-08
 2.01150e+01  1.00000e+00  5.03220e-08
 2.01300e+01  1.00000e+00  5.00975e-08
 2.01450e+01  1.00000e+00  4.98742e-08
 2.01600e+01  1.00000e+00  4.96520e-08
 2.01750e+01  1.00000e+00  4.94308e-08
 2.01900e+01  1.00000e+00  4.92108e-08
 2.02050e+01  1.00000e+00  4.89921e-08
 2.02200e+01  1.00000e+00  4.87744e-08
 2.02350e+01  1.00000e+00  4.85580e-08
 2.02500e+01  1.00000e+00  4.83425e-08
 2.02650e+01  1.00000e+00  4.81282e-08
 2.02800e+01  1.00000e+00  4.79150e-08
 2.02950e+01  1.00000e+00  4.77028e-08
 2.03100e+01  1.00000e+00  4.74918e-08
 2.03250e+01  1.00000e+00  4.72820e-08
 2.03400e+01  1.00000e+00  4.70731e-08
 2.03550e+01  1.00000e+00  4.68654e-08
 2.03700e+01  1.00000e+00  4.66587e-08
 2.03850e+01  1.00000e+00  4.64531e-08
 2.04000e+01  1.00000e+00  4.62485e-08
 2.04150e+01  1.00000e+00  4.60451e-08
 2.04300e+01  1.00000e+00  4.58426e-08
 2.04450e+01  1.00000e+00  4.56412e-08
 2.04600e+01  1.00000e+00  4.54407e-08
 2.04750e+01  1.00000e+00  4.52413e-08
 2.04900e+01  1.00000e+00  4.50430e-08
 2.05050e+01  1.00000e+00  4.48456e-08
 2.05200e+01  1.00000e+00  4.46493e-08
 2.05350e+01  1.00000e+00  4.44540e-08
 2.05500e+01  1.00000e+00  4.42596e-08
 2.05650e+01  1.00000e+00  4.40663e-08
 2.05800e+01  1.00000e+00  4.38739e-08
 2.05950e+01  1.00000e+00  4.36825e-08
 2.06100e+01  1.00000e+00  4.34922e-08
 2.06250e+01  1.00000e+00  4.33028e-08
 2.06400e+01  1.00000e+00  4.31142e-08
 2.06550e+01  1.00000e+00  4.29267e-08
 2.06700e+01  1.00000e+00  4.27402e-08
 2.06850e+01  1.00000e+00  4.25545e-08
 2.07000e+01  1.00000e+00  4.23699e-08
 2.07150e+01  1.00000e+00  4.21858e-08
 2.07300e+01  1.00000e+00  4.20033e-08
 2.07450e+01  1.00000e+00  4.18213e-08
 2.07600e+01  1.00000e+00  4.16402e-08
 2.07750e+01  1.00000e+00  4.14604e-08
 2.07900e+01  1.00000e+00  4.12812e-08
 2.08050e+01  1.00000e+00  4.11030e-08
 2.08200e+01  1.00000e+00  4.09254e-08
 2.08350e+01  1.00000e+00  4.07491e-08
 2.08500e+01  1.00000e+00  4.05734e-08
 2.08650e+01  1.00000e+00  4.03988e-08
 2.08800e+01  1.00000e+00  4.02249e-08
 2.08950e+01  1.00000e+00  4.00520e-08
 2.09100e+01  1.00000e+00  3.98800e-08
 2.09250e+01  1.00000e+00  3.97088e-08
 2.09400e+01  1.00000e+00  3.95384e-08
 2.09550e+01  1.00000e+00  3.93688e-08
 2.09700e+01  1.00000e+00  3.92001e-08
 2.09850e+01  1.00000e+00  3.90324e-08
 2.10000e+01  1.00000e+00  3.88654e-08
 2.10150e+01  1.00000e+00  3.86991e-08
 2.10300e+01  1.00000e+00  3.85340e-08
 2.10450e+01  1.00000e+00  3.83694e-08
 2.10600e+01  1.00000e+00  3.82057e-08
 2.10750e+01  1.00000e+00  3.80428e-08
 2.10900e+01  1.00000e+00  3.78808e-08
 2.11050e+01  1.00000e+00  3.77196e-08
 2.11200e+01  1.00000e+00  3.75591e-08
 2.11350e+01  1.00000e+00  3.73994e-08
 2.11500e+01  1.00000e+00  3.72406e-08
 2.11650e+01  1.00000e+00  3.70825e-08
 2.11800e+01  1.00000e+00  3.69252e-08
 2.11950e+01  1.00000e+00  3.67687e-08
 2.12100e+01  1.00000e+00  3.66128e-08
 2.12250e+01  1.00000e+00  3.64581e-08
 2.12400e+01  1.00000e+00  3.63037e-08
 2.12550e+01  1.00000e+00  3.61501e-08
 2.12700e+01  1.00000e+00  3.59975e-08
 2.12850e+01  1.00000e+00  3.58456e-08
 2.13000e+01  1.00000e+00  3.56944e-08
 2.13150e+01  1.00000e+00  3.55440e-08
 2.13300e+01  1.00000e+00  3.53943e-08
 2.13450e+01  1.00000e+00  3.52453e-08
 2.13600e+01  1.00000e+00  3.50971e-08
 2.13750e+01  1.00000e+00  3.49496e-08
 2.13900e+01  1.00000e+00  3.48028e-08
 2.14050e+01  1.00000e+00  3.46567e-08
 2.14200e+01  1.00000e+00  3.45113e-08
 2.14350e+01  1.00000e+00  3.43668e-08
 2.14500e+01  1.00000e+00  3.42228e-08
 2.14650e+01  1.00000e+00  3.40794e-08
 2.14800e+01  1.00000e+00  3.39370e-08
 2.14950e+01  1.00000e+00  3.37952e-08
 2.15100e+01  1.00000e+00  3.36539e-08
 2.15250e+01  1.00000e+00  3.35133e-08
 2.15400e+01  1.00000e+00  3.33737e-08
 2.15550e+01  1.00000e+00  3.32346e-08
 2.15700e+01  1.00000e+00  3.30962e-08
 2.15850e+01  1.00000e+00  3.29584e-08
 2.16000e+01  1.00000e+00  3.28213e-08
 2.16150e+01  1.00000e+00  3.26849e-08
 2.16300e+01  1.00000e+00  3.25491e-08
 2.16450e+01  1.00000e+00  3.24140e-08
 2.16600e+01  1.00000e+00  3.22795e-08
 2.16750e+01  1.00000e+00  3.21458e-08
 2.16900e+01  1.00000e+00  3.20127e-08
 2.17050e+01  1.00000e+00  3.18802e-08
 2.17200e+01  1.00000e+00  3.17483e-08
 2.17350e+01  1.00000e+00  3.16170e-08
 2.17500e+01  1.00000e+00  3.14864e-08
 2.17650e+01  1.00000e+00  3.13564e-08
 2.17800e+01  1.00000e+00  3.12272e-08
 2.17950e+01  1.00000e+00  3.10983e-08
 2.18100e+01  1.00000e+00  3.09703e-08
 2.18250e+01  1.00000e+00  3.08428e-08
 2.18400e+01  1.00000e+00  3.07159e-08
 2.18550e+01  1.00000e+00  3.05895e-08
 2.18700e+01  1.00000e+00  3.04639e-08
 2.18850e+01  1.00000e+00  3.03387e-08
 2.19000e+01  1.00000e+00  3.02145e-08
 2.19150e+01  1.00000e+00  3.00906e-08
 2.19300e+01  1.00000e+00  2.99673e-08
 2.19450e+01  1.00000e+00  2.98446e-08
 2.19600e+01  1.00000e+00  2.97224e-08
 2.19750e+01  1.00000e+00  2.96007e-08
 2.19900e+01  1.00000e+00  2.94796e-08
 2.20050e+01  1.00000e+00  2.93596e-08
 2.20200e+01  1.00000e+00  2.92397e-08
 2.20350e+01  1.00000e+00  2.91206e-08
 2.20500e+01  1.00000e+00  2.90019e-08
 2.20650e+01  1.00000e+00  2.88839e-08
 2.20800e+01  1.00000e+00  2.87663e-08
 2.20950e+01  1.00000e+00  2.86494e-08
 2.21100e+01  1.00000e+00  2.85329e-08
 2.21250e+01  1.00000e+00  2.84171e-08
 2.21400e+01  1.00000e+00  2.83017e-08
 2.21550e+01  1.00000e+00  2.81870e-08
 2.21700e+01  1.00000e+00  2.80728e-08
 2.21850e+01  1.00000e+00  2.79591e-08
 2.22000e+01  1.00000e+00  2.78459e-08
 2.22150e+01  1.00000e+00  2.77332e-08
 2.22300e+01  1.00000e+00  2.76212e-08
 2.22450e+01  1.00000e+00  2.75096e-08
 2.22600e+01  1.00000e+00  2.73985e-08
 2.22750e+01  1.00000e+00  2.72881e-08
 2.22900e+01  1.00000e+00  2.71780e-08
 2.23050e+01  1.00000e+00  2.70686e-08
 2.23200e+01  1.00000e+00  2.69596e-08
 2.23350e+01  1.00000e+00  2.68511e-08
 2.23500e+01  1.00000e+00  2.67433e-08
 2.23650e+01  1.00000e+00  2.66358e-08
 2.23800e+01  1.00000e+00  2.65288e-08
 2.23950e+01  1.00000e+00  2.64226e-08
 2.24100e+01  1.00000e+00  2.63164e-08
 2.24250e+01  1.00000e+00  2.62108e-08
 2.24400e+01  1.00000e+00  2.61060e-08
 2.24550e+01  1.00000e+00  2.60016e-08
 2.24700e+01  1.00000e+00  2.58978e-08
 2.24850e+01  1.00000e+00  2.57942e-08
 2.25000e+01  1.00000e+00  2.56910e-08
 2.25150e+01  1.00000e+00  2.55887e-08
 2.25300e+01  1.00000e+00  2.54866e-08
 2.25450e+01  1.00000e+00  2.53851e-08
 2.25600e+01  1.00000e+00  2.52838e-08
 2.25750e+01  1.00000e+00  2.51834e-08
 2.25900e+01  1.00000e+00  2.50831e-08
 2.26050e+01  1.00000e+00  2.49834e-08
 2.26200e+01  1.00000e+00  2.48842e-08
 2.26350e+01  1.00000e+00  2.47854e-08
 2.26500e+01  1.00000e+00  2.46870e-08
 2.26650e+01  1.00000e+00  2.45892e-08
 2.26800e+01  1.00000e+00  2.44917e-08
 2.26950e+01  1.00000e+00  2.43948e-08
 2.27100e+01  1.00000e+00  2.42983e-08
 2.27250e+01  1.00000e+00  2.42022e-08
 2.27400e+01  1.00000e+00  2.41066e-08
 2.27550e+01  1.00000e+00  2.40114e-08
 2.27700e+01  1.00000e+00  2.39167e-08
 2.27850e+01  1.00000e+00  2.38223e-08
 2.28000e+01  1.00000e+00  2.37285e-08
 2.28150e+01  1.00000e+00  2.36350e-08
 2.28300e+01  1.00000e+00  2.35420e-08
 2.28450e+01  1.00000e+00  2.34494e-08
 2.28600e+01  1.00000e+00  2.33573e-08
 2.28750e+01  1.00000e+00  2.32655e-08
 2.28900e+01  1.00000e+00  2.31741e-08
 2.29050e+01  1.00000e+00  2.30832e-08
 2.29200e+01  1.00000e+00  2.29928e-08
 2.29350e+01  1.00000e+00  2.29028e-08
 2.29500e+01  1.00000e+00  2.28131e-08
 2.29650e+01  1.00000e+00  2.27238e-08
 2.29800e+01  1.00000e+00  2.26351e-08
 2.29950e+01  1.00000e+00  2.25464e-08
 2.30100e+01  1.00000e+00  2.24586e-08
 2.30250e+01  1.00000e+00  2.23708e-08
 2.30400e+01  1.00000e+00  2.22835e-08
 2.30550e+01  1.00000e+00  2.21968e-08
 2.30700e+01  1.00000e+00  2.21102e-08
 2.30850e+01  1.00000e+00  2.20243e-08
 2.31000e+01  1.00000e+00  2.19385e-08
 2.31150e+01  1.00000e+00  2.18532e-08
 2.31300e+01  1.00000e+00  2.17684e-08
 2.31450e+01  1.00000e+00  2.16838e-08
 2.31600e+01  1.00000e+00  2.15996e-08
 2.31750e+01  1.00000e+00  2.15159e-08
 2.31900e+01  1.00000e+00  2.14325e-08
 2.32050e+01  1.00000e+00  2.13497e-08
 2.32200e+01  1.00000e+00  2.12670e-08
 2.32350e+01  1.00000e+00  2.11847e-08
 2.32500e+01  1.00000e+00  2.11028e-08
 2.32650e+01  1.00000e+00  2.10214e-08
 2.32800e+01  1.00000e+00  2.09402e-08
 2.32950e+01  1.00000e+00  2.08594e-08
 2.33100e+01  1.00000e+00  2.07790e-08
 2.33250e+01  1.00000e+00  2.06990e-08
 2.33400e+01  1.00000e+00  2.06192e-08
 2.33550e+01  1.00000e+00  2.05399e-08
 2.33700e+01  1.00000e+00  2.04610e-08
 2.33850e+01  1.00000e+00  2.03823e-08
 2.34000e+01  1.00000e+00  2.03041e-08
 2.34150e+01  1.00000e+00  2.02262e-08
 2.34300e+01  1.00000e+00  2.01486e-08
 2.34450e+01  1.00000e+00  2.00714e-08
 2.34600e+01  1.00000e+00  1.99945e-08
 2.34750e+01  1.00000e+00  1.99180e-08
 2.34900e+01  1.00000e+00  1.98417e-08
 2.35050e+01  1.00000e+00  1.97660e-08
 2.35200e+01  1.00000e+00  1.96904e-08
 2.35350e+01  1.00000e+00  1.96152e-08
 2.35500e+01  1.00000e+00  1.95404e-08
 2.35650e+01  1.00000e+00  1.94660e-08
 2.35800e+01  1.00000e+00  1.93917e-08
 2.35950e+01  1.00000e+00  1.93178e-08
 2.36100e+01  1.00000e+00  1.92448e-08
 2.36250e+01  1.00000e+00  1.91712e-08
 2.36400e+01  1.00000e+00  1.90983e-08
 2.36550e+01  1.00000e+00  1.90257e-08
 2.36700e+01  1.00000e+00  1.89534e-08
 2.36850e+01  1.00000e+00  1.88815e-08
 2.37000e+01  1.00000e+00  1.88101e-08
 2.37150e+01  1.00000e+00  1.87388e-08
 2.37300e+01  1.00000e+00  1.86677e-08
 2.37450e+01  1.00000e+00  1.85972e-08
 2.37600e+01  1.00000e+00  1.85269e-08
 2.37750e+01  1.00000e+00  1.84568e-08
 2.37900e+01  1.00000e+00  1.83869e-08
 2.38050e+01  1.00000e+00  1.83177e-08
 2.38200e+01  1.00000e+00  1.82485e-08
 2.38350e+01  1.00000e+00  1.81798e-08
 2.38500e+01  1.00000e+00  1.81113e-08
 2.38650e+01  1.00000e+00  1.80430e-08
 2.38800e+01  1.00000e+00  1.79752e-08
 2.38950e+01  1.00000e+00  1.79075e-08
 2.39100e+01  1.00000e+00  1.78402e-08
 2.39250e+01  1.00000e+00  1.77733e-08
 2.39400e+01  1.00000e+00  1.77065e-08
 2.39550e+01  1.00000e+00  1.76401e-08
 2.39700e+01  1.00000e+00  1.75740e-08
 2.39850e+01  1.00000e+00  1.75081e-08
 2.40000e+01  1.00000e+00  1.74426e-08
 2.40150e+01  1.00000e+00  1.73774e-08
 2.40300e+01  1.00000e+00  1.73123e-08
 2.40450e+01  1.00000e+00  1.72477e-08
 2.40600e+01  1.00000e+00  1.71832e-08
 2.40750e+01  1.00000e+00  1.71191e-08
 2.40900e+01  1.00000e+00  1.70550e-08
 2.41050e+01  1.00000e+00  1.69917e-08
 2.41200e+01  1.00000e+00  1.69284e-08
 2.41350e+01  1.00000e+00  1.68654e-08
 2.41500e+01  1.00000e+00  1.68028e-08
 2.41650e+01  1.00000e+00  1.67402e-08
 2.41800e+01  1.00000e+00  1.66778e-08
 2.41950e+01  1.00000e+00  1.66159e-08
 2.42100e+01  1.00000e+00  1.65542e-08
 2.42250e+01  1.00000e+00  1.64929e-08
 2.42400e+01  1.00000e+00  1.64319e-08
 2.42550e+01  1.00000e+00  1.63710e-08
 2.42700e+01  1.00000e+00  1.63103e-08
 2.42850e+01  1.00000e+00  1.62500e-08
 2.43000e+01  1.00000e+00  1.61899e-08
 2.43150e+01  1.00000e+00  1.61301e-08
 2.43300e+01  1.00000e+00  1.60705e-08
 2.43450e+01  1.00000e+00  1.60111e-08
 2.43600e+01  1.00000e+00  1.59520e-08
 2.43750e+01  1.00000e+00  1.58934e-08
 2.43900e+01  1.00000e+00  1.58352e-08
 2.44050e+01  1.00000e+00  1.57766e-08
 2.44200e+01  1.00000e+00  1.57185e-08
 2.44350e+01  1.00000e+00  1.56607e-08
 2.44500e+01  1.00000e+00  1.56029e-08
 2.44650e+01  1.00000e+00  1.55457e-08
 2.44800e+01  1.00000e+00  1.54885e-08
 2.44950e+01  1.00000e+00  1.54318e-08
 2.45100e+01  1.00000e+00  1.53753e-08
 2.45250e+01  1.00000e+00  1.53188e-08
 2.45400e+01  1.00000e+00  1.52627e-08
 2.45550e+01  1.00000e+00  1.52069e-08
 2.45700e+01  1.00000e+00  1.51513e-08
 2.45850e+01  1.00000e+00  1.50958e-08
 2.46000e+01  1.00000e+00  1.50407e-08
 2.46150e+01  1.00000e+00  1.49859e-08
 2.46300e+01  1.00000e+00  1.49310e-08
 2.46450e+01  1.00000e+00  1.48767e-08
 2.46600e+01  1.00000e+00  1.48225e-08
 2.46750e+01  1.00000e+00  1.47685e-08
 2.46900e+01  1.00000e+00  1.47147e-08
 2.47050e+01  1.00000e+00  1.46612e-08
 2.47200e+01  1.00000e+00  1.46079e-08
 2.47350e+01  1.00000e+00  1.45549e-08
 2.47500e+01  1.00000e+00  1.45020e-08
 2.47650e+01  1.00000e+00  1.44494e-08
 2.47800e+01  1.00000e+00  1.43969e-08
 2.47950e+01  1.00000e+00  1.43448e-08
 2.48100e+01  1.00000e+00  1.42928e-08
 2.48250e+01  1.00000e+00  1.42410e-08
 2.48400e+01  1.00000e+00  1.41894e-08
 2.48550e+01  1.00000e+00  1.41382e-08
 2.48700e+01  1.00000e+00  1.40871e-08
 2.48850e+01  1.00000e+00  1.40362e-08
 2.49000e+01  1.00000e+00  1.39857e-08
 2.49150e+01  1.00000e+00  1.39352e-08
 2.49300e+01  1.00000e+00  1.38849e-08
 2.49450e+01  1.00000e+00  1.38349e-08
 2.49600e+01  1.00000e+00  1.37851e-08
 2.49750e+01  1.00000e+00  1.37356e-08
 2.49900e+01  1.00000e+00  1.36860e-08
 2.50050e+01  1.00000e+00  1.36368e-08
 2.50200e+01  1.00000e+00  1.35880e-08
 2.50350e+01  1.00000e+00  1.35392e-08
 2.50500e+01  1.00000e+00  1.34907e-08
 2.50650e+01  1.00000e+00  1.34423e-08
 2.50800e+01  1.00000e+00  1.33942e-08
 2.50950e+01  1.00000e+00  1.33461e-08
 2.51100e+01  1.00000e+00  1.32984e-08
 2.51250e+01  1.00000e+00  1.32508e-08
 2.51400e+01  1.00000e+00  1.32034e-08
 2.51550e+01  1.00000e+00  1.31563e-08
 2.51700e+01  1.00000e+00  1.31093e-08
 2.51850e+01  1.00000e+00  1.30625e-08
 2.52000e+01  1.00000e+00  1.30159e-08
 2.52150e+01  1.00000e+00  1.29695e-08
 2.52300e+01  1.00000e+00  1.29233e-08
 2.52450e+01  1.00000e+00  1.28773e-08
 2.52600e+01  1.00000e+00  1.28316e-08
 2.52750e+01  1.00000e+00  1.27859e-08
 2.52900e+01  1.00000e+00  1.27405e-08
 2.53050e+01  1.00000e+00  1.26953e-08
 2.53200e+01  1.00000e+00  1.26502e-08
 2.53350e+01  1.00000e+00  1.26052e-08
 2.53500e+01  1.00000e+00  1.25607e-08
 2.53650e+01  1.00000e+00  1.25161e-08
 2.53800e+01  1.00000e+00  1.24718e-08
 2.53950e+01  1.00000e+00  1.24277e-08
 2.54100e+01  1.00000e+00  1.23838e-08
 2.54250e+01  1.00000e+00  1.23401e-08
 2.54400e+01  1.00000e+00  1.22964e-08
 2.54550e+01  1.00000e+00  1.22529e-08
 2.54700e+01  1.00000e+00  1.22097e-08
 2.54850e+01  1.00000e+00  1.21665e-08
 2.55000e+01  1.00000e+00  1.21238e-08
 2.55150e+01  1.00000e+00  1.20809e-08
 2.55300e+01  1.00000e+00  1.20385e-08
 2.55450e+01  1.00000e+00  1.19962e-08
 2.55600e+01  1.00000e+00  1.19539e-08
 2.55750e+01  1.00000e+00  1.19119e-08
 2.55900e+01  1.00000e+00  1.18702e-08
 2.56050e+01  1.00000e+00  1.18285e-08
 2.56200e+01  1.00000e+00  1.17870e-08
 2.56350e+01  1.00000e+00  1.17456e-08
 2.56500e+01  1.00000e+00  1.17045e-08
 2.56650e+01  1.00000e+00  1.16636e-08
 2.56800e+01  1.00000e+00  1.16227e-08
 2.56950e+01  1.00000e+00  1.15821e-08
 2.57100e+01  1.00000e+00  1.15416e-08
 2.57250e+01  1.00000e+00  1.15013e-08
 2.57400e+01  1.00000e+00  1.14611e-08
 2.57550e+01  1.00000e+00  1.14211e-08
 2.57700e+01  1.00000e+00  1.13812e-08
 2.57850e+01  1.00000e+00  1.13417e-08
 2.58000e+01  1.00000e+00  1.13021e-08
 2.58150e+01  1.00000e+00  1.12629e-08
 2.58300e+01  1.00000e+00  1.12237e-08
 2.58450e+01  1.00000e+00  1.11847e-08
 2.58600e+01  1.00000e+00  1.11458e-08
 2.58750e+01  1.00000e+00  1.11069e-08
 2.58900e+01  1.00000e+00  1.10684e-08
 2.59050e+01  1.00000e+00  1.10300e-08
 2.59200e+01  1.00000e+00  1.09918e-08
 2.59350e+01  1.00000e+00  1.09538e-08
 2.59500e+01  1.00000e+00  1.09157e-08
 2.59650e+01  1.00000e+00  1.08780e-08
 2.59800e+01  1.00000e+00  1.08403e-08
 2.59950e+01  1.00000e+00  1.08029e-08
 2.60100e+01  1.00000e+00  1.07656e-08
 2.60250e+01  1.00000e+00  1.07284e-08
 2.60400e+01  1.00000e+00  1.06914e-08
 2.60550e+01  1.00000e+00  1.06546e-08
 2.60700e+01  1.00000e+00  1.06177e-08
 2.60850e+01  1.00000e+00  1.05811e-08
 2.61000e+01  1.00000e+00  1.05447e-08
 2.61150e+01  1.00000e+00  1.05084e-08
 2.61300e+01  1.00000e+00  1.04723e-08
 2.61450e+01  1.00000e+00  1.04363e-08
 2.61600e+01  1.00000e+00  1.04004e-08
 2.61750e+01  1.00000e+00  1.03648e-08
 2.61900e+01  1.00000e+00  1.03292e-08
 2.62050e+01  1.00000e+00  1.02938e-08
 2.62200e+01  1.00000e+00  1.02585e-08
 2.62350e+01  1.00000e+00  1.02234e-08
 2.62500e+01  1.00000e+00  1.01884e-08
 2.62650e+01  1.00000e+00  1.01535e-08
 2.62800e+01  1.00000e+00  1.01188e-08
 2.62950e+01  1.00000e+00  1.00841e-08
 2.63100e+01  1.00000e+00  1.00497e-08
 2.63250e+01  1.00000e+00  1.00154e-08
 2.63400e+01  1.00000e+00  9.98119e-09
 2.63550e+01  1.00000e+00  9.94719e-09
 2.63700e+01  1.00000e+00  9.91332e-09
 2.63850e+01  1.00000e+00  9.87954e-09
 2.64000e+01  1.00000e+00  9.84592e-09
 2.64150e+01  1.00000e+00  9.81241e-09
 2.64300e+01  1.00000e+00  9.77905e-09
 2.64450e+01  1.00000e+00  9.74586e-09
 2.64600e+01  1.00000e+00  9.71280e-09
 2.64750e+01  1.00000e+00  9.67974e-09
 2.64900e+01  1.00000e+00  9.64694e-09
 2.65050e+01  1.00000e+00  9.61421e-09
 2.65200e+01  1.00000e+00  9.58156e-09
 2.65350e+01  1.00000e+00  9.54910e-09
 2.65500e+01  1.00000e+00  9.51675e-09
 2.65650e+01  1.00000e+00  9.48467e-09
 2.65800e+01  1.00000e+00  9.45258e-09
 2.65950e+01  1.00000e+00  9.42059e-09
 2.66100e+01  1.00000e+00  9.38879e-09
 2.66250e+01  1.00000e+00  9.35718e-09
 2.66400e+01  1.00000e+00  9.32558e-09
 2.66550e+01  1.00000e+00  9.29414e-09
 2.66700e+01  1.00000e+00  9.26281e-09
 2.66850e+01  1.00000e+00  9.23156e-09
 2.67000e+01  1.00000e+00  9.20043e-09
 2.67150e+01  1.00000e+00  9.16939e-09
 2.67300e+01  1.00000e+00  9.13864e-09
 2.67450e+01  1.00000e+00  9.10794e-09
 2.67600e+01  1.00000e+00  9.07745e-09
 2.67750e+01  1.00000e+00  9.04706e-09
 2.67900e+01  1.00000e+00  9.01674e-09
 2.68050e+01  1.00000e+00  8.98650e-09
 2.68200e+01  1.00000e+00  8.95636e-09
 2.68350e+01  1.00000e+00  8.92622e-09
 2.68500e+01  1.00000e+00  8.89635e-09
 2.68650e+01  1.00000e+00  8.86659e-09
 2.68800e+01  1.00000e+00  8.83697e-09
 2.68950e+01  1.00000e+00  8.80739e-09
 2.69100e+01  1.00000e+00  8.77801e-09
 2.69250e+01  1.00000e+00  8.74869e-09
 2.69400e+01  1.00000e+00  8.71947e-09
 2.69550e+01  1.00000e+00  8.69036e-09
 2.69700e+01  1.00000e+00  8.66144e-09
 2.69850e+01  1.00000e+00  8.63260e-09
 2.70000e+01  1.00000e+00  8.60389e-09
 2.70150e+01  1.00000e+00  8.57539e-09
 2.70300e+01  1.00000e+00  8.54681e-09
 2.70450e+01  1.00000e+00  8.51831e-09
 2.70600e+01  1.00000e+00  8.49004e-09
 2.70750e+01  1.00000e+00  8.46188e-09
 2.70900e+01  1.00000e+00  8.43385e-09
 2.71050e+01  1.00000e+00  8.40583e-09
 2.71200e+01  1.00000e+00  8.37798e-09
 2.71350e+01  1.00000e+00  8.35025e-09
 2.71500e+01  1.00000e+00  8.32260e-09
 2.71650e+01  1.00000e+00  8.29507e-09
 2.71800e+01  1.00000e+00  8.26765e-09
 2.71950e+01  1.00000e+00  8.24032e-09
 2.72100e+01  1.00000e+00  8.21312e-09
 2.72250e+01  1.00000e+00  8.18606e-09
 2.72400e+01  1.00000e+00  8.15912e-09
 2.72550e+01  1.00000e+00  8.13203e-09
 2.72700e+01  1.00000e+00  8.10526e-09
 2.72850e+01  1.00000e+00  8.07848e-09
 2.73000e+01  1.00000e+00  8.05195e-09
 2.73150e+01  1.00000e+00  8.02543e-09
 2.73300e+01  1.00000e+00  7.99910e-09
 2.73450e+01  1.00000e+00  7.97283e-09
 2.73600e+01  1.00000e+00  7.94665e-09
 2.73750e+01  1.00000e+00  7.92050e-09
 2.73900e+01  1.00000e+00  7.89451e-09
 2.74050e+01  1.00000e+00  7.86864e-09
 2.74200e+01  1.00000e+00  7.84287e-09
 2.74350e+01  1.00000e+00  7.81726e-09
 2.74500e+01  1.00000e+00  7.79159e-09
 2.74650e+01  1.00000e+00  7.76598e-09
 2.74800e+01  1.00000e+00  7.74066e-09
 2.74950e+01  1.00000e+00  7.71538e-09
 2.75100e+01  1.00000e+00  7.69013e-09
 2.75250e+01  1.00000e+00  7.66498e-09
 2.75400e+01  1.00000e+00  7.63996e-09
 2.75550e+01  1.00000e+00  7.61514e-09
 2.75700e+01  1.00000e+00  7.59025e-09
 2.75850e+01  1.00000e+00  7.56549e-09
 2.76000e+01  1.00000e+00  7.54090e-09
 2.76150e+01  1.00000e+00  7.51640e-09
 2.76300e+01  1.00000e+00  7.49192e-09
 2.76450e+01  1.00000e+00  7.46750e-09
 2.76600e+01  1.00000e+00  7.44329e-09
 2.76750e+01  1.00000e+00  7.41908e-09
 2.76900e+01  1.00000e+00  7.39508e-09
 2.77050e+01  1.00000e+00  7.37102e-09
 2.77200e+01  1.00000e+00  7.34703e-09
 2.77350e+01  1.00000e+00  7.32323e-09
 2.77500e+01  1.00000e+00  7.29957e-09
 2.77650e+01  1.00000e+00  7.27607e-09
 2.77800e+01  1.00000e+00  7.25239e-09
 2.77950e+01  1.00000e+00  7.22895e-09
 2.78100e+01  1.00000e+00  7.20558e-09
 2.78250e+01  1.00000e+00  7.18229e-09
 2.78400e+01  1.00000e+00  7.15912e-09
 2.78550e+01  1.00000e+00  7.13604e-09
 2.78700e+01  1.00000e+00  7.11293e-09
 2.78850e+01  1.00000e+00  7.09005e-09
 2.79000e+01  1.00000e+00  7.06720e-09
 2.79150e+01  1.00000e+00  7.04444e-09
 2.79300e+01  1.00000e+00  7.02181e-09
 2.79450e+01  1.00000e+00  6.99928e-09
 2.79600e+01  1.00000e+00  6.97675e-09
 2.79750e+01  1.00000e+00  6.95436e-09
 2.79900e+01  1.00000e+00  6.93195e-09
 2.80050e+01  1.00000e+00  6.90970e-09
 2.80200e+01  1.00000e+00  6.88767e-09
 2.80350e+01  1.00000e+00  6.86551e-09
 2.80500e+01  1.00000e+00  6.84349e-09
 2.80650e+01  1.00000e+00  6.82166e-09
 2.80800e+01  1.00000e+00  6.79976e-09
 2.80950e+01  1.00000e+00  6.77800e-09
 2.81100e+01  1.00000e+00  6.75636e-09
 2.81250e+01  1.00000e+00  6.73477e-09
 2.81400e+01  1.00000e+00  6.71327e-09
 2.81550e+01  1.00000e+00  6.69187e-09
 2.81700e+01  1.00000e+00  6.67053e-09
 2.81850e+01  1.00000e+00  6.64933e-09
 2.82000e+01  1.00000e+00  6.62808e-09
 2.82150e+01  1.00000e+00  6.60688e-09
 2.82300e+01  1.00000e+00  6.58588e-09
 2.82450e+01  1.00000e+00  6.56487e-09
 2.82600e+01  1.00000e+00  6.54409e-09
 2.82750e+01  1.00000e+00  6.52330e-09
 2.82900e+01  1.00000e+00  6.50255e-09
 2.83050e+01  1.00000e+00  6.48191e-09
 2.83200e+01  1.00000e+00  6.46133e-09
 2.83350e+01  1.00000e+00  6.44081e-09
 2.83500e+01  1.00000e+00  6.42032e-09
 2.83650e+01  1.00000e+00  6.40002e-09
 2.83800e+01  1.00000e+00  6.37983e-09
 2.83950e+01  1.00000e+00  6.35963e-09
 2.84100e+01  1.00000e+00  6.33948e-09
 2.84250e+01  1.00000e+00  6.31949e-09
 2.84400e+01  1.00000e+00  6.29935e-09
 2.84550e+01  1.00000e+00  6.27954e-09
 2.84700e+01  1.00000e+00  6.25971e-09
 2.84850e+01  1.00000e+00  6.23989e-09
 2.85000e+01  1.00000e+00  6.22027e-09
 2.85150e+01  1.00000e+00  6.20079e-09
 2.85300e+01  1.00000e+00  6.18116e-09
 2.85450e+01  1.00000e+00  6.16168e-09
 2.85600e+01  1.00000e+00  6.14226e-09
 2.85750e+01  1.00000e+00  6.12302e-09
 2.85900e+01  1.00000e+00  6.10368e-09
 2.86050e+01  1.00000e+00  6.08455e-09
 2.86200e+01  1.00000e+00  6.06543e-09
 2.86350e+01  1.00000e+00  6.04635e-09
 2.86500e+01  1.00000e+00  6.02739e-09
 2.86650e+01  1.00000e+00  6.00851e-09
 2.86800e+01  1.00000e+00  5.98966e-09
 2.86950e+01  1.00000e+00  5.97088e-09
 2.87100e+01  1.00000e+00  5.95221e-09
 2.87250e+01  1.00000e+00  5.93365e-09
 2.87400e+01  1.00000e+00  5.91505e-09
 2.87550e+01  1.00000e+00  5.89652e-09
 2.87700e+01  1.00000e+00  5.87820e-09
 2.87850e+01  1.00000e+00  5.85977e-09
 2.88000e+01  1.00000e+00  5.84148e-09
 2.88150e+01  1.00000e+00  5.82327e-09
 2.88300e+01  1.00000e+00  5.80507e-09
 2.88450e+01  1.00000e+00  5.78704e-09
 2.88600e+01  1.00000e+00  5.76895e-09
 2.88750e+01  1.00000e+00  5.75095e-09
 2.88900e+01  1.00000e+00  5.73308e-09
 2.89050e+01  1.00000e+00  5.71530e-09
 2.89200e+01  1.00000e+00  5.69756e-09
 2.89350e+01  1.00000e+00  5.67992e-09
 2.89500e+01  1.00000e+00  5.66228e-09
 2.89650e+01  1.00000e+00  5.64467e-09
 2.89800e+01  1.00000e+00  5.62720e-09
 2.89950e+01  1.00000e+00  5.60972e-09
 2.90100e+01  1.00000e+00  5.59235e-09
 2.90250e+01  1.00000e+00  5.57505e-09
 2.90400e+01  1.00000e+00  5.55775e-09
 2.90550e+01  1.00000e+00  5.54050e-09
 2.90700e+01  1.00000e+00  5.52342e-09
 2.90850e+01  1.00000e+00  5.50642e-09
 2.91000e+01  1.00000e+00  5.48927e-09
 2.91150e+01  1.00000e+00  5.47243e-09
 2.91300e+01  1.00000e+00  5.45545e-09
 2.91450e+01  1.00000e+00  5.43869e-09
 2.91600e+01  1.00000e+00  5.42188e-09
 2.91750e+01  1.00000e+00  5.40527e-09
 2.91900e+01  1.00000e+00  5.38848e-09
 2.92050e+01  1.00000e+00  5.37186e-09
 2.92200e+01  1.00000e+00  5.35544e-09
 2.92350e+01  1.00000e+00  5.33905e-09
 2.92500e+01  1.00000e+00  5.32257e-09
 2.92650e+01  1.00000e+00  5.30625e-09
 2.92800e+01  1.00000e+00  5.28998e-09
 2.92950e+01  1.00000e+00  5.27378e-09
 2.93100e+01  1.00000e+00  5.25757e-09
 2.93250e+01  1.00000e+00  5.24143e-09
 2.93400e+01  1.00000e+00  5.22542e-09
 2.93550e+01  1.00000e+00  5.20939e-09
 2.93700e+01  1.00000e+00  5.19344e-09
 2.93850e+01  1.00000e+00  5.17752e-09
 2.94000e+01  1.00000e+00  5.16165e-09
 2.94150e+01  1.00000e+00  5.14583e-09
 2.94300e+01  1.00000e+00  5.13014e-09
 2.94450e+01  1.00000e+00  5.11437e-09
 2.94600e+01  1.00000e+00  5.09886e-09
 2.94750e+01  1.00000e+00  5.08330e-09
 2.94900e+01  1.00000e+00  5.06784e-09
 2.95050e+01  1.00000e+00  5.05241e-09
 2.95200e+01  1.00000e+00  5.03708e-09
 2.95350e+01  1.00000e+00  5.02183e-09
 2.95500e+01  1.00000e+00  5.00645e-09
 2.95650e+01  1.00000e+00  4.99121e-09
 2.95800e+01  1.00000e+00  4.97606e-09
 2.95950e+01  1.00000e+00  4.96085e-09
 2.96100e+01  1.00000e+00  4.94599e-09
 2.96250e+01  1.00000e+00  4.93065e-09
 2.96400e+01  1.00000e+00  4.91598e-09
 2.96550e+01  1.00000e+00  4.90100e-09
 2.96700e+01  1.00000e+00  4.88603e-09
 2.96850e+01  1.00000e+00  4.87175e-09
 2.97000e+01  1.00000e+00  4.85681e-09
 2.97150e+01  1.00000e+00  4.84189e-09
 2.97300e+01  1.00000e+00  4.82731e-09
 2.97450e+01  1.00000e+00  4.81259e-09
 2.97600e+01  1.00000e+00  4.79821e-09
 2.97750e+01  1.00000e+00  4.78351e-09
 2.97900e+01  1.00000e+00  4.76933e-09
 2.98050e+01  1.00000e+00  4.75507e-09
 2.98200e+01  1.00000e+00  4.74059e-09
 2.98350e+01  1.00000e+00  4.72611e-09
 2.98500e+01  1.00000e+00  4.71190e-09
 2.98650e+01  1.00000e+00  4.69804e-09
 2.98800e+01  1.00000e+00  4.68377e-09
 2.98950e+01  1.00000e+00  4.66977e-09
 2.99100e+01  1.00000e+00  4.65579e-09
 2.99250e+01  1.00000e+00  4.64156e-09
 2.99400e+01  1.00000e+00  4.62781e-09
 2.99550e+01  1.00000e+00  4.61391e-09
 2.99700e+01  1.00000e+00  4.59997e-09
 2.99850e+01  1.00000e+00  4.58623e-09
 3.00000e+01  1.00000e+00  4.57248e-09
