 r[σ]         g_ii         c_ii        
 2.00000e-02  0.00000e+00 -4.69601e+01
 4.00000e-02  0.00000e+00 -4.64719e+01
 6.00000e-02  0.00000e+00 -4.56980e+01
 8.00000e-02  0.00000e+00 -4.46892e+01
 1.00000e-01  0.00000e+00 -4.35026e+01
 1.20000e-01  0.00000e+00 -4.21933e+01
 1.40000e-01  0.00000e+00 -4.08096e+01
 1.60000e-01  0.00000e+00 -3.93899e+01
 1.80000e-01  0.00000e+00 -3.79629e+01
 2.00000e-01  0.00000e+00 -3.65486e+01
 2.20000e-01  0.00000e+00 -3.51600e+01
 2.40000e-01  0.00000e+00 -3.38046e+01
 2.60000e-01  0.00000e+00 -3.24864e+01
 2.80000e-01  0.00000e+00 -3.12068e+01
 3.00000e-01  0.00000e+00 -2.99653e+01
 3.20000e-01  0.00000e+00 -2.87609e+01
 3.40000e-01  0.00000e+00 -2.75917e+01
 3.60000e-01  0.00000e+00 -2.64558e+01
 3.80000e-01  0.00000e+00 -2.53512e+01
 4.00000e-01  0.00000e+00 -2.42760e+01
 4.20000e-01  0.00000e+00 -2.32286e+01
 4.40000e-01  0.00000e+00 -2.22073e+01
 4.60000e-01  0.00000e+00 -2.12111e+01
 4.80000e-01  0.00000e+00 -2.02386e+01
 5.00000e-01  0.00000e+00 -1.92891e+01
 5.20000e-01  0.00000e+00 -1.83617e+01
 5.40000e-01  0.00000e+00 -1.74560e+01
 5.60000e-01  0.00000e+00 -1.65714e+01
 5.80000e-01  7.57220e-05 -1.57076e+01
 6.00000e-01  2.49548e-04 -1.48645e+01
 6.20000e-01  4.14876e-04 -1.40419e+01
 6.40000e-01  5.71507e-04 -1.32398e+01
 6.60000e-01  7.19346e-04 -1.24582e+01
 6.80000e-01  8.58418e-04 -1.16972e+01
 7.00000e-01  9.88927e-04 -1.09571e+01
 7.20000e-01  1.11130e-03 -1.02379e+01
 7.40000e-01  1.22630e-03 -9.54015e+00
 7.60000e-01  1.33519e-03 -8.86406e+00
 7.80000e-01  1.43999e-03 -8.21006e+00
 8.00000e-01  1.54397e-03 -7.57865e+00
 8.20000e-01  1.65260e-03 -6.97035e+00
 8.40000e-01  1.77586e-03 -6.38578e+00
 8.60000e-01  1.96482e-03 -5.82560e+00
 8.80000e-01  3.51140e-03 -5.28928e+00
 9.00000e-01  2.14898e-02 -4.76256e+00
 9.20000e-01  1.24169e-01 -4.17804e+00
 9.40000e-01  4.41416e-01 -3.40672e+00
 9.60000e-01  1.05220e+00 -2.37047e+00
 9.80000e-01  1.86486e+00 -1.16164e+00
 1.00000e+00  2.66017e+00 -4.84516e-05
 1.02000e+00  3.23678e+00  9.12639e-01
 1.04000e+00  3.50477e+00  1.48645e+00
 1.06000e+00  3.48344e+00  1.74095e+00
 1.08000e+00  3.25136e+00  1.75532e+00
 1.10000e+00  2.89864e+00  1.62059e+00
 1.12000e+00  2.50016e+00  1.41287e+00
 1.14000e+00  2.10726e+00  1.18499e+00
 1.16000e+00  1.74970e+00  9.68389e-01
 1.18000e+00  1.44124e+00  7.78639e-01
 1.20000e+00  1.18532e+00  6.21071e-01
 1.22000e+00  9.79499e-01  4.95145e-01
 1.24000e+00  8.18462e-01  3.97417e-01
 1.26000e+00  6.95876e-01  3.23360e-01
 1.28000e+00  6.05438e-01  2.68378e-01
 1.30000e+00  5.41388e-01  2.28304e-01
 1.32000e+00  4.98721e-01  1.99597e-01
 1.34000e+00  4.73213e-01  1.79370e-01
 1.36000e+00  4.61379e-01  1.65337e-01
 1.38000e+00  4.60374e-01  1.55731e-01
 1.40000e+00  4.67903e-01  1.49212e-01
 1.42000e+00  4.82123e-01  1.44779e-01
 1.44000e+00  5.01561e-01  1.41700e-01
 1.46000e+00  5.25044e-01  1.39447e-01
 1.48000e+00  5.51640e-01  1.37646e-01
 1.50000e+00  5.80610e-01  1.36042e-01
 1.52000e+00  6.11369e-01  1.34463e-01
 1.54000e+00  6.43457e-01  1.32804e-01
 1.56000e+00  6.76513e-01  1.31001e-01
 1.58000e+00  7.10254e-01  1.29024e-01
 1.60000e+00  7.44465e-01  1.26865e-01
 1.62000e+00  7.78979e-01  1.24531e-01
 1.64000e+00  8.13673e-01  1.22036e-01
 1.66000e+00  8.48459e-01  1.19401e-01
 1.68000e+00  8.83275e-01  1.16651e-01
 1.70000e+00  9.18082e-01  1.13811e-01
 1.72000e+00  9.52862e-01  1.10904e-01
 1.74000e+00  9.87609e-01  1.07953e-01
 1.76000e+00  1.02233e+00  1.04979e-01
 1.78000e+00  1.05705e+00  1.02002e-01
 1.80000e+00  1.09178e+00  9.90374e-02
 1.82000e+00  1.12657e+00  9.61004e-02
 1.84000e+00  1.16142e+00  9.32016e-02
 1.86000e+00  1.19632e+00  9.03469e-02
 1.88000e+00  1.23111e+00  8.75311e-02
 1.90000e+00  1.26531e+00  8.47299e-02
 1.92000e+00  1.29794e+00  8.18918e-02
 1.94000e+00  1.32730e+00  7.89373e-02
 1.96000e+00  1.35105e+00  7.57693e-02
 1.98000e+00  1.36645e+00  7.22955e-02
 2.00000e+00  1.37087e+00  6.84550e-02
 2.02000e+00  1.36238e+00  6.42382e-02
 2.04000e+00  1.34015e+00  5.96948e-02
 2.06000e+00  1.30468e+00  5.49259e-02
 2.08000e+00  1.25771e+00  5.00665e-02
 2.10000e+00  1.20193e+00  4.52631e-02
 2.12000e+00  1.14060e+00  4.06533e-02
 2.14000e+00  1.07711e+00  3.63509e-02
 2.16000e+00  1.01461e+00  3.24375e-02
 2.18000e+00  9.55840e-01  2.89607e-02
 2.20000e+00  9.02897e-01  2.59372e-02
 2.22000e+00  8.57260e-01  2.33579e-02
 2.24000e+00  8.19797e-01  2.11950e-02
 2.26000e+00  7.90842e-01  1.94082e-02
 2.28000e+00  7.70298e-01  1.79508e-02
 2.30000e+00  7.57739e-01  1.67737e-02
 2.32000e+00  7.52511e-01  1.58292e-02
 2.34000e+00  7.53814e-01  1.50731e-02
 2.36000e+00  7.60773e-01  1.44658e-02
 2.38000e+00  7.72494e-01  1.39730e-02
 2.40000e+00  7.88102e-01  1.35656e-02
 2.42000e+00  8.06769e-01  1.32199e-02
 2.44000e+00  8.27731e-01  1.29167e-02
 2.46000e+00  8.50298e-01  1.26409e-02
 2.48000e+00  8.73858e-01  1.23808e-02
 2.50000e+00  8.97875e-01  1.21278e-02
 2.52000e+00  9.21886e-01  1.18757e-02
 2.54000e+00  9.45500e-01  1.16203e-02
 2.56000e+00  9.68384e-01  1.13586e-02
 2.58000e+00  9.90266e-01  1.10894e-02
 2.60000e+00  1.01092e+00  1.08118e-02
 2.62000e+00  1.03016e+00  1.05259e-02
 2.64000e+00  1.04785e+00  1.02323e-02
 2.66000e+00  1.06387e+00  9.93173e-03
 2.68000e+00  1.07814e+00  9.62530e-03
 2.70000e+00  1.09059e+00  9.31416e-03
 2.72000e+00  1.10117e+00  8.99952e-03
 2.74000e+00  1.10985e+00  8.68258e-03
 2.76000e+00  1.11661e+00  8.36451e-03
 2.78000e+00  1.12145e+00  8.04638e-03
 2.80000e+00  1.12434e+00  7.72923e-03
 2.82000e+00  1.12529e+00  7.41394e-03
 2.84000e+00  1.12430e+00  7.10136e-03
 2.86000e+00  1.12137e+00  6.79219e-03
 2.88000e+00  1.11651e+00  6.48711e-03
 2.90000e+00  1.10974e+00  6.18672e-03
 2.92000e+00  1.10108e+00  5.89162e-03
 2.94000e+00  1.09059e+00  5.60244e-03
 2.96000e+00  1.07837e+00  5.31988e-03
 2.98000e+00  1.06456e+00  5.04478e-03
 3.00000e+00  1.04935e+00  4.77809e-03
 3.02000e+00  1.03302e+00  4.52089e-03
 3.04000e+00  1.01592e+00  4.27437e-03
 3.06000e+00  9.98453e-01  4.03973e-03
 3.08000e+00  9.81071e-01  3.81814e-03
 3.10000e+00  9.64256e-01  3.61061e-03
 3.12000e+00  9.48489e-01  3.41794e-03
 3.14000e+00  9.34224e-01  3.24065e-03
 3.16000e+00  9.21865e-01  3.07892e-03
 3.18000e+00  9.11742e-01  2.93257e-03
 3.20000e+00  9.04097e-01  2.80111e-03
 3.22000e+00  8.99075e-01  2.68374e-03
 3.24000e+00  8.96723e-01  2.57942e-03
 3.26000e+00  8.96996e-01  2.48690e-03
 3.28000e+00  8.99763e-01  2.40484e-03
 3.30000e+00  9.04818e-01  2.33182e-03
 3.32000e+00  9.11903e-01  2.26644e-03
 3.34000e+00  9.20714e-01  2.20732e-03
 3.36000e+00  9.30922e-01  2.15321e-03
 3.38000e+00  9.42185e-01  2.10295e-03
 3.40000e+00  9.54162e-01  2.05552e-03
 3.42000e+00  9.66522e-01  2.01004e-03
 3.44000e+00  9.78955e-01  1.96579e-03
 3.46000e+00  9.91176e-01  1.92219e-03
 3.48000e+00  1.00293e+00  1.87877e-03
 3.50000e+00  1.01400e+00  1.83521e-03
 3.52000e+00  1.02420e+00  1.79128e-03
 3.54000e+00  1.03337e+00  1.74684e-03
 3.56000e+00  1.04140e+00  1.70185e-03
 3.58000e+00  1.04821e+00  1.65631e-03
 3.60000e+00  1.05374e+00  1.61028e-03
 3.62000e+00  1.05797e+00  1.56386e-03
 3.64000e+00  1.06089e+00  1.51718e-03
 3.66000e+00  1.06253e+00  1.47039e-03
 3.68000e+00  1.06293e+00  1.42363e-03
 3.70000e+00  1.06214e+00  1.37708e-03
 3.72000e+00  1.06024e+00  1.33090e-03
 3.74000e+00  1.05731e+00  1.28524e-03
 3.76000e+00  1.05345e+00  1.24027e-03
 3.78000e+00  1.04876e+00  1.19612e-03
 3.80000e+00  1.04335e+00  1.15291e-03
 3.82000e+00  1.03733e+00  1.11078e-03
 3.84000e+00  1.03082e+00  1.06983e-03
 3.86000e+00  1.02394e+00  1.03015e-03
 3.88000e+00  1.01681e+00  9.91817e-04
 3.90000e+00  1.00956e+00  9.54906e-04
 3.92000e+00  1.00232e+00  9.19470e-04
 3.94000e+00  9.95196e-01  8.85555e-04
 3.96000e+00  9.88323e-01  8.53194e-04
 3.98000e+00  9.81817e-01  8.22407e-04
 4.00000e+00  9.75792e-01  7.93207e-04
 4.02000e+00  9.70357e-01  7.65591e-04
 4.04000e+00  9.65611e-01  7.39547e-04
 4.06000e+00  9.61643e-01  7.15049e-04
 4.08000e+00  9.58526e-01  6.92059e-04
 4.10000e+00  9.56319e-01  6.70529e-04
 4.12000e+00  9.55061e-01  6.50395e-04
 4.14000e+00  9.54768e-01  6.31583e-04
 4.16000e+00  9.55436e-01  6.14009e-04
 4.18000e+00  9.57038e-01  5.97580e-04
 4.20000e+00  9.59522e-01  5.82195e-04
 4.22000e+00  9.62817e-01  5.67748e-04
 4.24000e+00  9.66832e-01  5.54133e-04
 4.26000e+00  9.71458e-01  5.41240e-04
 4.28000e+00  9.76573e-01  5.28964e-04
 4.30000e+00  9.82048e-01  5.17204e-04
 4.32000e+00  9.87745e-01  5.05866e-04
 4.34000e+00  9.93527e-01  4.94863e-04
 4.36000e+00  9.99260e-01  4.84119e-04
 4.38000e+00  1.00481e+00  4.73568e-04
 4.40000e+00  1.01007e+00  4.63155e-04
 4.42000e+00  1.01493e+00  4.52836e-04
 4.44000e+00  1.01929e+00  4.42579e-04
 4.46000e+00  1.02308e+00  4.32359e-04
 4.48000e+00  1.02624e+00  4.22164e-04
 4.50000e+00  1.02872e+00  4.11989e-04
 4.52000e+00  1.03051e+00  4.01836e-04
 4.54000e+00  1.03160e+00  3.91715e-04
 4.56000e+00  1.03199e+00  3.81638e-04
 4.58000e+00  1.03171e+00  3.71624e-04
 4.60000e+00  1.03078e+00  3.61694e-04
 4.62000e+00  1.02927e+00  3.51869e-04
 4.64000e+00  1.02722e+00  3.42174e-04
 4.66000e+00  1.02470e+00  3.32632e-04
 4.68000e+00  1.02178e+00  3.23264e-04
 4.70000e+00  1.01853e+00  3.14094e-04
 4.72000e+00  1.01504e+00  3.05140e-04
 4.74000e+00  1.01137e+00  2.96421e-04
 4.76000e+00  1.00761e+00  2.87952e-04
 4.78000e+00  1.00383e+00  2.79746e-04
 4.80000e+00  1.00010e+00  2.71813e-04
 4.82000e+00  9.96500e-01  2.64162e-04
 4.84000e+00  9.93085e-01  2.56797e-04
 4.86000e+00  9.89915e-01  2.49720e-04
 4.88000e+00  9.87041e-01  2.42933e-04
 4.90000e+00  9.84509e-01  2.36432e-04
 4.92000e+00  9.82356e-01  2.30213e-04
 4.94000e+00  9.80611e-01  2.24271e-04
 4.96000e+00  9.79296e-01  2.18596e-04
 4.98000e+00  9.78424e-01  2.13180e-04
 5.00000e+00  9.78001e-01  2.08011e-04
 5.02000e+00  9.78022e-01  2.03076e-04
 5.04000e+00  9.78478e-01  1.98362e-04
 5.06000e+00  9.79349e-01  1.93856e-04
 5.08000e+00  9.80608e-01  1.89543e-04
 5.10000e+00  9.82223e-01  1.85407e-04
 5.12000e+00  9.84152e-01  1.81433e-04
 5.14000e+00  9.86352e-01  1.77606e-04
 5.16000e+00  9.88771e-01  1.73912e-04
 5.18000e+00  9.91355e-01  1.70336e-04
 5.20000e+00  9.94049e-01  1.66863e-04
 5.22000e+00  9.96793e-01  1.63483e-04
 5.24000e+00  9.99532e-01  1.60181e-04
 5.26000e+00  1.00221e+00  1.56948e-04
 5.28000e+00  1.00476e+00  1.53774e-04
 5.30000e+00  1.00715e+00  1.50650e-04
 5.32000e+00  1.00933e+00  1.47571e-04
 5.34000e+00  1.01125e+00  1.44530e-04
 5.36000e+00  1.01288e+00  1.41522e-04
 5.38000e+00  1.01419e+00  1.38546e-04
 5.40000e+00  1.01518e+00  1.35600e-04
 5.42000e+00  1.01581e+00  1.32682e-04
 5.44000e+00  1.01610e+00  1.29794e-04
 5.46000e+00  1.01605e+00  1.26937e-04
 5.48000e+00  1.01566e+00  1.24113e-04
 5.50000e+00  1.01497e+00  1.21325e-04
 5.52000e+00  1.01398e+00  1.18575e-04
 5.54000e+00  1.01274e+00  1.15868e-04
 5.56000e+00  1.01127e+00  1.13207e-04
 5.58000e+00  1.00962e+00  1.10595e-04
 5.60000e+00  1.00782e+00  1.08037e-04
 5.62000e+00  1.00592e+00  1.05534e-04
 5.64000e+00  1.00396e+00  1.03091e-04
 5.66000e+00  1.00198e+00  1.00710e-04
 5.68000e+00  1.00002e+00  9.83921e-05
 5.70000e+00  9.98133e-01  9.61403e-05
 5.72000e+00  9.96339e-01  9.39555e-05
 5.74000e+00  9.94678e-01  9.18381e-05
 5.76000e+00  9.93177e-01  8.97885e-05
 5.78000e+00  9.91862e-01  8.78064e-05
 5.80000e+00  9.90752e-01  8.58908e-05
 5.82000e+00  9.89863e-01  8.40406e-05
 5.84000e+00  9.89206e-01  8.22542e-05
 5.86000e+00  9.88786e-01  8.05295e-05
 5.88000e+00  9.88604e-01  7.88643e-05
 5.90000e+00  9.88656e-01  7.72559e-05
 5.92000e+00  9.88933e-01  7.57017e-05
 5.94000e+00  9.89423e-01  7.41986e-05
 5.96000e+00  9.90111e-01  7.27436e-05
 5.98000e+00  9.90976e-01  7.13335e-05
 6.00000e+00  9.91997e-01  6.99654e-05
 6.02000e+00  9.93148e-01  6.86360e-05
 6.04000e+00  9.94404e-01  6.73423e-05
 6.06000e+00  9.95735e-01  6.60815e-05
 6.08000e+00  9.97115e-01  6.48507e-05
 6.10000e+00  9.98514e-01  6.36473e-05
 6.12000e+00  9.99903e-01  6.24689e-05
 6.14000e+00  1.00126e+00  6.13133e-05
 6.16000e+00  1.00255e+00  6.01785e-05
 6.18000e+00  1.00375e+00  5.90627e-05
 6.20000e+00  1.00484e+00  5.79646e-05
 6.22000e+00  1.00581e+00  5.68827e-05
 6.24000e+00  1.00663e+00  5.58162e-05
 6.26000e+00  1.00730e+00  5.47643e-05
 6.28000e+00  1.00779e+00  5.37263e-05
 6.30000e+00  1.00812e+00  5.27021e-05
 6.32000e+00  1.00827e+00  5.16914e-05
 6.34000e+00  1.00825e+00  5.06943e-05
 6.36000e+00  1.00806e+00  4.97110e-05
 6.38000e+00  1.00771e+00  4.87419e-05
 6.40000e+00  1.00721e+00  4.77872e-05
 6.42000e+00  1.00658e+00  4.68477e-05
 6.44000e+00  1.00584e+00  4.59237e-05
 6.46000e+00  1.00499e+00  4.50158e-05
 6.48000e+00  1.00407e+00  4.41248e-05
 6.50000e+00  1.00309e+00  4.32510e-05
 6.52000e+00  1.00207e+00  4.23951e-05
 6.54000e+00  1.00104e+00  4.15576e-05
 6.56000e+00  1.00002e+00  4.07387e-05
 6.58000e+00  9.99034e-01  3.99388e-05
 6.60000e+00  9.98091e-01  3.91582e-05
 6.62000e+00  9.97215e-01  3.83969e-05
 6.64000e+00  9.96422e-01  3.76550e-05
 6.66000e+00  9.95725e-01  3.69323e-05
 6.68000e+00  9.95136e-01  3.62288e-05
 6.70000e+00  9.94663e-01  3.55440e-05
 6.72000e+00  9.94313e-01  3.48776e-05
 6.74000e+00  9.94089e-01  3.42292e-05
 6.76000e+00  9.93992e-01  3.35981e-05
 6.78000e+00  9.94020e-01  3.29839e-05
 6.80000e+00  9.94168e-01  3.23857e-05
 6.82000e+00  9.94431e-01  3.18030e-05
 6.84000e+00  9.94799e-01  3.12350e-05
 6.86000e+00  9.95261e-01  3.06809e-05
 6.88000e+00  9.95806e-01  3.01400e-05
 6.90000e+00  9.96420e-01  2.96115e-05
 6.92000e+00  9.97088e-01  2.90947e-05
 6.94000e+00  9.97796e-01  2.85888e-05
 6.96000e+00  9.98528e-01  2.80933e-05
 6.98000e+00  9.99269e-01  2.76073e-05
 7.00000e+00  1.00000e+00  2.71304e-05
 7.02000e+00  1.00072e+00  2.66620e-05
 7.04000e+00  1.00139e+00  2.62015e-05
 7.06000e+00  1.00203e+00  2.57486e-05
 7.08000e+00  1.00260e+00  2.53028e-05
 7.10000e+00  1.00310e+00  2.48638e-05
 7.12000e+00  1.00353e+00  2.44313e-05
 7.14000e+00  1.00387e+00  2.40051e-05
 7.16000e+00  1.00413e+00  2.35850e-05
 7.18000e+00  1.00429e+00  2.31710e-05
 7.20000e+00  1.00436e+00  2.27629e-05
 7.22000e+00  1.00435e+00  2.23607e-05
 7.24000e+00  1.00424e+00  2.19643e-05
 7.26000e+00  1.00406e+00  2.15739e-05
 7.28000e+00  1.00379e+00  2.11895e-05
 7.30000e+00  1.00346e+00  2.08110e-05
 7.32000e+00  1.00306e+00  2.04387e-05
 7.34000e+00  1.00262e+00  2.00726e-05
 7.36000e+00  1.00213e+00  1.97128e-05
 7.38000e+00  1.00161e+00  1.93594e-05
 7.40000e+00  1.00108e+00  1.90124e-05
 7.42000e+00  1.00054e+00  1.86719e-05
 7.44000e+00  9.99997e-01  1.83380e-05
 7.46000e+00  9.99473e-01  1.80108e-05
 7.48000e+00  9.98975e-01  1.76902e-05
 7.50000e+00  9.98512e-01  1.73762e-05
 7.52000e+00  9.98091e-01  1.70688e-05
 7.54000e+00  9.97721e-01  1.67680e-05
 7.56000e+00  9.97408e-01  1.64736e-05
 7.58000e+00  9.97157e-01  1.61857e-05
 7.60000e+00  9.96970e-01  1.59040e-05
 7.62000e+00  9.96850e-01  1.56285e-05
 7.64000e+00  9.96798e-01  1.53590e-05
 7.66000e+00  9.96812e-01  1.50953e-05
 7.68000e+00  9.96891e-01  1.48372e-05
 7.70000e+00  9.97031e-01  1.45846e-05
 7.72000e+00  9.97227e-01  1.43372e-05
 7.74000e+00  9.97474e-01  1.40949e-05
 7.76000e+00  9.97766e-01  1.38575e-05
 7.78000e+00  9.98095e-01  1.36246e-05
 7.80000e+00  9.98453e-01  1.33962e-05
 7.82000e+00  9.98833e-01  1.31721e-05
 7.84000e+00  9.99226e-01  1.29520e-05
 7.86000e+00  9.99623e-01  1.27358e-05
 7.88000e+00  1.00002e+00  1.25233e-05
 7.90000e+00  1.00040e+00  1.23143e-05
 7.92000e+00  1.00076e+00  1.21087e-05
 7.94000e+00  1.00110e+00  1.19064e-05
 7.96000e+00  1.00141e+00  1.17073e-05
 7.98000e+00  1.00168e+00  1.15112e-05
 8.00000e+00  1.00190e+00  1.13182e-05
 8.02000e+00  1.00209e+00  1.11280e-05
 8.04000e+00  1.00222e+00  1.09406e-05
 8.06000e+00  1.00231e+00  1.07561e-05
 8.08000e+00  1.00235e+00  1.05743e-05
 8.10000e+00  1.00233e+00  1.03953e-05
 8.12000e+00  1.00228e+00  1.02189e-05
 8.14000e+00  1.00217e+00  1.00453e-05
 8.16000e+00  1.00203e+00  9.87437e-06
 8.18000e+00  1.00185e+00  9.70616e-06
 8.20000e+00  1.00163e+00  9.54065e-06
 8.22000e+00  1.00139e+00  9.37785e-06
 8.24000e+00  1.00113e+00  9.21778e-06
 8.26000e+00  1.00085e+00  9.06043e-06
 8.28000e+00  1.00056e+00  8.90581e-06
 8.30000e+00  1.00027e+00  8.75392e-06
 8.32000e+00  9.99984e-01  8.60476e-06
 8.34000e+00  9.99703e-01  8.45833e-06
 8.36000e+00  9.99436e-01  8.31460e-06
 8.38000e+00  9.99188e-01  8.17358e-06
 8.40000e+00  9.98963e-01  8.03522e-06
 8.42000e+00  9.98765e-01  7.89952e-06
 8.44000e+00  9.98597e-01  7.76643e-06
 8.46000e+00  9.98463e-01  7.63593e-06
 8.48000e+00  9.98363e-01  7.50795e-06
 8.50000e+00  9.98299e-01  7.38247e-06
 8.52000e+00  9.98272e-01  7.25943e-06
 8.54000e+00  9.98280e-01  7.13877e-06
 8.56000e+00  9.98324e-01  7.02044e-06
 8.58000e+00  9.98400e-01  6.90438e-06
 8.60000e+00  9.98506e-01  6.79053e-06
 8.62000e+00  9.98640e-01  6.67882e-06
 8.64000e+00  9.98798e-01  6.56920e-06
 8.66000e+00  9.98976e-01  6.46159e-06
 8.68000e+00  9.99170e-01  6.35595e-06
 8.70000e+00  9.99376e-01  6.25221e-06
 8.72000e+00  9.99588e-01  6.15032e-06
 8.74000e+00  9.99803e-01  6.05022e-06
 8.76000e+00  1.00002e+00  5.95186e-06
 8.78000e+00  1.00022e+00  5.85520e-06
 8.80000e+00  1.00042e+00  5.76018e-06
 8.82000e+00  1.00060e+00  5.66677e-06
 8.84000e+00  1.00077e+00  5.57493e-06
 8.86000e+00  1.00092e+00  5.48463e-06
 8.88000e+00  1.00104e+00  5.39583e-06
 8.90000e+00  1.00114e+00  5.30853e-06
 8.92000e+00  1.00121e+00  5.22268e-06
 8.94000e+00  1.00126e+00  5.13827e-06
 8.96000e+00  1.00128e+00  5.05528e-06
 8.98000e+00  1.00127e+00  4.97371e-06
 9.00000e+00  1.00124e+00  4.89353e-06
 9.02000e+00  1.00118e+00  4.81474e-06
 9.04000e+00  1.00110e+00  4.73732e-06
 9.06000e+00  1.00100e+00  4.66128e-06
 9.08000e+00  1.00088e+00  4.58660e-06
 9.10000e+00  1.00075e+00  4.51327e-06
 9.12000e+00  1.00061e+00  4.44129e-06
 9.14000e+00  1.00046e+00  4.37065e-06
 9.16000e+00  1.00030e+00  4.30134e-06
 9.18000e+00  1.00014e+00  4.23336e-06
 9.20000e+00  9.99984e-01  4.16668e-06
 9.22000e+00  9.99831e-01  4.10131e-06
 9.24000e+00  9.99686e-01  4.03723e-06
 9.26000e+00  9.99551e-01  3.97442e-06
 9.28000e+00  9.99429e-01  3.91286e-06
 9.30000e+00  9.99322e-01  3.85256e-06
 9.32000e+00  9.99231e-01  3.79347e-06
 9.34000e+00  9.99158e-01  3.73559e-06
 9.36000e+00  9.99105e-01  3.67890e-06
 9.38000e+00  9.99071e-01  3.62336e-06
 9.40000e+00  9.99057e-01  3.56897e-06
 9.42000e+00  9.99062e-01  3.51570e-06
 9.44000e+00  9.99086e-01  3.46352e-06
 9.46000e+00  9.99128e-01  3.41241e-06
 9.48000e+00  9.99187e-01  3.36235e-06
 9.50000e+00  9.99261e-01  3.31331e-06
 9.52000e+00  9.99347e-01  3.26527e-06
 9.54000e+00  9.99445e-01  3.21821e-06
 9.56000e+00  9.99551e-01  3.17210e-06
 9.58000e+00  9.99663e-01  3.12693e-06
 9.60000e+00  9.99780e-01  3.08268e-06
 9.62000e+00  9.99897e-01  3.03931e-06
 9.64000e+00  1.00001e+00  2.99682e-06
 9.66000e+00  1.00013e+00  2.95519e-06
 9.68000e+00  1.00023e+00  2.91440e-06
 9.70000e+00  1.00033e+00  2.87444e-06
 9.72000e+00  1.00042e+00  2.83529e-06
 9.74000e+00  1.00050e+00  2.79693e-06
 9.76000e+00  1.00057e+00  2.75937e-06
 9.78000e+00  1.00062e+00  2.72258e-06
 9.80000e+00  1.00066e+00  2.68655e-06
 9.82000e+00  1.00069e+00  2.65128e-06
 9.84000e+00  1.00070e+00  2.61675e-06
 9.86000e+00  1.00070e+00  2.58296e-06
 9.88000e+00  1.00068e+00  2.54989e-06
 9.90000e+00  1.00065e+00  2.51755e-06
 9.92000e+00  1.00060e+00  2.48591e-06
 9.94000e+00  1.00055e+00  2.45498e-06
 9.96000e+00  1.00048e+00  2.42473e-06
 9.98000e+00  1.00041e+00  2.39518e-06
 1.00000e+01  1.00033e+00  2.36629e-06
 1.00200e+01  1.00025e+00  2.33807e-06
 1.00400e+01  1.00016e+00  2.31050e-06
 1.00600e+01  1.00007e+00  2.28358e-06
 1.00800e+01  9.99988e-01  2.25729e-06
 1.01000e+01  9.99904e-01  2.23162e-06
 1.01200e+01  9.99824e-01  2.20655e-06
 1.01400e+01  9.99750e-01  2.18208e-06
 1.01600e+01  9.99683e-01  2.15818e-06
 1.01800e+01  9.99624e-01  2.13486e-06
 1.02000e+01  9.99575e-01  2.11209e-06
 1.02200e+01  9.99535e-01  2.08985e-06
 1.02400e+01  9.99506e-01  2.06814e-06
 1.02600e+01  9.99488e-01  2.04694e-06
 1.02800e+01  9.99480e-01  2.02623e-06
 1.03000e+01  9.99484e-01  2.00601e-06
 1.03200e+01  9.99497e-01  1.98625e-06
 1.03400e+01  9.99521e-01  1.96695e-06
 1.03600e+01  9.99554e-01  1.94809e-06
 1.03800e+01  9.99594e-01  1.92965e-06
 1.04000e+01  9.99642e-01  1.91164e-06
 1.04200e+01  9.99696e-01  1.89403e-06
 1.04400e+01  9.99755e-01  1.87682e-06
 1.04600e+01  9.99817e-01  1.85999e-06
 1.04800e+01  9.99881e-01  1.84354e-06
 1.05000e+01  9.99946e-01  1.82747e-06
 1.05200e+01  1.00001e+00  1.81176e-06
 1.05400e+01  1.00007e+00  1.79640e-06
 1.05600e+01  1.00013e+00  1.78139e-06
 1.05800e+01  1.00019e+00  1.76673e-06
 1.06000e+01  1.00024e+00  1.75242e-06
 1.06200e+01  1.00028e+00  1.73843e-06
 1.06400e+01  1.00032e+00  1.72478e-06
 1.06600e+01  1.00035e+00  1.71146e-06
 1.06800e+01  1.00037e+00  1.69847e-06
 1.07000e+01  1.00038e+00  1.68580e-06
 1.07200e+01  1.00039e+00  1.67344e-06
 1.07400e+01  1.00038e+00  1.66140e-06
 1.07600e+01  1.00037e+00  1.64967e-06
 1.07800e+01  1.00036e+00  1.63824e-06
 1.08000e+01  1.00033e+00  1.62711e-06
 1.08200e+01  1.00030e+00  1.61628e-06
 1.08400e+01  1.00027e+00  1.60573e-06
 1.08600e+01  1.00023e+00  1.59546e-06
 1.08800e+01  1.00018e+00  1.58547e-06
 1.09000e+01  1.00014e+00  1.57574e-06
 1.09200e+01  1.00009e+00  1.56627e-06
 1.09400e+01  1.00004e+00  1.55704e-06
 1.09600e+01  9.99991e-01  1.54805e-06
 1.09800e+01  9.99945e-01  1.53928e-06
 1.10000e+01  9.99901e-01  1.53073e-06
 1.10200e+01  9.99860e-01  1.52238e-06
 1.10400e+01  9.99823e-01  1.51423e-06
 1.10600e+01  9.99791e-01  1.50625e-06
 1.10800e+01  9.99763e-01  1.49844e-06
 1.11000e+01  9.99742e-01  1.49079e-06
 1.11200e+01  9.99726e-01  1.48328e-06
 1.11400e+01  9.99716e-01  1.47591e-06
 1.11600e+01  9.99712e-01  1.46866e-06
 1.11800e+01  9.99714e-01  1.46153e-06
 1.12000e+01  9.99722e-01  1.45450e-06
 1.12200e+01  9.99735e-01  1.44758e-06
 1.12400e+01  9.99753e-01  1.44074e-06
 1.12600e+01  9.99776e-01  1.43399e-06
 1.12800e+01  9.99803e-01  1.42732e-06
 1.13000e+01  9.99833e-01  1.42073e-06
 1.13200e+01  9.99865e-01  1.41421e-06
 1.13400e+01  9.99900e-01  1.40776e-06
 1.13600e+01  9.99936e-01  1.40138e-06
 1.13800e+01  9.99972e-01  1.39508e-06
 1.14000e+01  1.00001e+00  1.38885e-06
 1.14200e+01  1.00004e+00  1.38270e-06
 1.14400e+01  1.00007e+00  1.37662e-06
 1.14600e+01  1.00011e+00  1.37063e-06
 1.14800e+01  1.00013e+00  1.36472e-06
 1.15000e+01  1.00016e+00  1.35890e-06
 1.15200e+01  1.00018e+00  1.35318e-06
 1.15400e+01  1.00019e+00  1.34756e-06
 1.15600e+01  1.00020e+00  1.34203e-06
 1.15800e+01  1.00021e+00  1.33662e-06
 1.16000e+01  1.00022e+00  1.33131e-06
 1.16200e+01  1.00021e+00  1.32612e-06
 1.16400e+01  1.00021e+00  1.32103e-06
 1.16600e+01  1.00020e+00  1.31606e-06
 1.16800e+01  1.00018e+00  1.31121e-06
 1.17000e+01  1.00017e+00  1.30646e-06
 1.17200e+01  1.00015e+00  1.30183e-06
 1.17400e+01  1.00012e+00  1.29730e-06
 1.17600e+01  1.00010e+00  1.29287e-06
 1.17800e+01  1.00007e+00  1.28853e-06
 1.18000e+01  1.00005e+00  1.28428e-06
 1.18200e+01  1.00002e+00  1.28011e-06
 1.18400e+01  9.99994e-01  1.27601e-06
 1.18600e+01  9.99968e-01  1.27196e-06
 1.18800e+01  9.99944e-01  1.26797e-06
 1.19000e+01  9.99921e-01  1.26401e-06
 1.19200e+01  9.99901e-01  1.26008e-06
 1.19400e+01  9.99883e-01  1.25617e-06
 1.19600e+01  9.99867e-01  1.25225e-06
 1.19800e+01  9.99855e-01  1.24834e-06
 1.20000e+01  9.99847e-01  1.24440e-06
 1.20200e+01  9.99841e-01  1.24043e-06
 1.20400e+01  9.99839e-01  1.23643e-06
 1.20600e+01  9.99840e-01  1.23238e-06
 1.20800e+01  9.99845e-01  1.22828e-06
 1.21000e+01  9.99852e-01  1.22413e-06
 1.21200e+01  9.99863e-01  1.21991e-06
 1.21400e+01  9.99876e-01  1.21563e-06
 1.21600e+01  9.99891e-01  1.21129e-06
 1.21800e+01  9.99907e-01  1.20688e-06
 1.22000e+01  9.99926e-01  1.20242e-06
 1.22200e+01  9.99945e-01  1.19789e-06
 1.22400e+01  9.99965e-01  1.19332e-06
 1.22600e+01  9.99985e-01  1.18871e-06
 1.22800e+01  1.00000e+00  1.18406e-06
 1.23000e+01  1.00002e+00  1.17939e-06
 1.23200e+01  1.00004e+00  1.17471e-06
 1.23400e+01  1.00006e+00  1.17002e-06
 1.23600e+01  1.00007e+00  1.16534e-06
 1.23800e+01  1.00009e+00  1.16069e-06
 1.24000e+01  1.00010e+00  1.15607e-06
 1.24200e+01  1.00011e+00  1.15150e-06
 1.24400e+01  1.00011e+00  1.14698e-06
 1.24600e+01  1.00012e+00  1.14253e-06
 1.24800e+01  1.00012e+00  1.13816e-06
 1.25000e+01  1.00012e+00  1.13387e-06
 1.25200e+01  1.00012e+00  1.12967e-06
 1.25400e+01  1.00011e+00  1.12557e-06
 1.25600e+01  1.00010e+00  1.12157e-06
 1.25800e+01  1.00009e+00  1.11767e-06
 1.26000e+01  1.00008e+00  1.11386e-06
 1.26200e+01  1.00007e+00  1.11015e-06
 1.26400e+01  1.00006e+00  1.10653e-06
 1.26600e+01  1.00004e+00  1.10300e-06
 1.26800e+01  1.00003e+00  1.09954e-06
 1.27000e+01  1.00001e+00  1.09614e-06
 1.27200e+01  9.99996e-01  1.09279e-06
 1.27400e+01  9.99982e-01  1.08948e-06
 1.27600e+01  9.99968e-01  1.08619e-06
 1.27800e+01  9.99955e-01  1.08292e-06
 1.28000e+01  9.99944e-01  1.07963e-06
 1.28200e+01  9.99934e-01  1.07632e-06
 1.28400e+01  9.99925e-01  1.07296e-06
 1.28600e+01  9.99919e-01  1.06956e-06
 1.28800e+01  9.99914e-01  1.06608e-06
 1.29000e+01  9.99911e-01  1.06252e-06
 1.29200e+01  9.99910e-01  1.05887e-06
 1.29400e+01  9.99911e-01  1.05510e-06
 1.29600e+01  9.99913e-01  1.05123e-06
 1.29800e+01  9.99918e-01  1.04724e-06
 1.30000e+01  9.99923e-01  1.04312e-06
 1.30200e+01  9.99931e-01  1.03888e-06
 1.30400e+01  9.99939e-01  1.03451e-06
 1.30600e+01  9.99949e-01  1.03002e-06
 1.30800e+01  9.99959e-01  1.02542e-06
 1.31000e+01  9.99970e-01  1.02071e-06
 1.31200e+01  9.99981e-01  1.01591e-06
 1.31400e+01  9.99992e-01  1.01103e-06
 1.31600e+01  1.00000e+00  1.00608e-06
 1.31800e+01  1.00001e+00  1.00109e-06
 1.32000e+01  1.00002e+00  9.96068e-07
 1.32200e+01  1.00003e+00  9.91036e-07
 1.32400e+01  1.00004e+00  9.86017e-07
 1.32600e+01  1.00005e+00  9.81030e-07
 1.32800e+01  1.00006e+00  9.76097e-07
 1.33000e+01  1.00006e+00  9.71239e-07
 1.33200e+01  1.00006e+00  9.66475e-07
 1.33400e+01  1.00007e+00  9.61824e-07
 1.33600e+01  1.00007e+00  9.57301e-07
 1.33800e+01  1.00007e+00  9.52921e-07
 1.34000e+01  1.00006e+00  9.48695e-07
 1.34200e+01  1.00006e+00  9.44632e-07
 1.34400e+01  1.00006e+00  9.40739e-07
 1.34600e+01  1.00005e+00  9.37016e-07
 1.34800e+01  1.00005e+00  9.33463e-07
 1.35000e+01  1.00004e+00  9.30076e-07
 1.35200e+01  1.00003e+00  9.26844e-07
 1.35400e+01  1.00002e+00  9.23759e-07
 1.35600e+01  1.00001e+00  9.20803e-07
 1.35800e+01  1.00001e+00  9.17960e-07
 1.36000e+01  9.99997e-01  9.15208e-07
 1.36200e+01  9.99989e-01  9.12526e-07
 1.36400e+01  9.99982e-01  9.09888e-07
 1.36600e+01  9.99975e-01  9.07268e-07
 1.36800e+01  9.99968e-01  9.04640e-07
 1.37000e+01  9.99963e-01  9.01977e-07
 1.37200e+01  9.99958e-01  8.99252e-07
 1.37400e+01  9.99954e-01  8.96441e-07
 1.37600e+01  9.99952e-01  8.93517e-07
 1.37800e+01  9.99950e-01  8.90461e-07
 1.38000e+01  9.99950e-01  8.87252e-07
 1.38200e+01  9.99950e-01  8.83874e-07
 1.38400e+01  9.99951e-01  8.80312e-07
 1.38600e+01  9.99954e-01  8.76559e-07
 1.38800e+01  9.99957e-01  8.72608e-07
 1.39000e+01  9.99961e-01  8.68457e-07
 1.39200e+01  9.99966e-01  8.64110e-07
 1.39400e+01  9.99971e-01  8.59572e-07
 1.39600e+01  9.99977e-01  8.54855e-07
 1.39800e+01  9.99983e-01  8.49974e-07
 1.40000e+01  9.99990e-01  8.44948e-07
 1.40200e+01  9.99996e-01  8.39798e-07
 1.40400e+01  1.00000e+00  8.34551e-07
 1.40600e+01  1.00001e+00  8.29234e-07
 1.40800e+01  1.00001e+00  8.23878e-07
 1.41000e+01  1.00002e+00  8.18516e-07
 1.41200e+01  1.00002e+00  8.13182e-07
 1.41400e+01  1.00003e+00  8.07909e-07
 1.41600e+01  1.00003e+00  8.02732e-07
 1.41800e+01  1.00003e+00  7.97685e-07
 1.42000e+01  1.00004e+00  7.92801e-07
 1.42200e+01  1.00004e+00  7.88109e-07
 1.42400e+01  1.00004e+00  7.83638e-07
 1.42600e+01  1.00004e+00  7.79412e-07
 1.42800e+01  1.00004e+00  7.75452e-07
 1.43000e+01  1.00003e+00  7.71774e-07
 1.43200e+01  1.00003e+00  7.68389e-07
 1.43400e+01  1.00003e+00  7.65302e-07
 1.43600e+01  1.00003e+00  7.62514e-07
 1.43800e+01  1.00002e+00  7.60019e-07
 1.44000e+01  1.00002e+00  7.57804e-07
 1.44200e+01  1.00001e+00  7.55851e-07
 1.44400e+01  1.00001e+00  7.54135e-07
 1.44600e+01  1.00000e+00  7.52628e-07
 1.44800e+01  9.99998e-01  7.51292e-07
 1.45000e+01  9.99994e-01  7.50090e-07
 1.45200e+01  9.99990e-01  7.48976e-07
 1.45400e+01  9.99986e-01  7.47905e-07
 1.45600e+01  9.99982e-01  7.46827e-07
 1.45800e+01  9.99979e-01  7.45693e-07
 1.46000e+01  9.99976e-01  7.44454e-07
 1.46200e+01  9.99974e-01  7.43060e-07
 1.46400e+01  9.99973e-01  7.41468e-07
 1.46600e+01  9.99972e-01  7.39634e-07
 1.46800e+01  9.99972e-01  7.37521e-07
 1.47000e+01  9.99972e-01  7.35099e-07
 1.47200e+01  9.99973e-01  7.32341e-07
 1.47400e+01  9.99974e-01  7.29232e-07
 1.47600e+01  9.99976e-01  7.25760e-07
 1.47800e+01  9.99979e-01  7.21925e-07
 1.48000e+01  9.99981e-01  7.17732e-07
 1.48200e+01  9.99984e-01  7.13197e-07
 1.48400e+01  9.99987e-01  7.08341e-07
 1.48600e+01  9.99991e-01  7.03195e-07
 1.48800e+01  9.99994e-01  6.97796e-07
 1.49000e+01  9.99998e-01  6.92185e-07
 1.49200e+01  1.00000e+00  6.86410e-07
 1.49400e+01  1.00000e+00  6.80523e-07
 1.49600e+01  1.00001e+00  6.74578e-07
 1.49800e+01  1.00001e+00  6.68634e-07
 1.50000e+01  1.00001e+00  6.62747e-07
 1.50200e+01  1.00002e+00  6.56976e-07
 1.50400e+01  1.00002e+00  6.51379e-07
 1.50600e+01  1.00002e+00  6.46012e-07
 1.50800e+01  1.00002e+00  6.40927e-07
 1.51000e+01  1.00002e+00  6.36174e-07
 1.51200e+01  1.00002e+00  6.31798e-07
 1.51400e+01  1.00002e+00  6.27839e-07
 1.51600e+01  1.00002e+00  6.24331e-07
 1.51800e+01  1.00002e+00  6.21301e-07
 1.52000e+01  1.00002e+00  6.18768e-07
 1.52200e+01  1.00002e+00  6.16745e-07
 1.52400e+01  1.00001e+00  6.15235e-07
 1.52600e+01  1.00001e+00  6.14231e-07
 1.52800e+01  1.00001e+00  6.13718e-07
 1.53000e+01  1.00001e+00  6.13671e-07
 1.53200e+01  1.00000e+00  6.14054e-07
 1.53400e+01  1.00000e+00  6.14823e-07
 1.53600e+01  9.99999e-01  6.15923e-07
 1.53800e+01  9.99996e-01  6.17290e-07
 1.54000e+01  9.99994e-01  6.18852e-07
 1.54200e+01  9.99992e-01  6.20529e-07
 1.54400e+01  9.99990e-01  6.22235e-07
 1.54600e+01  9.99988e-01  6.23879e-07
 1.54800e+01  9.99987e-01  6.25366e-07
 1.55000e+01  9.99986e-01  6.26602e-07
 1.55200e+01  9.99985e-01  6.27491e-07
 1.55400e+01  9.99985e-01  6.27943e-07
 1.55600e+01  9.99984e-01  6.27873e-07
 1.55800e+01  9.99985e-01  6.27204e-07
 1.56000e+01  9.99985e-01  6.25870e-07
 1.56200e+01  9.99986e-01  6.23822e-07
 1.56400e+01  9.99987e-01  6.21022e-07
 1.56600e+01  9.99988e-01  6.17453e-07
 1.56800e+01  9.99990e-01  6.13116e-07
 1.57000e+01  9.99991e-01  6.08033e-07
 1.57200e+01  9.99993e-01  6.02246e-07
 1.57400e+01  9.99995e-01  5.95816e-07
 1.57600e+01  9.99997e-01  5.88825e-07
 1.57800e+01  9.99999e-01  5.81370e-07
 1.58000e+01  1.00000e+00  5.73562e-07
 1.58200e+01  1.00000e+00  5.65524e-07
 1.58400e+01  1.00000e+00  5.57386e-07
 1.58600e+01  1.00001e+00  5.49283e-07
 1.58800e+01  1.00001e+00  5.41347e-07
 1.59000e+01  1.00001e+00  5.33709e-07
 1.59200e+01  1.00001e+00  5.26490e-07
 1.59400e+01  1.00001e+00  5.19803e-07
 1.59600e+01  1.00001e+00  5.13747e-07
 1.59800e+01  1.00001e+00  5.08408e-07
 1.60000e+01  1.00001e+00  5.03857e-07
 1.60200e+01  1.00001e+00  5.00149e-07
 1.60400e+01  1.00001e+00  4.97324e-07
 1.60600e+01  1.00001e+00  4.95408e-07
 1.60800e+01  1.00001e+00  4.94413e-07
 1.61000e+01  1.00001e+00  4.94335e-07
 1.61200e+01  1.00001e+00  4.95161e-07
 1.61400e+01  1.00001e+00  4.96862e-07
 1.61600e+01  1.00001e+00  4.99400e-07
 1.61800e+01  1.00000e+00  5.02722e-07
 1.62000e+01  1.00000e+00  5.06767e-07
 1.62200e+01  1.00000e+00  5.11462e-07
 1.62400e+01  9.99999e-01  5.16719e-07
 1.62600e+01  9.99998e-01  5.22442e-07
 1.62800e+01  9.99997e-01  5.28524e-07
 1.63000e+01  9.99996e-01  5.34844e-07
 1.63200e+01  9.99995e-01  5.41273e-07
 1.63400e+01  9.99994e-01  5.47670e-07
 1.63600e+01  9.99993e-01  5.53885e-07
 1.63800e+01  9.99992e-01  5.59762e-07
 1.64000e+01  9.99992e-01  5.65135e-07
 1.64200e+01  9.99992e-01  5.69838e-07
 1.64400e+01  9.99992e-01  5.73698e-07
 1.64600e+01  9.99992e-01  5.76550e-07
 1.64800e+01  9.99992e-01  5.78229e-07
 1.65000e+01  9.99992e-01  5.78583e-07
 1.65200e+01  9.99993e-01  5.77474e-07
 1.65400e+01  9.99994e-01  5.74787e-07
 1.65600e+01  9.99995e-01  5.70432e-07
 1.65800e+01  9.99995e-01  5.64353e-07
 1.66000e+01  9.99996e-01  5.56536e-07
 1.66200e+01  9.99997e-01  5.47010e-07
 1.66400e+01  9.99998e-01  5.35860e-07
 1.66600e+01  9.99999e-01  5.23225e-07
 1.66800e+01  1.00000e+00  5.09305e-07
 1.67000e+01  1.00000e+00  4.94358e-07
 1.67200e+01  1.00000e+00  4.78701e-07
 1.67400e+01  1.00000e+00  4.62700e-07
 1.67600e+01  1.00000e+00  4.46766e-07
 1.67800e+01  1.00000e+00  4.31333e-07
 1.68000e+01  1.00000e+00  4.16851e-07
 1.68200e+01  1.00001e+00  4.03758e-07
 1.68400e+01  1.00001e+00  3.92461e-07
 1.68600e+01  1.00001e+00  3.83317e-07
 1.68800e+01  1.00001e+00  3.76609e-07
 1.69000e+01  1.00001e+00  3.72533e-07
 1.69200e+01  1.00001e+00  3.71188e-07
 1.69400e+01  1.00001e+00  3.72571e-07
 1.69600e+01  1.00001e+00  3.76586e-07
 1.69800e+01  1.00000e+00  3.83051e-07
 1.70000e+01  1.00000e+00  3.91724e-07
 1.70200e+01  1.00000e+00  4.02317e-07
 1.70400e+01  1.00000e+00  4.14520e-07
 1.70600e+01  1.00000e+00  4.28022e-07
 1.70800e+01  1.00000e+00  4.42523e-07
 1.71000e+01  1.00000e+00  4.57746e-07
 1.71200e+01  1.00000e+00  4.73438e-07
 1.71400e+01  9.99999e-01  4.89370e-07
 1.71600e+01  9.99998e-01  5.05333e-07
 1.71800e+01  9.99998e-01  5.21135e-07
 1.72000e+01  9.99997e-01  5.36596e-07
 1.72200e+01  9.99997e-01  5.51537e-07
 1.72400e+01  9.99996e-01  5.65787e-07
 1.72600e+01  9.99996e-01  5.79168e-07
 1.72800e+01  9.99996e-01  5.91503e-07
 1.73000e+01  9.99996e-01  6.02608e-07
 1.73200e+01  9.99996e-01  6.12290e-07
 1.73400e+01  9.99996e-01  6.20351e-07
 1.73600e+01  9.99996e-01  6.26585e-07
 1.73800e+01  9.99996e-01  6.30779e-07
 1.74000e+01  9.99996e-01  6.32711e-07
 1.74200e+01  9.99997e-01  6.32158e-07
 1.74400e+01  9.99997e-01  6.28894e-07
 1.74600e+01  9.99998e-01  6.22700e-07
 1.74800e+01  9.99998e-01  6.13363e-07
 1.75000e+01  9.99999e-01  6.00691e-07
 1.75200e+01  9.99999e-01  5.84520e-07
 1.75400e+01  1.00000e+00  5.64732e-07
 1.75600e+01  1.00000e+00  5.41266e-07
 1.75800e+01  1.00000e+00  5.14141e-07
 1.76000e+01  1.00000e+00  4.83482e-07
 1.76200e+01  1.00000e+00  4.49545e-07
 1.76400e+01  1.00000e+00  4.12749e-07
 1.76600e+01  1.00000e+00  3.73704e-07
 1.76800e+01  1.00000e+00  3.33249e-07
 1.77000e+01  1.00000e+00  2.92472e-07
 1.77200e+01  1.00000e+00  2.52730e-07
 1.77400e+01  1.00000e+00  2.15654e-07
 1.77600e+01  1.00000e+00  1.83120e-07
 1.77800e+01  1.00000e+00  1.57195e-07
 1.78000e+01  1.00000e+00  1.40040e-07
 1.78200e+01  1.00000e+00  1.33757e-07
 1.78400e+01  1.00000e+00  1.40192e-07
 1.78600e+01  1.00000e+00  1.60695e-07
 1.78800e+01  1.00000e+00  1.95862e-07
 1.79000e+01  1.00000e+00  2.45303e-07
 1.79200e+01  1.00000e+00  3.07485e-07
 1.79400e+01  1.00000e+00  3.79719e-07
 1.79600e+01  1.00000e+00  4.58336e-07
 1.79800e+01  1.00000e+00  5.39069e-07
 1.80000e+01  1.00000e+00  6.17592e-07
 1.80200e+01  1.00000e+00  6.90123e-07
 1.80400e+01  1.00000e+00  7.53919e-07
 1.80600e+01  1.00000e+00  8.07526e-07
 1.80800e+01  9.99999e-01  8.50739e-07
 1.81000e+01  9.99999e-01  8.84284e-07
 1.81200e+01  9.99999e-01  9.09389e-07
 1.81400e+01  9.99998e-01  9.27389e-07
 1.81600e+01  9.99998e-01  9.39470e-07
 1.81800e+01  9.99998e-01  9.46572e-07
 1.82000e+01  9.99998e-01  9.49385e-07
 1.82200e+01  9.99998e-01  9.48408e-07
 1.82400e+01  9.99998e-01  9.43996e-07
 1.82600e+01  9.99998e-01  9.36404e-07
 1.82800e+01  9.99998e-01  9.25813e-07
 1.83000e+01  9.99998e-01  9.12344e-07
 1.83200e+01  9.99998e-01  8.96071e-07
 1.83400e+01  9.99998e-01  8.77031e-07
 1.83600e+01  9.99999e-01  8.55227e-07
 1.83800e+01  9.99999e-01  8.30632e-07
 1.84000e+01  9.99999e-01  8.03202e-07
 1.84200e+01  1.00000e+00  7.72873e-07
 1.84400e+01  1.00000e+00  7.39571e-07
 1.84600e+01  1.00000e+00  7.03219e-07
 1.84800e+01  1.00000e+00  6.63747e-07
 1.85000e+01  1.00000e+00  6.21102e-07
 1.85200e+01  1.00000e+00  5.75263e-07
 1.85400e+01  1.00000e+00  5.26261e-07
 1.85600e+01  1.00000e+00  4.74209e-07
 1.85800e+01  1.00000e+00  4.19330e-07
 1.86000e+01  1.00000e+00  3.62005e-07
 1.86200e+01  1.00000e+00  3.02834e-07
 1.86400e+01  1.00000e+00  2.42711e-07
 1.86600e+01  1.00000e+00  1.82918e-07
 1.86800e+01  1.00000e+00  1.25255e-07
 1.87000e+01  1.00000e+00  7.21838e-08
 1.87200e+01  1.00000e+00  2.70072e-08
 1.87400e+01  1.00000e+00 -5.93861e-09
 1.87600e+01  1.00000e+00 -2.10980e-08
 1.87800e+01  1.00000e+00 -1.15683e-08
 1.88000e+01  1.00000e+00  3.08731e-08
 1.88200e+01  1.00000e+00  1.15425e-07
 1.88400e+01  1.00000e+00  2.51340e-07
 1.88600e+01  1.00000e+00  4.46078e-07
 1.88800e+01  1.00000e+00  7.02120e-07
 1.89000e+01  1.00000e+00  1.01225e-06
 1.89200e+01  1.00000e+00  1.35369e-06
 1.89400e+01  1.00000e+00  1.68313e-06
 1.89600e+01  1.00000e+00  1.93675e-06
 1.89800e+01  1.00000e+00  2.04136e-06
 1.90000e+01  1.00000e+00  1.94021e-06
 1.90200e+01  1.00000e+00  1.62554e-06
 1.90400e+01  1.00000e+00  1.15449e-06
 1.90600e+01  9.99999e-01  6.26083e-07
 1.90800e+01  9.99999e-01  1.32130e-07
 1.91000e+01  9.99999e-01 -2.75809e-07
 1.91200e+01  9.99998e-01 -5.87982e-07
 1.91400e+01  9.99998e-01 -8.20642e-07
 1.91600e+01  9.99998e-01 -9.94456e-07
 1.91800e+01  9.99998e-01 -1.12301e-06
 1.92000e+01  9.99998e-01 -1.21424e-06
 1.92200e+01  9.99998e-01 -1.27344e-06
 1.92400e+01  9.99999e-01 -1.30473e-06
 1.92600e+01  9.99999e-01 -1.31156e-06
 1.92800e+01  9.99999e-01 -1.29704e-06
 1.93000e+01  9.99999e-01 -1.26401e-06
 1.93200e+01  9.99999e-01 -1.21516e-06
 1.93400e+01  1.00000e+00 -1.15306e-06
 1.93600e+01  1.00000e+00 -1.08016e-06
 1.93800e+01  1.00000e+00 -9.98779e-07
 1.94000e+01  1.00000e+00 -9.11131e-07
 1.94200e+01  1.00000e+00 -8.19287e-07
 1.94400e+01  1.00000e+00 -7.25184e-07
 1.94600e+01  1.00000e+00 -6.30597e-07
 1.94800e+01  1.00000e+00 -5.37145e-07
 1.95000e+01  1.00000e+00 -4.46268e-07
 1.95200e+01  1.00000e+00 -3.59232e-07
 1.95400e+01  1.00000e+00 -2.77112e-07
 1.95600e+01  1.00000e+00 -2.00805e-07
 1.95800e+01  1.00000e+00 -1.31013e-07
 1.96000e+01  1.00000e+00 -6.82597e-08
 1.96200e+01  1.00000e+00 -1.28823e-08
 1.96400e+01  1.00000e+00  3.49511e-08
 1.96600e+01  1.00000e+00  7.52414e-08
 1.96800e+01  1.00000e+00  1.08141e-07
 1.97000e+01  1.00000e+00  1.33947e-07
 1.97200e+01  1.00000e+00  1.53083e-07
 1.97400e+01  1.00000e+00  1.66085e-07
 1.97600e+01  1.00000e+00  1.73582e-07
 1.97800e+01  1.00000e+00  1.76286e-07
 1.98000e+01  9.99999e-01  1.74959e-07
 1.98200e+01  9.99999e-01  1.70407e-07
 1.98400e+01  9.99999e-01  1.63451e-07
 1.98600e+01  9.99999e-01  1.54912e-07
 1.98800e+01  9.99999e-01  1.45585e-07
 1.99000e+01  9.99999e-01  1.36222e-07
 1.99200e+01  9.99999e-01  1.27508e-07
 1.99400e+01  9.99999e-01  1.20041e-07
 1.99600e+01  9.99999e-01  1.14312e-07
 1.99800e+01  1.00000e+00  1.10683e-07
 2.00000e+01  1.00000e+00  1.09376e-07
