 r[σ]         g_ii        
 3.69299e-02  3.55271e-15
 7.38597e-02  1.77636e-15
 1.10790e-01  0.00000e+00
 1.47719e-01  3.55271e-15
 1.84649e-01  8.88178e-16
 2.21579e-01  2.66454e-15
 2.58509e-01  8.88178e-16
 2.95439e-01  1.77636e-15
 3.32369e-01  0.00000e+00
 3.69299e-01  2.66454e-15
 4.06228e-01  0.00000e+00
 4.43158e-01  0.00000e+00
 4.80088e-01  0.00000e+00
 5.17018e-01  0.00000e+00
 5.53948e-01  1.33227e-15
 5.90878e-01  0.00000e+00
 6.27808e-01  0.00000e+00
 6.64738e-01  6.66134e-16
 7.01667e-01  0.00000e+00
 7.38597e-01  2.22045e-16
 7.75527e-01  1.11022e-15
 8.12457e-01  3.55271e-15
 8.49387e-01  3.71053e-08
 8.86317e-01  2.56893e-04
 9.23247e-01  2.81257e-02
 9.60176e-01  3.27536e-01
 9.97106e-01  1.12186e+00
 1.03404e+00  1.96416e+00
 1.07097e+00  2.38489e+00
 1.10790e+00  2.38200e+00
 1.14483e+00  2.15542e+00
 1.18176e+00  1.86695e+00
 1.21869e+00  1.59727e+00
 1.25562e+00  1.37387e+00
 1.29255e+00  1.19946e+00
 1.32948e+00  1.06781e+00
 1.36640e+00  9.70853e-01
 1.40333e+00  9.01192e-01
 1.44026e+00  8.52818e-01
 1.47719e+00  8.21072e-01
 1.51412e+00  8.02410e-01
 1.55105e+00  7.94159e-01
 1.58798e+00  7.94295e-01
 1.62491e+00  8.01279e-01
 1.66184e+00  8.13936e-01
 1.69877e+00  8.31359e-01
 1.73570e+00  8.52847e-01
 1.77263e+00  8.77852e-01
 1.80956e+00  9.05950e-01
 1.84649e+00  9.36807e-01
 1.88342e+00  9.70149e-01
 1.92035e+00  1.00562e+00
 1.95728e+00  1.04228e+00
 1.99421e+00  1.07782e+00
 2.03114e+00  1.10835e+00
 2.06807e+00  1.12965e+00
 2.10500e+00  1.13891e+00
 2.14193e+00  1.13581e+00
 2.17886e+00  1.12227e+00
 2.21579e+00  1.10148e+00
 2.25272e+00  1.07685e+00
 2.28965e+00  1.05137e+00
 2.32658e+00  1.02727e+00
 2.36351e+00  1.00599e+00
 2.40044e+00  9.88343e-01
 2.43737e+00  9.74635e-01
 2.47430e+00  9.64833e-01
 2.51123e+00  9.58690e-01
 2.54816e+00  9.55829e-01
 2.58509e+00  9.55811e-01
 2.62202e+00  9.58173e-01
 2.65895e+00  9.62454e-01
 2.69588e+00  9.68208e-01
 2.73281e+00  9.75016e-01
 2.76974e+00  9.82483e-01
 2.80667e+00  9.90241e-01
 2.84360e+00  9.97951e-01
 2.88053e+00  1.00529e+00
 2.91746e+00  1.01198e+00
 2.95439e+00  1.01772e+00
 2.99132e+00  1.02229e+00
 3.02825e+00  1.02547e+00
 3.06518e+00  1.02713e+00
 3.10211e+00  1.02724e+00
 3.13904e+00  1.02587e+00
 3.17597e+00  1.02322e+00
 3.21290e+00  1.01957e+00
 3.24983e+00  1.01527e+00
 3.28676e+00  1.01066e+00
 3.32369e+00  1.00610e+00
 3.36062e+00  1.00187e+00
 3.39755e+00  9.98192e-01
 3.43448e+00  9.95214e-01
 3.47141e+00  9.93021e-01
 3.50834e+00  9.91629e-01
 3.54527e+00  9.91008e-01
 3.58220e+00  9.91087e-01
 3.61913e+00  9.91768e-01
 3.65606e+00  9.92935e-01
 3.69299e+00  9.94466e-01
 3.72992e+00  9.96235e-01
 3.76685e+00  9.98121e-01
 3.80378e+00  1.00001e+00
 3.84071e+00  1.00182e+00
 3.87764e+00  1.00344e+00
 3.91457e+00  1.00482e+00
 3.95150e+00  1.00590e+00
 3.98843e+00  1.00665e+00
 4.02535e+00  1.00707e+00
 4.06228e+00  1.00714e+00
 4.09921e+00  1.00690e+00
 4.13614e+00  1.00638e+00
 4.17307e+00  1.00564e+00
 4.21000e+00  1.00474e+00
 4.24693e+00  1.00373e+00
 4.28386e+00  1.00269e+00
 4.32079e+00  1.00168e+00
 4.35772e+00  1.00076e+00
 4.39465e+00  9.99961e-01
 4.43158e+00  9.99324e-01
 4.46851e+00  9.98864e-01
 4.50544e+00  9.98588e-01
 4.54237e+00  9.98489e-01
 4.57930e+00  9.98553e-01
 4.61623e+00  9.98756e-01
 4.65316e+00  9.99071e-01
 4.69009e+00  9.99467e-01
 4.72702e+00  9.99911e-01
 4.76395e+00  1.00037e+00
 4.80088e+00  1.00082e+00
 4.83781e+00  1.00124e+00
 4.87474e+00  1.00160e+00
 4.91167e+00  1.00189e+00
 4.94860e+00  1.00210e+00
 4.98553e+00  1.00222e+00
 5.02246e+00  1.00226e+00
 5.05939e+00  1.00222e+00
 5.09632e+00  1.00210e+00
 5.13325e+00  1.00193e+00
 5.17018e+00  1.00171e+00
 5.20711e+00  1.00147e+00
 5.24404e+00  1.00121e+00
 5.28097e+00  1.00095e+00
 5.31790e+00  1.00070e+00
 5.35483e+00  1.00048e+00
 5.39176e+00  1.00030e+00
 5.42869e+00  1.00015e+00
 5.46562e+00  1.00006e+00
 5.50255e+00  1.00000e+00
 5.53948e+00  9.99991e-01
 5.57641e+00  1.00002e+00
 5.61334e+00  1.00008e+00
 5.65027e+00  1.00016e+00
 5.68720e+00  1.00026e+00
 5.72413e+00  1.00037e+00
 5.76106e+00  1.00048e+00
 5.79799e+00  1.00058e+00
 5.83492e+00  1.00068e+00
 5.87185e+00  1.00075e+00
 5.90878e+00  1.00081e+00
 5.94571e+00  1.00085e+00
 5.98264e+00  1.00086e+00
 6.01957e+00  1.00085e+00
 6.05650e+00  1.00083e+00
 6.09343e+00  1.00078e+00
 6.13036e+00  1.00073e+00
 6.16729e+00  1.00066e+00
 6.20422e+00  1.00059e+00
 6.24115e+00  1.00052e+00
 6.27808e+00  1.00045e+00
 6.31501e+00  1.00038e+00
 6.35194e+00  1.00033e+00
 6.38887e+00  1.00028e+00
 6.42580e+00  1.00025e+00
 6.46273e+00  1.00022e+00
 6.49966e+00  1.00021e+00
 6.53659e+00  1.00021e+00
 6.57352e+00  1.00022e+00
 6.61045e+00  1.00023e+00
 6.64738e+00  1.00025e+00
 6.68430e+00  1.00028e+00
 6.72123e+00  1.00030e+00
 6.75816e+00  1.00033e+00
 6.79509e+00  1.00035e+00
 6.83202e+00  1.00037e+00
 6.86895e+00  1.00038e+00
 6.90588e+00  1.00039e+00
 6.94281e+00  1.00039e+00
 6.97974e+00  1.00039e+00
 7.01667e+00  1.00038e+00
 7.05360e+00  1.00037e+00
 7.09053e+00  1.00035e+00
 7.12746e+00  1.00033e+00
 7.16439e+00  1.00031e+00
 7.20132e+00  1.00029e+00
 7.23825e+00  1.00027e+00
 7.27518e+00  1.00025e+00
 7.31211e+00  1.00023e+00
 7.34904e+00  1.00022e+00
 7.38597e+00  1.00020e+00
 7.42290e+00  1.00019e+00
 7.45983e+00  1.00019e+00
 7.49676e+00  1.00018e+00
 7.53369e+00  1.00018e+00
 7.57062e+00  1.00018e+00
 7.60755e+00  1.00018e+00
 7.64448e+00  1.00019e+00
 7.68141e+00  1.00019e+00
 7.71834e+00  1.00020e+00
 7.75527e+00  1.00020e+00
 7.79220e+00  1.00020e+00
 7.82913e+00  1.00021e+00
 7.86606e+00  1.00021e+00
 7.90299e+00  1.00021e+00
 7.93992e+00  1.00021e+00
 7.97685e+00  1.00020e+00
 8.01378e+00  1.00020e+00
 8.05071e+00  1.00019e+00
 8.08764e+00  1.00019e+00
 8.12457e+00  1.00018e+00
 8.16150e+00  1.00017e+00
 8.19843e+00  1.00016e+00
 8.23536e+00  1.00016e+00
 8.27229e+00  1.00015e+00
 8.30922e+00  1.00014e+00
 8.34615e+00  1.00014e+00
 8.38308e+00  1.00013e+00
 8.42001e+00  1.00013e+00
 8.45694e+00  1.00013e+00
 8.49387e+00  1.00012e+00
 8.53080e+00  1.00012e+00
 8.56773e+00  1.00012e+00
 8.60466e+00  1.00012e+00
 8.64159e+00  1.00012e+00
 8.67852e+00  1.00012e+00
 8.71545e+00  1.00012e+00
 8.75238e+00  1.00012e+00
 8.78931e+00  1.00012e+00
 8.82624e+00  1.00012e+00
 8.86317e+00  1.00012e+00
 8.90010e+00  1.00012e+00
 8.93703e+00  1.00012e+00
 8.97396e+00  1.00011e+00
 9.01089e+00  1.00011e+00
 9.04782e+00  1.00011e+00
 9.08475e+00  1.00011e+00
 9.12168e+00  1.00010e+00
 9.15861e+00  1.00010e+00
 9.19554e+00  1.00010e+00
 9.23247e+00  1.00009e+00
 9.26940e+00  1.00009e+00
 9.30633e+00  1.00009e+00
 9.34326e+00  1.00009e+00
 9.38018e+00  1.00009e+00
 9.41711e+00  1.00008e+00
 9.45404e+00  1.00008e+00
 9.49097e+00  1.00008e+00
 9.52790e+00  1.00008e+00
 9.56483e+00  1.00008e+00
 9.60176e+00  1.00008e+00
 9.63869e+00  1.00008e+00
 9.67562e+00  1.00008e+00
 9.71255e+00  1.00008e+00
 9.74948e+00  1.00007e+00
 9.78641e+00  1.00007e+00
 9.82334e+00  1.00007e+00
 9.86027e+00  1.00007e+00
 9.89720e+00  1.00007e+00
 9.93413e+00  1.00007e+00
 9.97106e+00  1.00007e+00
 1.00080e+01  1.00007e+00
 1.00449e+01  1.00007e+00
 1.00819e+01  1.00006e+00
 1.01188e+01  1.00006e+00
 1.01557e+01  1.00006e+00
 1.01926e+01  1.00006e+00
 1.02296e+01  1.00006e+00
 1.02665e+01  1.00006e+00
 1.03034e+01  1.00006e+00
 1.03404e+01  1.00006e+00
 1.03773e+01  1.00005e+00
 1.04142e+01  1.00005e+00
 1.04512e+01  1.00005e+00
 1.04881e+01  1.00005e+00
 1.05250e+01  1.00005e+00
 1.05619e+01  1.00005e+00
 1.05989e+01  1.00005e+00
 1.06358e+01  1.00005e+00
 1.06727e+01  1.00005e+00
 1.07097e+01  1.00005e+00
 1.07466e+01  1.00005e+00
 1.07835e+01  1.00005e+00
 1.08204e+01  1.00005e+00
 1.08574e+01  1.00004e+00
 1.08943e+01  1.00004e+00
 1.09312e+01  1.00004e+00
 1.09682e+01  1.00004e+00
 1.10051e+01  1.00004e+00
 1.10420e+01  1.00004e+00
 1.10790e+01  1.00004e+00
 1.11159e+01  1.00004e+00
 1.11528e+01  1.00004e+00
 1.11897e+01  1.00004e+00
 1.12267e+01  1.00004e+00
 1.12636e+01  1.00004e+00
 1.13005e+01  1.00004e+00
 1.13375e+01  1.00004e+00
 1.13744e+01  1.00003e+00
 1.14113e+01  1.00003e+00
 1.14483e+01  1.00003e+00
 1.14852e+01  1.00003e+00
 1.15221e+01  1.00003e+00
 1.15590e+01  1.00003e+00
 1.15960e+01  1.00003e+00
 1.16329e+01  1.00003e+00
 1.16698e+01  1.00003e+00
 1.17068e+01  1.00003e+00
 1.17437e+01  1.00003e+00
 1.17806e+01  1.00003e+00
 1.18176e+01  1.00003e+00
 1.18545e+01  1.00003e+00
 1.18914e+01  1.00003e+00
 1.19283e+01  1.00003e+00
 1.19653e+01  1.00003e+00
 1.20022e+01  1.00003e+00
 1.20391e+01  1.00003e+00
 1.20761e+01  1.00003e+00
 1.21130e+01  1.00002e+00
 1.21499e+01  1.00002e+00
 1.21869e+01  1.00002e+00
 1.22238e+01  1.00002e+00
 1.22607e+01  1.00002e+00
 1.22976e+01  1.00002e+00
 1.23346e+01  1.00002e+00
 1.23715e+01  1.00002e+00
 1.24084e+01  1.00002e+00
 1.24454e+01  1.00002e+00
 1.24823e+01  1.00002e+00
 1.25192e+01  1.00002e+00
 1.25562e+01  1.00002e+00
 1.25931e+01  1.00002e+00
 1.26300e+01  1.00002e+00
 1.26669e+01  1.00002e+00
 1.27039e+01  1.00002e+00
 1.27408e+01  1.00002e+00
 1.27777e+01  1.00002e+00
 1.28147e+01  1.00002e+00
 1.28516e+01  1.00002e+00
 1.28885e+01  1.00002e+00
 1.29255e+01  1.00002e+00
 1.29624e+01  1.00002e+00
 1.29993e+01  1.00002e+00
 1.30362e+01  1.00002e+00
 1.30732e+01  1.00002e+00
 1.31101e+01  1.00002e+00
 1.31470e+01  1.00002e+00
 1.31840e+01  1.00002e+00
 1.32209e+01  1.00002e+00
 1.32578e+01  1.00001e+00
 1.32948e+01  1.00001e+00
 1.33317e+01  1.00001e+00
 1.33686e+01  1.00001e+00
 1.34055e+01  1.00001e+00
 1.34425e+01  1.00001e+00
 1.34794e+01  1.00001e+00
 1.35163e+01  1.00001e+00
 1.35533e+01  1.00001e+00
 1.35902e+01  1.00001e+00
 1.36271e+01  1.00001e+00
 1.36640e+01  1.00001e+00
 1.37010e+01  1.00001e+00
 1.37379e+01  1.00001e+00
 1.37748e+01  1.00001e+00
 1.38118e+01  1.00001e+00
 1.38487e+01  1.00001e+00
 1.38856e+01  1.00001e+00
 1.39226e+01  1.00001e+00
 1.39595e+01  1.00001e+00
 1.39964e+01  1.00001e+00
 1.40333e+01  1.00001e+00
 1.40703e+01  1.00001e+00
 1.41072e+01  1.00001e+00
 1.41441e+01  1.00001e+00
 1.41811e+01  1.00001e+00
 1.42180e+01  1.00001e+00
 1.42549e+01  1.00001e+00
 1.42919e+01  1.00001e+00
 1.43288e+01  1.00001e+00
 1.43657e+01  1.00001e+00
 1.44026e+01  1.00001e+00
 1.44396e+01  1.00001e+00
 1.44765e+01  1.00001e+00
 1.45134e+01  1.00001e+00
 1.45504e+01  1.00001e+00
 1.45873e+01  1.00001e+00
 1.46242e+01  1.00001e+00
 1.46612e+01  1.00001e+00
 1.46981e+01  1.00001e+00
 1.47350e+01  1.00001e+00
 1.47719e+01  1.00001e+00
 1.48089e+01  1.00001e+00
 1.48458e+01  1.00001e+00
 1.48827e+01  1.00001e+00
 1.49197e+01  1.00001e+00
 1.49566e+01  1.00001e+00
 1.49935e+01  1.00001e+00
 1.50305e+01  1.00001e+00
 1.50674e+01  1.00001e+00
 1.51043e+01  1.00001e+00
 1.51412e+01  1.00001e+00
 1.51782e+01  1.00001e+00
 1.52151e+01  1.00001e+00
 1.52520e+01  1.00001e+00
 1.52890e+01  1.00001e+00
 1.53259e+01  1.00001e+00
 1.53628e+01  1.00001e+00
 1.53998e+01  1.00001e+00
 1.54367e+01  1.00001e+00
 1.54736e+01  1.00001e+00
 1.55105e+01  1.00001e+00
 1.55475e+01  1.00001e+00
 1.55844e+01  1.00001e+00
 1.56213e+01  1.00001e+00
 1.56583e+01  1.00001e+00
 1.56952e+01  1.00001e+00
 1.57321e+01  1.00001e+00
 1.57691e+01  1.00001e+00
 1.58060e+01  1.00001e+00
 1.58429e+01  1.00001e+00
 1.58798e+01  1.00000e+00
 1.59168e+01  1.00000e+00
 1.59537e+01  1.00000e+00
 1.59906e+01  1.00000e+00
 1.60276e+01  1.00000e+00
 1.60645e+01  1.00000e+00
 1.61014e+01  1.00000e+00
 1.61383e+01  1.00000e+00
 1.61753e+01  1.00000e+00
 1.62122e+01  1.00000e+00
 1.62491e+01  1.00000e+00
 1.62861e+01  1.00000e+00
 1.63230e+01  1.00000e+00
 1.63599e+01  1.00000e+00
 1.63969e+01  1.00000e+00
 1.64338e+01  1.00000e+00
 1.64707e+01  1.00000e+00
 1.65076e+01  1.00000e+00
 1.65446e+01  1.00000e+00
 1.65815e+01  1.00000e+00
 1.66184e+01  1.00000e+00
 1.66554e+01  1.00000e+00
 1.66923e+01  1.00000e+00
 1.67292e+01  1.00000e+00
 1.67662e+01  1.00000e+00
 1.68031e+01  1.00000e+00
 1.68400e+01  1.00000e+00
 1.68769e+01  1.00000e+00
 1.69139e+01  1.00000e+00
 1.69508e+01  1.00000e+00
 1.69877e+01  1.00000e+00
 1.70247e+01  1.00000e+00
 1.70616e+01  1.00000e+00
 1.70985e+01  1.00000e+00
 1.71355e+01  1.00000e+00
 1.71724e+01  1.00000e+00
 1.72093e+01  1.00000e+00
 1.72462e+01  1.00000e+00
 1.72832e+01  1.00000e+00
 1.73201e+01  1.00000e+00
 1.73570e+01  1.00000e+00
 1.73940e+01  1.00000e+00
 1.74309e+01  1.00000e+00
 1.74678e+01  1.00000e+00
 1.75048e+01  1.00000e+00
 1.75417e+01  1.00000e+00
 1.75786e+01  1.00000e+00
 1.76155e+01  1.00000e+00
 1.76525e+01  1.00000e+00
 1.76894e+01  1.00000e+00
 1.77263e+01  1.00000e+00
 1.77633e+01  1.00000e+00
 1.78002e+01  1.00000e+00
 1.78371e+01  1.00000e+00
 1.78741e+01  1.00000e+00
 1.79110e+01  1.00000e+00
 1.79479e+01  1.00000e+00
 1.79848e+01  1.00000e+00
 1.80218e+01  1.00000e+00
 1.80587e+01  1.00000e+00
 1.80956e+01  1.00000e+00
 1.81326e+01  1.00000e+00
 1.81695e+01  1.00000e+00
 1.82064e+01  1.00000e+00
 1.82434e+01  1.00000e+00
 1.82803e+01  1.00000e+00
 1.83172e+01  1.00000e+00
 1.83541e+01  1.00000e+00
 1.83911e+01  1.00000e+00
 1.84280e+01  1.00000e+00
 1.84649e+01  1.00000e+00
 1.85019e+01  1.00000e+00
 1.85388e+01  1.00000e+00
 1.85757e+01  1.00000e+00
 1.86127e+01  1.00000e+00
 1.86496e+01  1.00000e+00
 1.86865e+01  1.00000e+00
 1.87234e+01  1.00000e+00
 1.87604e+01  1.00000e+00
 1.87973e+01  1.00000e+00
 1.88342e+01  1.00000e+00
 1.88712e+01  1.00000e+00
 1.89081e+01  1.00000e+00
 1.89450e+01  1.00000e+00
 1.89819e+01  1.00000e+00
 1.90189e+01  1.00000e+00
 1.90558e+01  1.00000e+00
 1.90927e+01  1.00000e+00
 1.91297e+01  1.00000e+00
 1.91666e+01  1.00000e+00
 1.92035e+01  1.00000e+00
 1.92405e+01  1.00000e+00
 1.92774e+01  1.00000e+00
 1.93143e+01  1.00000e+00
 1.93512e+01  1.00000e+00
 1.93882e+01  1.00000e+00
 1.94251e+01  1.00000e+00
 1.94620e+01  1.00000e+00
 1.94990e+01  1.00000e+00
 1.95359e+01  1.00000e+00
 1.95728e+01  1.00000e+00
 1.96098e+01  1.00000e+00
 1.96467e+01  1.00000e+00
 1.96836e+01  1.00000e+00
 1.97205e+01  1.00000e+00
 1.97575e+01  1.00000e+00
 1.97944e+01  1.00000e+00
 1.98313e+01  1.00000e+00
 1.98683e+01  1.00000e+00
 1.99052e+01  1.00000e+00
 1.99421e+01  1.00000e+00
 1.99791e+01  1.00000e+00
 2.00160e+01  1.00000e+00
 2.00529e+01  1.00000e+00
 2.00898e+01  1.00000e+00
 2.01268e+01  1.00000e+00
 2.01637e+01  1.00000e+00
 2.02006e+01  1.00000e+00
 2.02376e+01  1.00000e+00
 2.02745e+01  1.00000e+00
 2.03114e+01  1.00000e+00
 2.03484e+01  1.00000e+00
 2.03853e+01  1.00000e+00
 2.04222e+01  1.00000e+00
 2.04591e+01  1.00000e+00
 2.04961e+01  1.00000e+00
 2.05330e+01  1.00000e+00
 2.05699e+01  1.00000e+00
 2.06069e+01  1.00000e+00
 2.06438e+01  1.00000e+00
 2.06807e+01  1.00000e+00
 2.07177e+01  1.00000e+00
 2.07546e+01  1.00000e+00
 2.07915e+01  1.00000e+00
 2.08284e+01  1.00000e+00
 2.08654e+01  1.00000e+00
 2.09023e+01  1.00000e+00
 2.09392e+01  1.00000e+00
 2.09762e+01  1.00000e+00
 2.10131e+01  1.00000e+00
 2.10500e+01  1.00000e+00
 2.10870e+01  1.00000e+00
 2.11239e+01  1.00000e+00
 2.11608e+01  1.00000e+00
 2.11977e+01  1.00000e+00
 2.12347e+01  1.00000e+00
 2.12716e+01  1.00000e+00
 2.13085e+01  1.00000e+00
 2.13455e+01  1.00000e+00
 2.13824e+01  1.00000e+00
 2.14193e+01  1.00000e+00
 2.14562e+01  1.00000e+00
 2.14932e+01  1.00000e+00
 2.15301e+01  1.00000e+00
 2.15670e+01  1.00000e+00
 2.16040e+01  1.00000e+00
 2.16409e+01  1.00000e+00
 2.16778e+01  1.00000e+00
 2.17148e+01  1.00000e+00
 2.17517e+01  1.00000e+00
 2.17886e+01  1.00000e+00
 2.18255e+01  1.00000e+00
 2.18625e+01  1.00000e+00
 2.18994e+01  1.00000e+00
 2.19363e+01  1.00000e+00
 2.19733e+01  1.00000e+00
 2.20102e+01  1.00000e+00
 2.20471e+01  1.00000e+00
 2.20841e+01  1.00000e+00
 2.21210e+01  1.00000e+00
 2.21579e+01  1.00000e+00
 2.21948e+01  1.00000e+00
 2.22318e+01  1.00000e+00
 2.22687e+01  1.00000e+00
 2.23056e+01  1.00000e+00
 2.23426e+01  1.00000e+00
 2.23795e+01  1.00000e+00
 2.24164e+01  1.00000e+00
 2.24534e+01  1.00000e+00
 2.24903e+01  1.00000e+00
 2.25272e+01  1.00000e+00
 2.25641e+01  1.00000e+00
 2.26011e+01  1.00000e+00
 2.26380e+01  1.00000e+00
 2.26749e+01  1.00000e+00
 2.27119e+01  1.00000e+00
 2.27488e+01  1.00000e+00
 2.27857e+01  1.00000e+00
 2.28227e+01  1.00000e+00
 2.28596e+01  1.00000e+00
 2.28965e+01  1.00000e+00
 2.29334e+01  1.00000e+00
 2.29704e+01  1.00000e+00
 2.30073e+01  1.00000e+00
 2.30442e+01  1.00000e+00
 2.30812e+01  1.00000e+00
 2.31181e+01  1.00000e+00
 2.31550e+01  1.00000e+00
 2.31920e+01  1.00000e+00
 2.32289e+01  1.00000e+00
 2.32658e+01  1.00000e+00
 2.33027e+01  1.00000e+00
 2.33397e+01  1.00000e+00
 2.33766e+01  1.00000e+00
 2.34135e+01  1.00000e+00
 2.34505e+01  1.00000e+00
 2.34874e+01  1.00000e+00
 2.35243e+01  1.00000e+00
 2.35613e+01  1.00000e+00
 2.35982e+01  1.00000e+00
 2.36351e+01  1.00000e+00
 2.36720e+01  1.00000e+00
 2.37090e+01  1.00000e+00
 2.37459e+01  1.00000e+00
 2.37828e+01  1.00000e+00
 2.38198e+01  1.00000e+00
 2.38567e+01  1.00000e+00
 2.38936e+01  1.00000e+00
 2.39306e+01  1.00000e+00
 2.39675e+01  1.00000e+00
 2.40044e+01  1.00000e+00
 2.40413e+01  1.00000e+00
 2.40783e+01  1.00000e+00
 2.41152e+01  1.00000e+00
 2.41521e+01  1.00000e+00
 2.41891e+01  1.00000e+00
 2.42260e+01  1.00000e+00
 2.42629e+01  1.00000e+00
 2.42998e+01  1.00000e+00
 2.43368e+01  1.00000e+00
 2.43737e+01  1.00000e+00
 2.44106e+01  1.00000e+00
 2.44476e+01  1.00000e+00
 2.44845e+01  1.00000e+00
 2.45214e+01  1.00000e+00
 2.45584e+01  1.00000e+00
 2.45953e+01  1.00000e+00
 2.46322e+01  1.00000e+00
 2.46691e+01  1.00000e+00
 2.47061e+01  1.00000e+00
 2.47430e+01  1.00000e+00
 2.47799e+01  1.00000e+00
 2.48169e+01  1.00000e+00
 2.48538e+01  1.00000e+00
 2.48907e+01  1.00000e+00
 2.49277e+01  1.00000e+00
 2.49646e+01  1.00000e+00
 2.50015e+01  1.00000e+00
 2.50384e+01  1.00000e+00
 2.50754e+01  1.00000e+00
 2.51123e+01  1.00000e+00
 2.51492e+01  1.00000e+00
 2.51862e+01  1.00000e+00
 2.52231e+01  1.00000e+00
 2.52600e+01  1.00000e+00
 2.52970e+01  1.00000e+00
 2.53339e+01  1.00000e+00
 2.53708e+01  1.00000e+00
 2.54077e+01  1.00000e+00
 2.54447e+01  1.00000e+00
 2.54816e+01  1.00000e+00
 2.55185e+01  1.00000e+00
 2.55555e+01  1.00000e+00
 2.55924e+01  1.00000e+00
 2.56293e+01  1.00000e+00
 2.56663e+01  1.00000e+00
 2.57032e+01  1.00000e+00
 2.57401e+01  1.00000e+00
 2.57770e+01  1.00000e+00
 2.58140e+01  1.00000e+00
 2.58509e+01  1.00000e+00
 2.58878e+01  1.00000e+00
 2.59248e+01  1.00000e+00
 2.59617e+01  1.00000e+00
 2.59986e+01  1.00000e+00
 2.60356e+01  1.00000e+00
 2.60725e+01  1.00000e+00
 2.61094e+01  1.00000e+00
 2.61463e+01  1.00000e+00
 2.61833e+01  1.00000e+00
 2.62202e+01  1.00000e+00
 2.62571e+01  1.00000e+00
 2.62941e+01  1.00000e+00
 2.63310e+01  1.00000e+00
 2.63679e+01  1.00000e+00
 2.64049e+01  1.00000e+00
 2.64418e+01  1.00000e+00
 2.64787e+01  1.00000e+00
 2.65156e+01  1.00000e+00
 2.65526e+01  1.00000e+00
 2.65895e+01  1.00000e+00
 2.66264e+01  1.00000e+00
 2.66634e+01  1.00000e+00
 2.67003e+01  1.00000e+00
 2.67372e+01  1.00000e+00
 2.67741e+01  1.00000e+00
 2.68111e+01  1.00000e+00
 2.68480e+01  1.00000e+00
 2.68849e+01  1.00000e+00
 2.69219e+01  1.00000e+00
 2.69588e+01  1.00000e+00
 2.69957e+01  1.00000e+00
 2.70327e+01  1.00000e+00
 2.70696e+01  1.00000e+00
 2.71065e+01  1.00000e+00
 2.71434e+01  1.00000e+00
 2.71804e+01  1.00000e+00
 2.72173e+01  1.00000e+00
 2.72542e+01  1.00000e+00
 2.72912e+01  1.00000e+00
 2.73281e+01  1.00000e+00
 2.73650e+01  1.00000e+00
 2.74020e+01  1.00000e+00
 2.74389e+01  1.00000e+00
 2.74758e+01  1.00000e+00
 2.75127e+01  1.00000e+00
 2.75497e+01  1.00000e+00
 2.75866e+01  1.00000e+00
 2.76235e+01  1.00000e+00
 2.76605e+01  1.00000e+00
 2.76974e+01  1.00000e+00
 2.77343e+01  1.00000e+00
 2.77713e+01  1.00000e+00
 2.78082e+01  1.00000e+00
 2.78451e+01  1.00000e+00
 2.78820e+01  1.00000e+00
 2.79190e+01  1.00000e+00
 2.79559e+01  1.00000e+00
 2.79928e+01  1.00000e+00
 2.80298e+01  1.00000e+00
 2.80667e+01  1.00000e+00
 2.81036e+01  1.00000e+00
 2.81406e+01  1.00000e+00
 2.81775e+01  1.00000e+00
 2.82144e+01  1.00000e+00
 2.82513e+01  1.00000e+00
 2.82883e+01  1.00000e+00
 2.83252e+01  1.00000e+00
 2.83621e+01  1.00000e+00
 2.83991e+01  1.00000e+00
 2.84360e+01  1.00000e+00
 2.84729e+01  1.00000e+00
 2.85099e+01  1.00000e+00
 2.85468e+01  1.00000e+00
 2.85837e+01  1.00000e+00
 2.86206e+01  1.00000e+00
 2.86576e+01  1.00000e+00
 2.86945e+01  1.00000e+00
 2.87314e+01  1.00000e+00
 2.87684e+01  1.00000e+00
 2.88053e+01  1.00000e+00
 2.88422e+01  1.00000e+00
 2.88792e+01  1.00000e+00
 2.89161e+01  1.00000e+00
 2.89530e+01  1.00000e+00
 2.89899e+01  1.00000e+00
 2.90269e+01  1.00000e+00
 2.90638e+01  1.00000e+00
 2.91007e+01  1.00000e+00
 2.91377e+01  1.00000e+00
 2.91746e+01  1.00000e+00
 2.92115e+01  1.00000e+00
 2.92485e+01  1.00000e+00
 2.92854e+01  1.00000e+00
 2.93223e+01  1.00000e+00
 2.93592e+01  1.00000e+00
 2.93962e+01  1.00000e+00
 2.94331e+01  1.00000e+00
 2.94700e+01  1.00000e+00
 2.95070e+01  1.00000e+00
 2.95439e+01  1.00000e+00
 2.95808e+01  1.00000e+00
 2.96177e+01  1.00000e+00
 2.96547e+01  1.00000e+00
 2.96916e+01  1.00000e+00
 2.97285e+01  1.00000e+00
 2.97655e+01  1.00000e+00
 2.98024e+01  1.00000e+00
 2.98393e+01  1.00000e+00
 2.98763e+01  1.00000e+00
 2.99132e+01  1.00000e+00
 2.99501e+01  1.00000e+00
 2.99870e+01  1.00000e+00
 3.00240e+01  1.00000e+00
 3.00609e+01  1.00000e+00
 3.00978e+01  1.00000e+00
 3.01348e+01  1.00000e+00
 3.01717e+01  1.00000e+00
 3.02086e+01  1.00000e+00
 3.02456e+01  1.00000e+00
 3.02825e+01  1.00000e+00
 3.03194e+01  1.00000e+00
 3.03563e+01  1.00000e+00
 3.03933e+01  1.00000e+00
 3.04302e+01  1.00000e+00
 3.04671e+01  1.00000e+00
 3.05041e+01  1.00000e+00
 3.05410e+01  1.00000e+00
 3.05779e+01  1.00000e+00
 3.06149e+01  1.00000e+00
 3.06518e+01  1.00000e+00
 3.06887e+01  1.00000e+00
 3.07256e+01  1.00000e+00
 3.07626e+01  1.00000e+00
 3.07995e+01  1.00000e+00
 3.08364e+01  1.00000e+00
 3.08734e+01  1.00000e+00
 3.09103e+01  1.00000e+00
 3.09472e+01  1.00000e+00
 3.09842e+01  1.00000e+00
 3.10211e+01  1.00000e+00
 3.10580e+01  1.00000e+00
 3.10949e+01  1.00000e+00
 3.11319e+01  1.00000e+00
 3.11688e+01  1.00000e+00
 3.12057e+01  1.00000e+00
 3.12427e+01  1.00000e+00
 3.12796e+01  1.00000e+00
 3.13165e+01  1.00000e+00
 3.13535e+01  1.00000e+00
 3.13904e+01  1.00000e+00
 3.14273e+01  1.00000e+00
 3.14642e+01  1.00000e+00
 3.15012e+01  1.00000e+00
 3.15381e+01  1.00000e+00
 3.15750e+01  1.00000e+00
 3.16120e+01  1.00000e+00
 3.16489e+01  1.00000e+00
 3.16858e+01  1.00000e+00
 3.17228e+01  1.00000e+00
 3.17597e+01  1.00000e+00
 3.17966e+01  1.00000e+00
 3.18335e+01  1.00000e+00
 3.18705e+01  1.00000e+00
 3.19074e+01  1.00000e+00
 3.19443e+01  1.00000e+00
 3.19813e+01  1.00000e+00
 3.20182e+01  1.00000e+00
 3.20551e+01  1.00000e+00
 3.20920e+01  1.00000e+00
 3.21290e+01  1.00000e+00
 3.21659e+01  1.00000e+00
 3.22028e+01  1.00000e+00
 3.22398e+01  1.00000e+00
 3.22767e+01  1.00000e+00
 3.23136e+01  1.00000e+00
 3.23506e+01  1.00000e+00
 3.23875e+01  1.00000e+00
 3.24244e+01  1.00000e+00
 3.24613e+01  1.00000e+00
 3.24983e+01  1.00000e+00
 3.25352e+01  1.00000e+00
 3.25721e+01  1.00000e+00
 3.26091e+01  1.00000e+00
 3.26460e+01  1.00000e+00
 3.26829e+01  1.00000e+00
 3.27199e+01  1.00000e+00
 3.27568e+01  1.00000e+00
 3.27937e+01  1.00000e+00
 3.28306e+01  1.00000e+00
 3.28676e+01  1.00000e+00
 3.29045e+01  1.00000e+00
 3.29414e+01  1.00000e+00
 3.29784e+01  1.00000e+00
 3.30153e+01  1.00000e+00
 3.30522e+01  1.00000e+00
 3.30892e+01  1.00000e+00
 3.31261e+01  1.00000e+00
 3.31630e+01  1.00000e+00
 3.31999e+01  1.00000e+00
 3.32369e+01  1.00000e+00
 3.32738e+01  1.00000e+00
 3.33107e+01  1.00000e+00
 3.33477e+01  1.00000e+00
 3.33846e+01  1.00000e+00
 3.34215e+01  1.00000e+00
 3.34585e+01  1.00000e+00
 3.34954e+01  1.00000e+00
 3.35323e+01  1.00000e+00
 3.35692e+01  1.00000e+00
 3.36062e+01  1.00000e+00
 3.36431e+01  1.00000e+00
 3.36800e+01  1.00000e+00
 3.37170e+01  1.00000e+00
 3.37539e+01  1.00000e+00
 3.37908e+01  1.00000e+00
 3.38278e+01  1.00000e+00
 3.38647e+01  1.00000e+00
 3.39016e+01  1.00000e+00
 3.39385e+01  1.00000e+00
 3.39755e+01  1.00000e+00
 3.40124e+01  1.00000e+00
 3.40493e+01  1.00000e+00
 3.40863e+01  1.00000e+00
 3.41232e+01  1.00000e+00
 3.41601e+01  1.00000e+00
 3.41971e+01  1.00000e+00
 3.42340e+01  1.00000e+00
 3.42709e+01  1.00000e+00
 3.43078e+01  1.00000e+00
 3.43448e+01  1.00000e+00
 3.43817e+01  1.00000e+00
 3.44186e+01  1.00000e+00
 3.44556e+01  1.00000e+00
 3.44925e+01  1.00000e+00
 3.45294e+01  1.00000e+00
 3.45664e+01  1.00000e+00
 3.46033e+01  1.00000e+00
 3.46402e+01  1.00000e+00
 3.46771e+01  1.00000e+00
 3.47141e+01  1.00000e+00
 3.47510e+01  1.00000e+00
 3.47879e+01  1.00000e+00
 3.48249e+01  1.00000e+00
 3.48618e+01  1.00000e+00
 3.48987e+01  1.00000e+00
 3.49356e+01  1.00000e+00
 3.49726e+01  1.00000e+00
 3.50095e+01  1.00000e+00
 3.50464e+01  1.00000e+00
 3.50834e+01  1.00000e+00
 3.51203e+01  1.00000e+00
 3.51572e+01  1.00000e+00
 3.51942e+01  1.00000e+00
 3.52311e+01  1.00000e+00
 3.52680e+01  1.00000e+00
 3.53049e+01  1.00000e+00
 3.53419e+01  1.00000e+00
 3.53788e+01  1.00000e+00
 3.54157e+01  1.00000e+00
 3.54527e+01  1.00000e+00
 3.54896e+01  1.00000e+00
 3.55265e+01  1.00000e+00
 3.55635e+01  1.00000e+00
 3.56004e+01  1.00000e+00
 3.56373e+01  1.00000e+00
 3.56742e+01  1.00000e+00
 3.57112e+01  1.00000e+00
 3.57481e+01  1.00000e+00
 3.57850e+01  1.00000e+00
 3.58220e+01  1.00000e+00
 3.58589e+01  1.00000e+00
 3.58958e+01  1.00000e+00
 3.59328e+01  1.00000e+00
 3.59697e+01  1.00000e+00
 3.60066e+01  1.00000e+00
 3.60435e+01  1.00000e+00
 3.60805e+01  1.00000e+00
 3.61174e+01  1.00000e+00
 3.61543e+01  1.00000e+00
 3.61913e+01  1.00000e+00
 3.62282e+01  1.00000e+00
 3.62651e+01  1.00000e+00
 3.63021e+01  1.00000e+00
 3.63390e+01  1.00000e+00
 3.63759e+01  1.00000e+00
 3.64128e+01  1.00000e+00
 3.64498e+01  1.00000e+00
 3.64867e+01  1.00000e+00
 3.65236e+01  1.00000e+00
 3.65606e+01  1.00000e+00
 3.65975e+01  1.00000e+00
 3.66344e+01  1.00000e+00
 3.66714e+01  1.00000e+00
 3.67083e+01  1.00000e+00
 3.67452e+01  1.00000e+00
 3.67821e+01  1.00000e+00
 3.68191e+01  1.00000e+00
 3.68560e+01  1.00000e+00
 3.68929e+01  1.00000e+00
 3.69299e+01  1.00000e+00
