 r[σ]         g_ii         c_ii        
 5.00000e-02  0.00000e+00 -9.21443e+00
 1.00000e-01  0.00000e+00 -8.77806e+00
 1.50000e-01  1.50990e-14 -8.18536e+00
 2.00000e-01  0.00000e+00 -7.53804e+00
 2.50000e-01  3.55271e-15 -6.89667e+00
 3.00000e-01  8.88178e-16 -6.28879e+00
 3.50000e-01  3.55271e-15 -5.72354e+00
 4.00000e-01  5.32907e-15 -5.20139e+00
 4.50000e-01  5.32907e-15 -4.71949e+00
 5.00000e-01  0.00000e+00 -4.27404e+00
 5.50000e-01  3.10862e-15 -3.86141e+00
 6.00000e-01  0.00000e+00 -3.47843e+00
 6.50000e-01  3.99680e-15 -3.12261e+00
 7.00000e-01  1.11022e-15 -2.79204e+00
 7.50000e-01  0.00000e+00 -2.48539e+00
 8.00000e-01  8.88178e-16 -2.20189e+00
 8.50000e-01  8.89405e-07 -1.94126e+00
 9.00000e-01  6.75626e-03 -1.69696e+00
 9.50000e-01  2.90699e-01 -1.19916e+00
 1.00000e+00  1.30048e+00 -4.90033e-16
 1.05000e+00  2.13623e+00  9.99924e-01
 1.10000e+00  2.26377e+00  1.26621e+00
 1.15000e+00  2.00262e+00  1.11890e+00
 1.20000e+00  1.66727e+00  8.73755e-01
 1.25000e+00  1.38151e+00  6.56502e-01
 1.30000e+00  1.16865e+00  4.92721e-01
 1.35000e+00  1.01966e+00  3.75762e-01
 1.40000e+00  9.19824e-01  2.93244e-01
 1.45000e+00  8.56445e-01  2.34576e-01
 1.50000e+00  8.19995e-01  1.92114e-01
 1.55000e+00  8.03671e-01  1.60668e-01
 1.60000e+00  8.02658e-01  1.36792e-01
 1.65000e+00  8.13545e-01  1.18205e-01
 1.70000e+00  8.33886e-01  1.03392e-01
 1.75000e+00  8.61919e-01  9.13337e-02
 1.80000e+00  8.96355e-01  8.13339e-02
 1.85000e+00  9.36258e-01  7.29101e-02
 1.90000e+00  9.80789e-01  6.57098e-02
 1.95000e+00  1.02807e+00  5.94103e-02
 2.00000e+00  1.07273e+00  5.36123e-02
 2.05000e+00  1.10598e+00  4.79321e-02
 2.10000e+00  1.12075e+00  4.22341e-02
 2.15000e+00  1.11606e+00  3.66675e-02
 2.20000e+00  1.09649e+00  3.14911e-02
 2.25000e+00  1.06883e+00  2.69034e-02
 2.30000e+00  1.03925e+00  2.29848e-02
 2.35000e+00  1.01212e+00  1.97176e-02
 2.40000e+00  9.89916e-01  1.70282e-02
 2.45000e+00  9.73650e-01  1.48233e-02
 2.50000e+00  9.63382e-01  1.30108e-02
 2.55000e+00  9.58599e-01  1.15099e-02
 2.60000e+00  9.58495e-01  1.02539e-02
 2.65000e+00  9.62141e-01  9.18976e-03
 2.70000e+00  9.68581e-01  8.27652e-03
 2.75000e+00  9.76886e-01  7.48260e-03
 2.80000e+00  9.86177e-01  6.78399e-03
 2.85000e+00  9.95633e-01  6.16240e-03
 2.90000e+00  1.00449e+00  5.60394e-03
 2.95000e+00  1.01206e+00  5.09799e-03
 3.00000e+00  1.01774e+00  4.63659e-03
 3.05000e+00  1.02107e+00  4.21403e-03
 3.10000e+00  1.02189e+00  3.82655e-03
 3.15000e+00  1.02033e+00  3.47194e-03
 3.20000e+00  1.01687e+00  3.14894e-03
 3.25000e+00  1.01215e+00  2.85655e-03
 3.30000e+00  1.00693e+00  2.59356e-03
 3.35000e+00  1.00186e+00  2.35830e-03
 3.40000e+00  9.97491e-01  2.14865e-03
 3.45000e+00  9.94151e-01  1.96214e-03
 3.50000e+00  9.92003e-01  1.79619e-03
 3.55000e+00  9.91051e-01  1.64826e-03
 3.60000e+00  9.91183e-01  1.51595e-03
 3.65000e+00  9.92201e-01  1.39711e-03
 3.70000e+00  9.93867e-01  1.28987e-03
 3.75000e+00  9.95923e-01  1.19262e-03
 3.80000e+00  9.98123e-01  1.10402e-03
 3.85000e+00  1.00024e+00  1.02297e-03
 3.90000e+00  1.00209e+00  9.48569e-04
 3.95000e+00  1.00353e+00  8.80080e-04
 4.00000e+00  1.00448e+00  8.16913e-04
 4.05000e+00  1.00489e+00  7.58588e-04
 4.10000e+00  1.00480e+00  7.04713e-04
 4.15000e+00  1.00427e+00  6.54961e-04
 4.20000e+00  1.00341e+00  6.09049e-04
 4.25000e+00  1.00236e+00  5.66722e-04
 4.30000e+00  1.00123e+00  5.27739e-04
 4.35000e+00  1.00016e+00  4.91863e-04
 4.40000e+00  9.99258e-01  4.58861e-04
 4.45000e+00  9.98580e-01  4.28502e-04
 4.50000e+00  9.98166e-01  4.00560e-04
 4.55000e+00  9.98018e-01  3.74816e-04
 4.60000e+00  9.98110e-01  3.51065e-04
 4.65000e+00  9.98398e-01  3.29117e-04
 4.70000e+00  9.98824e-01  3.08797e-04
 4.75000e+00  9.99325e-01  2.89950e-04
 4.80000e+00  9.99842e-01  2.72438e-04
 4.85000e+00  1.00032e+00  2.56141e-04
 4.90000e+00  1.00072e+00  2.40952e-04
 4.95000e+00  1.00101e+00  2.26781e-04
 5.00000e+00  1.00117e+00  2.13547e-04
 5.05000e+00  1.00122e+00  2.01182e-04
 5.10000e+00  1.00115e+00  1.89622e-04
 5.15000e+00  1.00098e+00  1.78813e-04
 5.20000e+00  1.00076e+00  1.68705e-04
 5.25000e+00  1.00050e+00  1.59252e-04
 5.30000e+00  1.00024e+00  1.50409e-04
 5.35000e+00  9.99995e-01  1.42136e-04
 5.40000e+00  9.99798e-01  1.34395e-04
 5.45000e+00  9.99658e-01  1.27147e-04
 5.50000e+00  9.99581e-01  1.20359e-04
 5.55000e+00  9.99565e-01  1.13997e-04
 5.60000e+00  9.99604e-01  1.08029e-04
 5.65000e+00  9.99686e-01  1.02427e-04
 5.70000e+00  9.99796e-01  9.71644e-05
 5.75000e+00  9.99919e-01  9.22156e-05
 5.80000e+00  1.00004e+00  8.75585e-05
 5.85000e+00  1.00015e+00  8.31725e-05
 5.90000e+00  1.00024e+00  7.90391e-05
 5.95000e+00  1.00029e+00  7.51413e-05
 6.00000e+00  1.00032e+00  7.14638e-05
 6.05000e+00  1.00032e+00  6.79926e-05
 6.10000e+00  1.00029e+00  6.47149e-05
 6.15000e+00  1.00024e+00  6.16187e-05
 6.20000e+00  1.00018e+00  5.86932e-05
 6.25000e+00  1.00012e+00  5.59282e-05
 6.30000e+00  1.00005e+00  5.33139e-05
 6.35000e+00  9.99998e-01  5.08414e-05
 6.40000e+00  9.99954e-01  4.85023e-05
 6.45000e+00  9.99925e-01  4.62884e-05
 6.50000e+00  9.99911e-01  4.41921e-05
 6.55000e+00  9.99912e-01  4.22064e-05
 6.60000e+00  9.99925e-01  4.03245e-05
 6.65000e+00  9.99948e-01  3.85401e-05
 6.70000e+00  9.99977e-01  3.68474e-05
 6.75000e+00  1.00001e+00  3.52409e-05
 6.80000e+00  1.00004e+00  3.37155e-05
 6.85000e+00  1.00006e+00  3.22664e-05
 6.90000e+00  1.00008e+00  3.08893e-05
 6.95000e+00  1.00009e+00  2.95801e-05
 7.00000e+00  1.00009e+00  2.83349e-05
 7.05000e+00  1.00009e+00  2.71502e-05
 7.10000e+00  1.00008e+00  2.60228e-05
 7.15000e+00  1.00007e+00  2.49496e-05
 7.20000e+00  1.00005e+00  2.39275e-05
 7.25000e+00  1.00003e+00  2.29539e-05
 7.30000e+00  1.00002e+00  2.20263e-05
 7.35000e+00  1.00000e+00  2.11422e-05
 7.40000e+00  9.99994e-01  2.02992e-05
 7.45000e+00  9.99988e-01  1.94953e-05
 7.50000e+00  9.99986e-01  1.87283e-05
 7.55000e+00  9.99987e-01  1.79964e-05
 7.60000e+00  9.99991e-01  1.72977e-05
 7.65000e+00  9.99997e-01  1.66304e-05
 7.70000e+00  1.00000e+00  1.59930e-05
 7.75000e+00  1.00001e+00  1.53840e-05
 7.80000e+00  1.00002e+00  1.48018e-05
 7.85000e+00  1.00002e+00  1.42451e-05
 7.90000e+00  1.00003e+00  1.37127e-05
 7.95000e+00  1.00003e+00  1.32034e-05
 8.00000e+00  1.00003e+00  1.27159e-05
 8.05000e+00  1.00003e+00  1.22493e-05
 8.10000e+00  1.00002e+00  1.18025e-05
 8.15000e+00  1.00002e+00  1.13747e-05
 8.20000e+00  1.00002e+00  1.09648e-05
 8.25000e+00  1.00001e+00  1.05720e-05
 8.30000e+00  1.00001e+00  1.01955e-05
 8.35000e+00  1.00000e+00  9.83464e-06
 8.40000e+00  1.00000e+00  9.48857e-06
 8.45000e+00  1.00000e+00  9.15663e-06
 8.50000e+00  1.00000e+00  8.83817e-06
 8.55000e+00  1.00000e+00  8.53256e-06
 8.60000e+00  1.00000e+00  8.23922e-06
 8.65000e+00  1.00000e+00  7.95758e-06
 8.70000e+00  1.00001e+00  7.68711e-06
 8.75000e+00  1.00001e+00  7.42730e-06
 8.80000e+00  1.00001e+00  7.17768e-06
 8.85000e+00  1.00001e+00  6.93779e-06
 8.90000e+00  1.00001e+00  6.70720e-06
 8.95000e+00  1.00001e+00  6.48549e-06
 9.00000e+00  1.00001e+00  6.27229e-06
 9.05000e+00  1.00001e+00  6.06722e-06
 9.10000e+00  1.00001e+00  5.86992e-06
 9.15000e+00  1.00001e+00  5.68007e-06
 9.20000e+00  1.00001e+00  5.49734e-06
 9.25000e+00  1.00001e+00  5.32143e-06
 9.30000e+00  1.00000e+00  5.15206e-06
 9.35000e+00  1.00000e+00  4.98895e-06
 9.40000e+00  1.00000e+00  4.83182e-06
 9.45000e+00  1.00000e+00  4.68045e-06
 9.50000e+00  1.00000e+00  4.53457e-06
 9.55000e+00  1.00000e+00  4.39398e-06
 9.60000e+00  1.00000e+00  4.25845e-06
 9.65000e+00  1.00000e+00  4.12776e-06
 9.70000e+00  1.00000e+00  4.00174e-06
 9.75000e+00  1.00000e+00  3.88018e-06
 9.80000e+00  1.00000e+00  3.76290e-06
 9.85000e+00  1.00000e+00  3.64974e-06
 9.90000e+00  1.00000e+00  3.54053e-06
 9.95000e+00  1.00000e+00  3.43511e-06
 1.00000e+01  1.00000e+00  3.33334e-06
 1.00500e+01  1.00000e+00  3.23506e-06
 1.01000e+01  1.00000e+00  3.14015e-06
 1.01500e+01  1.00000e+00  3.04848e-06
 1.02000e+01  1.00000e+00  2.95991e-06
 1.02500e+01  1.00000e+00  2.87432e-06
 1.03000e+01  1.00000e+00  2.79161e-06
 1.03500e+01  1.00000e+00  2.71167e-06
 1.04000e+01  1.00000e+00  2.63438e-06
 1.04500e+01  1.00000e+00  2.55965e-06
 1.05000e+01  1.00000e+00  2.48738e-06
 1.05500e+01  1.00000e+00  2.41749e-06
 1.06000e+01  1.00000e+00  2.34987e-06
 1.06500e+01  1.00000e+00  2.28445e-06
 1.07000e+01  1.00000e+00  2.22114e-06
 1.07500e+01  1.00000e+00  2.15987e-06
 1.08000e+01  1.00000e+00  2.10057e-06
 1.08500e+01  1.00000e+00  2.04315e-06
 1.09000e+01  1.00000e+00  1.98756e-06
 1.09500e+01  1.00000e+00  1.93372e-06
 1.10000e+01  1.00000e+00  1.88158e-06
 1.10500e+01  1.00000e+00  1.83107e-06
 1.11000e+01  1.00000e+00  1.78214e-06
 1.11500e+01  1.00000e+00  1.73472e-06
 1.12000e+01  1.00000e+00  1.68877e-06
 1.12500e+01  1.00000e+00  1.64423e-06
 1.13000e+01  1.00000e+00  1.60106e-06
 1.13500e+01  1.00000e+00  1.55921e-06
 1.14000e+01  1.00000e+00  1.51862e-06
 1.14500e+01  1.00000e+00  1.47926e-06
 1.15000e+01  1.00000e+00  1.44109e-06
 1.15500e+01  1.00000e+00  1.40406e-06
 1.16000e+01  1.00000e+00  1.36814e-06
 1.16500e+01  1.00000e+00  1.33329e-06
 1.17000e+01  1.00000e+00  1.29946e-06
 1.17500e+01  1.00000e+00  1.26664e-06
 1.18000e+01  1.00000e+00  1.23477e-06
 1.18500e+01  1.00000e+00  1.20384e-06
 1.19000e+01  1.00000e+00  1.17381e-06
 1.19500e+01  1.00000e+00  1.14465e-06
 1.20000e+01  1.00000e+00  1.11633e-06
 1.20500e+01  1.00000e+00  1.08882e-06
 1.21000e+01  1.00000e+00  1.06210e-06
 1.21500e+01  1.00000e+00  1.03615e-06
 1.22000e+01  1.00000e+00  1.01093e-06
 1.22500e+01  1.00000e+00  9.86421e-07
 1.23000e+01  1.00000e+00  9.62605e-07
 1.23500e+01  1.00000e+00  9.39457e-07
 1.24000e+01  1.00000e+00  9.16956e-07
 1.24500e+01  1.00000e+00  8.95082e-07
 1.25000e+01  1.00000e+00  8.73813e-07
 1.25500e+01  1.00000e+00  8.53132e-07
 1.26000e+01  1.00000e+00  8.33020e-07
 1.26500e+01  1.00000e+00  8.13459e-07
 1.27000e+01  1.00000e+00  7.94431e-07
 1.27500e+01  1.00000e+00  7.75921e-07
 1.28000e+01  1.00000e+00  7.57912e-07
 1.28500e+01  1.00000e+00  7.40389e-07
 1.29000e+01  1.00000e+00  7.23337e-07
 1.29500e+01  1.00000e+00  7.06741e-07
 1.30000e+01  1.00000e+00  6.90587e-07
 1.30500e+01  1.00000e+00  6.74863e-07
 1.31000e+01  1.00000e+00  6.59555e-07
 1.31500e+01  1.00000e+00  6.44650e-07
 1.32000e+01  1.00000e+00  6.30137e-07
 1.32500e+01  1.00000e+00  6.16004e-07
 1.33000e+01  1.00000e+00  6.02239e-07
 1.33500e+01  1.00000e+00  5.88832e-07
 1.34000e+01  1.00000e+00  5.75771e-07
 1.34500e+01  1.00000e+00  5.63047e-07
 1.35000e+01  1.00000e+00  5.50651e-07
 1.35500e+01  1.00000e+00  5.38571e-07
 1.36000e+01  1.00000e+00  5.26799e-07
 1.36500e+01  1.00000e+00  5.15327e-07
 1.37000e+01  1.00000e+00  5.04145e-07
 1.37500e+01  1.00000e+00  4.93245e-07
 1.38000e+01  1.00000e+00  4.82619e-07
 1.38500e+01  1.00000e+00  4.72259e-07
 1.39000e+01  1.00000e+00  4.62157e-07
 1.39500e+01  1.00000e+00  4.52307e-07
 1.40000e+01  1.00000e+00  4.42701e-07
 1.40500e+01  1.00000e+00  4.33332e-07
 1.41000e+01  1.00000e+00  4.24194e-07
 1.41500e+01  1.00000e+00  4.15279e-07
 1.42000e+01  1.00000e+00  4.06582e-07
 1.42500e+01  1.00000e+00  3.98098e-07
 1.43000e+01  1.00000e+00  3.89819e-07
 1.43500e+01  1.00000e+00  3.81740e-07
 1.44000e+01  1.00000e+00  3.73855e-07
 1.44500e+01  1.00000e+00  3.66161e-07
 1.45000e+01  1.00000e+00  3.58650e-07
 1.45500e+01  1.00000e+00  3.51318e-07
 1.46000e+01  1.00000e+00  3.44161e-07
 1.46500e+01  1.00000e+00  3.37173e-07
 1.47000e+01  1.00000e+00  3.30350e-07
 1.47500e+01  1.00000e+00  3.23688e-07
 1.48000e+01  1.00000e+00  3.17182e-07
 1.48500e+01  1.00000e+00  3.10828e-07
 1.49000e+01  1.00000e+00  3.04622e-07
 1.49500e+01  1.00000e+00  2.98560e-07
 1.50000e+01  1.00000e+00  2.92638e-07
 1.50500e+01  1.00000e+00  2.86853e-07
 1.51000e+01  1.00000e+00  2.81201e-07
 1.51500e+01  1.00000e+00  2.75679e-07
 1.52000e+01  1.00000e+00  2.70282e-07
 1.52500e+01  1.00000e+00  2.65008e-07
 1.53000e+01  1.00000e+00  2.59854e-07
 1.53500e+01  1.00000e+00  2.54817e-07
 1.54000e+01  1.00000e+00  2.49893e-07
 1.54500e+01  1.00000e+00  2.45080e-07
 1.55000e+01  1.00000e+00  2.40375e-07
 1.55500e+01  1.00000e+00  2.35774e-07
 1.56000e+01  1.00000e+00  2.31276e-07
 1.56500e+01  1.00000e+00  2.26878e-07
 1.57000e+01  1.00000e+00  2.22577e-07
 1.57500e+01  1.00000e+00  2.18371e-07
 1.58000e+01  1.00000e+00  2.14258e-07
 1.58500e+01  1.00000e+00  2.10234e-07
 1.59000e+01  1.00000e+00  2.06298e-07
 1.59500e+01  1.00000e+00  2.02449e-07
 1.60000e+01  1.00000e+00  1.98682e-07
 1.60500e+01  1.00000e+00  1.94997e-07
 1.61000e+01  1.00000e+00  1.91392e-07
 1.61500e+01  1.00000e+00  1.87864e-07
 1.62000e+01  1.00000e+00  1.84412e-07
 1.62500e+01  1.00000e+00  1.81033e-07
 1.63000e+01  1.00000e+00  1.77727e-07
 1.63500e+01  1.00000e+00  1.74491e-07
 1.64000e+01  1.00000e+00  1.71323e-07
 1.64500e+01  1.00000e+00  1.68222e-07
 1.65000e+01  1.00000e+00  1.65187e-07
 1.65500e+01  1.00000e+00  1.62215e-07
 1.66000e+01  1.00000e+00  1.59305e-07
 1.66500e+01  1.00000e+00  1.56456e-07
 1.67000e+01  1.00000e+00  1.53667e-07
 1.67500e+01  1.00000e+00  1.50935e-07
 1.68000e+01  1.00000e+00  1.48260e-07
 1.68500e+01  1.00000e+00  1.45640e-07
 1.69000e+01  1.00000e+00  1.43073e-07
 1.69500e+01  1.00000e+00  1.40560e-07
 1.70000e+01  1.00000e+00  1.38097e-07
 1.70500e+01  1.00000e+00  1.35685e-07
 1.71000e+01  1.00000e+00  1.33322e-07
 1.71500e+01  1.00000e+00  1.31007e-07
 1.72000e+01  1.00000e+00  1.28738e-07
 1.72500e+01  1.00000e+00  1.26516e-07
 1.73000e+01  1.00000e+00  1.24337e-07
 1.73500e+01  1.00000e+00  1.22203e-07
 1.74000e+01  1.00000e+00  1.20111e-07
 1.74500e+01  1.00000e+00  1.18061e-07
 1.75000e+01  1.00000e+00  1.16051e-07
 1.75500e+01  1.00000e+00  1.14082e-07
 1.76000e+01  1.00000e+00  1.12151e-07
 1.76500e+01  1.00000e+00  1.10258e-07
 1.77000e+01  1.00000e+00  1.08402e-07
 1.77500e+01  1.00000e+00  1.06583e-07
 1.78000e+01  1.00000e+00  1.04799e-07
 1.78500e+01  1.00000e+00  1.03050e-07
 1.79000e+01  1.00000e+00  1.01335e-07
 1.79500e+01  1.00000e+00  9.96534e-08
 1.80000e+01  1.00000e+00  9.80040e-08
 1.80500e+01  1.00000e+00  9.63863e-08
 1.81000e+01  1.00000e+00  9.47998e-08
 1.81500e+01  1.00000e+00  9.32436e-08
 1.82000e+01  1.00000e+00  9.17171e-08
 1.82500e+01  1.00000e+00  9.02197e-08
 1.83000e+01  1.00000e+00  8.87508e-08
 1.83500e+01  1.00000e+00  8.73097e-08
 1.84000e+01  1.00000e+00  8.58958e-08
 1.84500e+01  1.00000e+00  8.45085e-08
 1.85000e+01  1.00000e+00  8.31473e-08
 1.85500e+01  1.00000e+00  8.18117e-08
 1.86000e+01  1.00000e+00  8.05010e-08
 1.86500e+01  1.00000e+00  7.92147e-08
 1.87000e+01  1.00000e+00  7.79523e-08
 1.87500e+01  1.00000e+00  7.67134e-08
 1.88000e+01  1.00000e+00  7.54973e-08
 1.88500e+01  1.00000e+00  7.43037e-08
 1.89000e+01  1.00000e+00  7.31321e-08
 1.89500e+01  1.00000e+00  7.19819e-08
 1.90000e+01  1.00000e+00  7.08528e-08
 1.90500e+01  1.00000e+00  6.97443e-08
 1.91000e+01  1.00000e+00  6.86560e-08
 1.91500e+01  1.00000e+00  6.75875e-08
 1.92000e+01  1.00000e+00  6.65382e-08
 1.92500e+01  1.00000e+00  6.55080e-08
 1.93000e+01  1.00000e+00  6.44963e-08
 1.93500e+01  1.00000e+00  6.35028e-08
 1.94000e+01  1.00000e+00  6.25271e-08
 1.94500e+01  1.00000e+00  6.15689e-08
 1.95000e+01  1.00000e+00  6.06277e-08
 1.95500e+01  1.00000e+00  5.97033e-08
 1.96000e+01  1.00000e+00  5.87953e-08
 1.96500e+01  1.00000e+00  5.79033e-08
 1.97000e+01  1.00000e+00  5.70271e-08
 1.97500e+01  1.00000e+00  5.61663e-08
 1.98000e+01  1.00000e+00  5.53207e-08
 1.98500e+01  1.00000e+00  5.44899e-08
 1.99000e+01  1.00000e+00  5.36735e-08
 1.99500e+01  1.00000e+00  5.28715e-08
 2.00000e+01  1.00000e+00  5.20833e-08
 2.00500e+01  1.00000e+00  5.13089e-08
 2.01000e+01  1.00000e+00  5.05478e-08
 2.01500e+01  1.00000e+00  4.97999e-08
 2.02000e+01  1.00000e+00  4.90649e-08
 2.02500e+01  1.00000e+00  4.83424e-08
 2.03000e+01  1.00000e+00  4.76324e-08
 2.03500e+01  1.00000e+00  4.69345e-08
 2.04000e+01  1.00000e+00  4.62485e-08
 2.04500e+01  1.00000e+00  4.55742e-08
 2.05000e+01  1.00000e+00  4.49113e-08
 2.05500e+01  1.00000e+00  4.42596e-08
 2.06000e+01  1.00000e+00  4.36190e-08
 2.06500e+01  1.00000e+00  4.29891e-08
 2.07000e+01  1.00000e+00  4.23698e-08
 2.07500e+01  1.00000e+00  4.17609e-08
 2.08000e+01  1.00000e+00  4.11622e-08
 2.08500e+01  1.00000e+00  4.05735e-08
 2.09000e+01  1.00000e+00  3.99946e-08
 2.09500e+01  1.00000e+00  3.94253e-08
 2.10000e+01  1.00000e+00  3.88654e-08
 2.10500e+01  1.00000e+00  3.83148e-08
 2.11000e+01  1.00000e+00  3.77732e-08
 2.11500e+01  1.00000e+00  3.72406e-08
 2.12000e+01  1.00000e+00  3.67167e-08
 2.12500e+01  1.00000e+00  3.62014e-08
 2.13000e+01  1.00000e+00  3.56945e-08
 2.13500e+01  1.00000e+00  3.51959e-08
 2.14000e+01  1.00000e+00  3.47053e-08
 2.14500e+01  1.00000e+00  3.42228e-08
 2.15000e+01  1.00000e+00  3.37480e-08
 2.15500e+01  1.00000e+00  3.32809e-08
 2.16000e+01  1.00000e+00  3.28213e-08
 2.16500e+01  1.00000e+00  3.23692e-08
 2.17000e+01  1.00000e+00  3.19242e-08
 2.17500e+01  1.00000e+00  3.14864e-08
 2.18000e+01  1.00000e+00  3.10556e-08
 2.18500e+01  1.00000e+00  3.06316e-08
 2.19000e+01  1.00000e+00  3.02144e-08
 2.19500e+01  1.00000e+00  2.98038e-08
 2.20000e+01  1.00000e+00  2.93997e-08
 2.20500e+01  1.00000e+00  2.90019e-08
 2.21000e+01  1.00000e+00  2.86105e-08
 2.21500e+01  1.00000e+00  2.82252e-08
 2.22000e+01  1.00000e+00  2.78459e-08
 2.22500e+01  1.00000e+00  2.74725e-08
 2.23000e+01  1.00000e+00  2.71050e-08
 2.23500e+01  1.00000e+00  2.67432e-08
 2.24000e+01  1.00000e+00  2.63870e-08
 2.24500e+01  1.00000e+00  2.60364e-08
 2.25000e+01  1.00000e+00  2.56912e-08
 2.25500e+01  1.00000e+00  2.53513e-08
 2.26000e+01  1.00000e+00  2.50166e-08
 2.26500e+01  1.00000e+00  2.46871e-08
 2.27000e+01  1.00000e+00  2.43626e-08
 2.27500e+01  1.00000e+00  2.40431e-08
 2.28000e+01  1.00000e+00  2.37285e-08
 2.28500e+01  1.00000e+00  2.34186e-08
 2.29000e+01  1.00000e+00  2.31135e-08
 2.29500e+01  1.00000e+00  2.28130e-08
 2.30000e+01  1.00000e+00  2.25171e-08
 2.30500e+01  1.00000e+00  2.22256e-08
 2.31000e+01  1.00000e+00  2.19385e-08
 2.31500e+01  1.00000e+00  2.16557e-08
 2.32000e+01  1.00000e+00  2.13772e-08
 2.32500e+01  1.00000e+00  2.11028e-08
 2.33000e+01  1.00000e+00  2.08326e-08
 2.33500e+01  1.00000e+00  2.05664e-08
 2.34000e+01  1.00000e+00  2.03041e-08
 2.34500e+01  1.00000e+00  2.00457e-08
 2.35000e+01  1.00000e+00  1.97912e-08
 2.35500e+01  1.00000e+00  1.95404e-08
 2.36000e+01  1.00000e+00  1.92933e-08
 2.36500e+01  1.00000e+00  1.90499e-08
 2.37000e+01  1.00000e+00  1.88100e-08
 2.37500e+01  1.00000e+00  1.85736e-08
 2.38000e+01  1.00000e+00  1.83407e-08
 2.38500e+01  1.00000e+00  1.81113e-08
 2.39000e+01  1.00000e+00  1.78851e-08
 2.39500e+01  1.00000e+00  1.76622e-08
 2.40000e+01  1.00000e+00  1.74426e-08
 2.40500e+01  1.00000e+00  1.72262e-08
 2.41000e+01  1.00000e+00  1.70128e-08
 2.41500e+01  1.00000e+00  1.68026e-08
 2.42000e+01  1.00000e+00  1.65954e-08
 2.42500e+01  1.00000e+00  1.63911e-08
 2.43000e+01  1.00000e+00  1.61898e-08
 2.43500e+01  1.00000e+00  1.59913e-08
 2.44000e+01  1.00000e+00  1.57957e-08
 2.44500e+01  1.00000e+00  1.56029e-08
 2.45000e+01  1.00000e+00  1.54128e-08
 2.45500e+01  1.00000e+00  1.52254e-08
 2.46000e+01  1.00000e+00  1.50407e-08
 2.46500e+01  1.00000e+00  1.48586e-08
 2.47000e+01  1.00000e+00  1.46790e-08
 2.47500e+01  1.00000e+00  1.45020e-08
 2.48000e+01  1.00000e+00  1.43274e-08
 2.48500e+01  1.00000e+00  1.41553e-08
 2.49000e+01  1.00000e+00  1.39857e-08
 2.49500e+01  1.00000e+00  1.38183e-08
 2.50000e+01  1.00000e+00  1.36533e-08
 2.50500e+01  1.00000e+00  1.34906e-08
 2.51000e+01  1.00000e+00  1.33302e-08
 2.51500e+01  1.00000e+00  1.31720e-08
 2.52000e+01  1.00000e+00  1.30159e-08
 2.52500e+01  1.00000e+00  1.28621e-08
 2.53000e+01  1.00000e+00  1.27103e-08
 2.53500e+01  1.00000e+00  1.25606e-08
 2.54000e+01  1.00000e+00  1.24130e-08
 2.54500e+01  1.00000e+00  1.22674e-08
 2.55000e+01  1.00000e+00  1.21238e-08
 2.55500e+01  1.00000e+00  1.19821e-08
 2.56000e+01  1.00000e+00  1.18424e-08
 2.56500e+01  1.00000e+00  1.17045e-08
 2.57000e+01  1.00000e+00  1.15686e-08
 2.57500e+01  1.00000e+00  1.14345e-08
 2.58000e+01  1.00000e+00  1.13021e-08
 2.58500e+01  1.00000e+00  1.11716e-08
 2.59000e+01  1.00000e+00  1.10428e-08
 2.59500e+01  1.00000e+00  1.09158e-08
 2.60000e+01  1.00000e+00  1.07904e-08
 2.60500e+01  1.00000e+00  1.06668e-08
 2.61000e+01  1.00000e+00  1.05447e-08
 2.61500e+01  1.00000e+00  1.04243e-08
 2.62000e+01  1.00000e+00  1.03055e-08
 2.62500e+01  1.00000e+00  1.01883e-08
 2.63000e+01  1.00000e+00  1.00727e-08
 2.63500e+01  1.00000e+00  9.95852e-09
 2.64000e+01  1.00000e+00  9.84589e-09
 2.64500e+01  1.00000e+00  9.73475e-09
 2.65000e+01  1.00000e+00  9.62506e-09
 2.65500e+01  1.00000e+00  9.51681e-09
 2.66000e+01  1.00000e+00  9.40998e-09
 2.66500e+01  1.00000e+00  9.30455e-09
 2.67000e+01  1.00000e+00  9.20049e-09
 2.67500e+01  1.00000e+00  9.09779e-09
 2.68000e+01  1.00000e+00  8.99642e-09
 2.68500e+01  1.00000e+00  8.89637e-09
 2.69000e+01  1.00000e+00  8.79762e-09
 2.69500e+01  1.00000e+00  8.70014e-09
 2.70000e+01  1.00000e+00  8.60392e-09
 2.70500e+01  1.00000e+00  8.50893e-09
 2.71000e+01  1.00000e+00  8.41517e-09
 2.71500e+01  1.00000e+00  8.32261e-09
 2.72000e+01  1.00000e+00  8.23124e-09
 2.72500e+01  1.00000e+00  8.14104e-09
 2.73000e+01  1.00000e+00  8.05198e-09
 2.73500e+01  1.00000e+00  7.96406e-09
 2.74000e+01  1.00000e+00  7.87726e-09
 2.74500e+01  1.00000e+00  7.79156e-09
 2.75000e+01  1.00000e+00  7.70695e-09
 2.75500e+01  1.00000e+00  7.62341e-09
 2.76000e+01  1.00000e+00  7.54092e-09
 2.76500e+01  1.00000e+00  7.45947e-09
 2.77000e+01  1.00000e+00  7.37904e-09
 2.77500e+01  1.00000e+00  7.29963e-09
 2.78000e+01  1.00000e+00  7.22121e-09
 2.78500e+01  1.00000e+00  7.14377e-09
 2.79000e+01  1.00000e+00  7.06730e-09
 2.79500e+01  1.00000e+00  6.99178e-09
 2.80000e+01  1.00000e+00  6.91720e-09
 2.80500e+01  1.00000e+00  6.84355e-09
 2.81000e+01  1.00000e+00  6.77081e-09
 2.81500e+01  1.00000e+00  6.69898e-09
 2.82000e+01  1.00000e+00  6.62802e-09
 2.82500e+01  1.00000e+00  6.55795e-09
 2.83000e+01  1.00000e+00  6.48874e-09
 2.83500e+01  1.00000e+00  6.42037e-09
 2.84000e+01  1.00000e+00  6.35285e-09
 2.84500e+01  1.00000e+00  6.28616e-09
 2.85000e+01  1.00000e+00  6.22027e-09
 2.85500e+01  1.00000e+00  6.15520e-09
 2.86000e+01  1.00000e+00  6.09092e-09
 2.86500e+01  1.00000e+00  6.02741e-09
 2.87000e+01  1.00000e+00  5.96468e-09
 2.87500e+01  1.00000e+00  5.90271e-09
 2.88000e+01  1.00000e+00  5.84149e-09
 2.88500e+01  1.00000e+00  5.78101e-09
 2.89000e+01  1.00000e+00  5.72126e-09
 2.89500e+01  1.00000e+00  5.66223e-09
 2.90000e+01  1.00000e+00  5.60391e-09
 2.90500e+01  1.00000e+00  5.54628e-09
 2.91000e+01  1.00000e+00  5.48935e-09
 2.91500e+01  1.00000e+00  5.43310e-09
 2.92000e+01  1.00000e+00  5.37752e-09
 2.92500e+01  1.00000e+00  5.32260e-09
 2.93000e+01  1.00000e+00  5.26833e-09
 2.93500e+01  1.00000e+00  5.21471e-09
 2.94000e+01  1.00000e+00  5.16172e-09
 2.94500e+01  1.00000e+00  5.10937e-09
 2.95000e+01  1.00000e+00  5.05762e-09
 2.95500e+01  1.00000e+00  5.00650e-09
 2.96000e+01  1.00000e+00  4.95597e-09
 2.96500e+01  1.00000e+00  4.90603e-09
 2.97000e+01  1.00000e+00  4.85669e-09
 2.97500e+01  1.00000e+00  4.80792e-09
 2.98000e+01  1.00000e+00  4.75972e-09
 2.98500e+01  1.00000e+00  4.71208e-09
 2.99000e+01  1.00000e+00  4.66500e-09
 2.99500e+01  1.00000e+00  4.61847e-09
 3.00000e+01  1.00000e+00  4.57247e-09
 3.00500e+01  1.00000e+00  4.52701e-09
 3.01000e+01  1.00000e+00  4.48208e-09
 3.01500e+01  1.00000e+00  4.43767e-09
 3.02000e+01  1.00000e+00  4.39377e-09
 3.02500e+01  1.00000e+00  4.35037e-09
 3.03000e+01  1.00000e+00  4.30748e-09
 3.03500e+01  1.00000e+00  4.26507e-09
 3.04000e+01  1.00000e+00  4.22316e-09
 3.04500e+01  1.00000e+00  4.18172e-09
 3.05000e+01  1.00000e+00  4.14076e-09
 3.05500e+01  1.00000e+00  4.10026e-09
 3.06000e+01  1.00000e+00  4.06023e-09
 3.06500e+01  1.00000e+00  4.02065e-09
 3.07000e+01  1.00000e+00  3.98152e-09
 3.07500e+01  1.00000e+00  3.94283e-09
 3.08000e+01  1.00000e+00  3.90458e-09
 3.08500e+01  1.00000e+00  3.86676e-09
 3.09000e+01  1.00000e+00  3.82937e-09
 3.09500e+01  1.00000e+00  3.79241e-09
 3.10000e+01  1.00000e+00  3.75585e-09
 3.10500e+01  1.00000e+00  3.71971e-09
 3.11000e+01  1.00000e+00  3.68397e-09
 3.11500e+01  1.00000e+00  3.64863e-09
 3.12000e+01  1.00000e+00  3.61369e-09
 3.12500e+01  1.00000e+00  3.57914e-09
 3.13000e+01  1.00000e+00  3.54497e-09
 3.13500e+01  1.00000e+00  3.51118e-09
 3.14000e+01  1.00000e+00  3.47777e-09
 3.14500e+01  1.00000e+00  3.44473e-09
 3.15000e+01  1.00000e+00  3.41205e-09
 3.15500e+01  1.00000e+00  3.37973e-09
 3.16000e+01  1.00000e+00  3.34778e-09
 3.16500e+01  1.00000e+00  3.31617e-09
 3.17000e+01  1.00000e+00  3.28491e-09
 3.17500e+01  1.00000e+00  3.25399e-09
 3.18000e+01  1.00000e+00  3.22341e-09
 3.18500e+01  1.00000e+00  3.19317e-09
 3.19000e+01  1.00000e+00  3.16326e-09
 3.19500e+01  1.00000e+00  3.13367e-09
 3.20000e+01  1.00000e+00  3.10441e-09
 3.20500e+01  1.00000e+00  3.07546e-09
 3.21000e+01  1.00000e+00  3.04683e-09
 3.21500e+01  1.00000e+00  3.01851e-09
 3.22000e+01  1.00000e+00  2.99050e-09
 3.22500e+01  1.00000e+00  2.96279e-09
 3.23000e+01  1.00000e+00  2.93538e-09
 3.23500e+01  1.00000e+00  2.90826e-09
 3.24000e+01  1.00000e+00  2.88143e-09
 3.24500e+01  1.00000e+00  2.85490e-09
 3.25000e+01  1.00000e+00  2.82865e-09
 3.25500e+01  1.00000e+00  2.80268e-09
 3.26000e+01  1.00000e+00  2.77698e-09
 3.26500e+01  1.00000e+00  2.75156e-09
 3.27000e+01  1.00000e+00  2.72642e-09
 3.27500e+01  1.00000e+00  2.70154e-09
 3.28000e+01  1.00000e+00  2.67692e-09
 3.28500e+01  1.00000e+00  2.65257e-09
 3.29000e+01  1.00000e+00  2.62847e-09
 3.29500e+01  1.00000e+00  2.60463e-09
 3.30000e+01  1.00000e+00  2.58104e-09
 3.30500e+01  1.00000e+00  2.55770e-09
 3.31000e+01  1.00000e+00  2.53461e-09
 3.31500e+01  1.00000e+00  2.51176e-09
 3.32000e+01  1.00000e+00  2.48915e-09
 3.32500e+01  1.00000e+00  2.46677e-09
 3.33000e+01  1.00000e+00  2.44463e-09
 3.33500e+01  1.00000e+00  2.42272e-09
 3.34000e+01  1.00000e+00  2.40104e-09
 3.34500e+01  1.00000e+00  2.37959e-09
 3.35000e+01  1.00000e+00  2.35836e-09
 3.35500e+01  1.00000e+00  2.33735e-09
 3.36000e+01  1.00000e+00  2.31656e-09
 3.36500e+01  1.00000e+00  2.29598e-09
 3.37000e+01  1.00000e+00  2.27562e-09
 3.37500e+01  1.00000e+00  2.25547e-09
 3.38000e+01  1.00000e+00  2.23552e-09
 3.38500e+01  1.00000e+00  2.21578e-09
 3.39000e+01  1.00000e+00  2.19624e-09
 3.39500e+01  1.00000e+00  2.17691e-09
 3.40000e+01  1.00000e+00  2.15777e-09
 3.40500e+01  1.00000e+00  2.13883e-09
 3.41000e+01  1.00000e+00  2.12008e-09
 3.41500e+01  1.00000e+00  2.10152e-09
 3.42000e+01  1.00000e+00  2.08316e-09
 3.42500e+01  1.00000e+00  2.06498e-09
 3.43000e+01  1.00000e+00  2.04698e-09
 3.43500e+01  1.00000e+00  2.02917e-09
 3.44000e+01  1.00000e+00  2.01154e-09
 3.44500e+01  1.00000e+00  1.99408e-09
 3.45000e+01  1.00000e+00  1.97681e-09
 3.45500e+01  1.00000e+00  1.95970e-09
 3.46000e+01  1.00000e+00  1.94277e-09
 3.46500e+01  1.00000e+00  1.92601e-09
 3.47000e+01  1.00000e+00  1.90942e-09
 3.47500e+01  1.00000e+00  1.89300e-09
 3.48000e+01  1.00000e+00  1.87674e-09
 3.48500e+01  1.00000e+00  1.86064e-09
 3.49000e+01  1.00000e+00  1.84470e-09
 3.49500e+01  1.00000e+00  1.82892e-09
 3.50000e+01  1.00000e+00  1.81330e-09
 3.50500e+01  1.00000e+00  1.79784e-09
 3.51000e+01  1.00000e+00  1.78253e-09
 3.51500e+01  1.00000e+00  1.76737e-09
 3.52000e+01  1.00000e+00  1.75236e-09
 3.52500e+01  1.00000e+00  1.73750e-09
 3.53000e+01  1.00000e+00  1.72278e-09
 3.53500e+01  1.00000e+00  1.70821e-09
 3.54000e+01  1.00000e+00  1.69379e-09
 3.54500e+01  1.00000e+00  1.67950e-09
 3.55000e+01  1.00000e+00  1.66536e-09
 3.55500e+01  1.00000e+00  1.65136e-09
 3.56000e+01  1.00000e+00  1.63749e-09
 3.56500e+01  1.00000e+00  1.62376e-09
 3.57000e+01  1.00000e+00  1.61016e-09
 3.57500e+01  1.00000e+00  1.59670e-09
 3.58000e+01  1.00000e+00  1.58336e-09
 3.58500e+01  1.00000e+00  1.57016e-09
 3.59000e+01  1.00000e+00  1.55708e-09
 3.59500e+01  1.00000e+00  1.54414e-09
 3.60000e+01  1.00000e+00  1.53131e-09
 3.60500e+01  1.00000e+00  1.51861e-09
 3.61000e+01  1.00000e+00  1.50604e-09
 3.61500e+01  1.00000e+00  1.49358e-09
 3.62000e+01  1.00000e+00  1.48125e-09
 3.62500e+01  1.00000e+00  1.46903e-09
 3.63000e+01  1.00000e+00  1.45693e-09
 3.63500e+01  1.00000e+00  1.44495e-09
 3.64000e+01  1.00000e+00  1.43308e-09
 3.64500e+01  1.00000e+00  1.42133e-09
 3.65000e+01  1.00000e+00  1.40968e-09
 3.65500e+01  1.00000e+00  1.39815e-09
 3.66000e+01  1.00000e+00  1.38673e-09
 3.66500e+01  1.00000e+00  1.37542e-09
 3.67000e+01  1.00000e+00  1.36421e-09
 3.67500e+01  1.00000e+00  1.35311e-09
 3.68000e+01  1.00000e+00  1.34212e-09
 3.68500e+01  1.00000e+00  1.33123e-09
 3.69000e+01  1.00000e+00  1.32045e-09
 3.69500e+01  1.00000e+00  1.30976e-09
 3.70000e+01  1.00000e+00  1.29918e-09
 3.70500e+01  1.00000e+00  1.28869e-09
 3.71000e+01  1.00000e+00  1.27831e-09
 3.71500e+01  1.00000e+00  1.26802e-09
 3.72000e+01  1.00000e+00  1.25783e-09
 3.72500e+01  1.00000e+00  1.24773e-09
 3.73000e+01  1.00000e+00  1.23773e-09
 3.73500e+01  1.00000e+00  1.22782e-09
 3.74000e+01  1.00000e+00  1.21801e-09
 3.74500e+01  1.00000e+00  1.20828e-09
 3.75000e+01  1.00000e+00  1.19865e-09
 3.75500e+01  1.00000e+00  1.18910e-09
 3.76000e+01  1.00000e+00  1.17965e-09
 3.76500e+01  1.00000e+00  1.17028e-09
 3.77000e+01  1.00000e+00  1.16100e-09
 3.77500e+01  1.00000e+00  1.15180e-09
 3.78000e+01  1.00000e+00  1.14269e-09
 3.78500e+01  1.00000e+00  1.13366e-09
 3.79000e+01  1.00000e+00  1.12472e-09
 3.79500e+01  1.00000e+00  1.11586e-09
 3.80000e+01  1.00000e+00  1.10708e-09
 3.80500e+01  1.00000e+00  1.09837e-09
 3.81000e+01  1.00000e+00  1.08976e-09
 3.81500e+01  1.00000e+00  1.08121e-09
 3.82000e+01  1.00000e+00  1.07275e-09
 3.82500e+01  1.00000e+00  1.06436e-09
 3.83000e+01  1.00000e+00  1.05605e-09
 3.83500e+01  1.00000e+00  1.04782e-09
 3.84000e+01  1.00000e+00  1.03966e-09
 3.84500e+01  1.00000e+00  1.03157e-09
 3.85000e+01  1.00000e+00  1.02356e-09
 3.85500e+01  1.00000e+00  1.01562e-09
 3.86000e+01  1.00000e+00  1.00775e-09
 3.86500e+01  1.00000e+00  9.99958e-10
 3.87000e+01  1.00000e+00  9.92231e-10
 3.87500e+01  1.00000e+00  9.84574e-10
 3.88000e+01  1.00000e+00  9.76986e-10
 3.88500e+01  1.00000e+00  9.69466e-10
 3.89000e+01  1.00000e+00  9.62013e-10
 3.89500e+01  1.00000e+00  9.54627e-10
 3.90000e+01  1.00000e+00  9.47308e-10
 3.90500e+01  1.00000e+00  9.40054e-10
 3.91000e+01  1.00000e+00  9.32864e-10
 3.91500e+01  1.00000e+00  9.25738e-10
 3.92000e+01  1.00000e+00  9.18676e-10
 3.92500e+01  1.00000e+00  9.11677e-10
 3.93000e+01  1.00000e+00  9.04739e-10
 3.93500e+01  1.00000e+00  8.97864e-10
 3.94000e+01  1.00000e+00  8.91048e-10
 3.94500e+01  1.00000e+00  8.84294e-10
 3.95000e+01  1.00000e+00  8.77599e-10
 3.95500e+01  1.00000e+00  8.70963e-10
 3.96000e+01  1.00000e+00  8.64386e-10
 3.96500e+01  1.00000e+00  8.57866e-10
 3.97000e+01  1.00000e+00  8.51404e-10
 3.97500e+01  1.00000e+00  8.44998e-10
 3.98000e+01  1.00000e+00  8.38650e-10
 3.98500e+01  1.00000e+00  8.32355e-10
 3.99000e+01  1.00000e+00  8.26117e-10
 3.99500e+01  1.00000e+00  8.19932e-10
 4.00000e+01  1.00000e+00  8.13803e-10
 4.00500e+01  1.00000e+00  8.07725e-10
 4.01000e+01  1.00000e+00  8.01701e-10
 4.01500e+01  1.00000e+00  7.95730e-10
 4.02000e+01  1.00000e+00  7.89809e-10
 4.02500e+01  1.00000e+00  7.83941e-10
 4.03000e+01  1.00000e+00  7.78124e-10
 4.03500e+01  1.00000e+00  7.72356e-10
 4.04000e+01  1.00000e+00  7.66638e-10
 4.04500e+01  1.00000e+00  7.60970e-10
 4.05000e+01  1.00000e+00  7.55350e-10
 4.05500e+01  1.00000e+00  7.49780e-10
 4.06000e+01  1.00000e+00  7.44257e-10
 4.06500e+01  1.00000e+00  7.38781e-10
 4.07000e+01  1.00000e+00  7.33352e-10
 4.07500e+01  1.00000e+00  7.27969e-10
 4.08000e+01  1.00000e+00  7.22632e-10
 4.08500e+01  1.00000e+00  7.17342e-10
 4.09000e+01  1.00000e+00  7.12097e-10
 4.09500e+01  1.00000e+00  7.06896e-10
 4.10000e+01  1.00000e+00  7.01739e-10
 4.10500e+01  1.00000e+00  6.96626e-10
 4.11000e+01  1.00000e+00  6.91557e-10
 4.11500e+01  1.00000e+00  6.86530e-10
 4.12000e+01  1.00000e+00  6.81547e-10
 4.12500e+01  1.00000e+00  6.76604e-10
 4.13000e+01  1.00000e+00  6.71705e-10
 4.13500e+01  1.00000e+00  6.66846e-10
 4.14000e+01  1.00000e+00  6.62028e-10
 4.14500e+01  1.00000e+00  6.57251e-10
 4.15000e+01  1.00000e+00  6.52515e-10
 4.15500e+01  1.00000e+00  6.47817e-10
 4.16000e+01  1.00000e+00  6.43160e-10
 4.16500e+01  1.00000e+00  6.38541e-10
 4.17000e+01  1.00000e+00  6.33961e-10
 4.17500e+01  1.00000e+00  6.29419e-10
 4.18000e+01  1.00000e+00  6.24915e-10
 4.18500e+01  1.00000e+00  6.20449e-10
 4.19000e+01  1.00000e+00  6.16020e-10
 4.19500e+01  1.00000e+00  6.11628e-10
 4.20000e+01  1.00000e+00  6.07272e-10
 4.20500e+01  1.00000e+00  6.02952e-10
 4.21000e+01  1.00000e+00  5.98668e-10
 4.21500e+01  1.00000e+00  5.94419e-10
 4.22000e+01  1.00000e+00  5.90207e-10
 4.22500e+01  1.00000e+00  5.86028e-10
 4.23000e+01  1.00000e+00  5.81884e-10
 4.23500e+01  1.00000e+00  5.77774e-10
 4.24000e+01  1.00000e+00  5.73698e-10
 4.24500e+01  1.00000e+00  5.69656e-10
 4.25000e+01  1.00000e+00  5.65646e-10
 4.25500e+01  1.00000e+00  5.61671e-10
 4.26000e+01  1.00000e+00  5.57727e-10
 4.26500e+01  1.00000e+00  5.53815e-10
 4.27000e+01  1.00000e+00  5.49935e-10
 4.27500e+01  1.00000e+00  5.46087e-10
 4.28000e+01  1.00000e+00  5.42271e-10
 4.28500e+01  1.00000e+00  5.38486e-10
 4.29000e+01  1.00000e+00  5.34730e-10
 4.29500e+01  1.00000e+00  5.31006e-10
 4.30000e+01  1.00000e+00  5.27313e-10
 4.30500e+01  1.00000e+00  5.23648e-10
 4.31000e+01  1.00000e+00  5.20014e-10
 4.31500e+01  1.00000e+00  5.16409e-10
 4.32000e+01  1.00000e+00  5.12834e-10
 4.32500e+01  1.00000e+00  5.09286e-10
 4.33000e+01  1.00000e+00  5.05768e-10
 4.33500e+01  1.00000e+00  5.02278e-10
 4.34000e+01  1.00000e+00  4.98816e-10
 4.34500e+01  1.00000e+00  4.95381e-10
 4.35000e+01  1.00000e+00  4.91975e-10
 4.35500e+01  1.00000e+00  4.88595e-10
 4.36000e+01  1.00000e+00  4.85244e-10
 4.36500e+01  1.00000e+00  4.81918e-10
 4.37000e+01  1.00000e+00  4.78620e-10
 4.37500e+01  1.00000e+00  4.75347e-10
 4.38000e+01  1.00000e+00  4.72100e-10
 4.38500e+01  1.00000e+00  4.68879e-10
 4.39000e+01  1.00000e+00  4.65684e-10
 4.39500e+01  1.00000e+00  4.62514e-10
 4.40000e+01  1.00000e+00  4.59370e-10
 4.40500e+01  1.00000e+00  4.56251e-10
 4.41000e+01  1.00000e+00  4.53155e-10
 4.41500e+01  1.00000e+00  4.50085e-10
 4.42000e+01  1.00000e+00  4.47038e-10
 4.42500e+01  1.00000e+00  4.44016e-10
 4.43000e+01  1.00000e+00  4.41018e-10
 4.43500e+01  1.00000e+00  4.38043e-10
 4.44000e+01  1.00000e+00  4.35091e-10
 4.44500e+01  1.00000e+00  4.32164e-10
 4.45000e+01  1.00000e+00  4.29258e-10
 4.45500e+01  1.00000e+00  4.26376e-10
 4.46000e+01  1.00000e+00  4.23515e-10
 4.46500e+01  1.00000e+00  4.20678e-10
 4.47000e+01  1.00000e+00  4.17863e-10
 4.47500e+01  1.00000e+00  4.15069e-10
 4.48000e+01  1.00000e+00  4.12297e-10
 4.48500e+01  1.00000e+00  4.09547e-10
 4.49000e+01  1.00000e+00  4.06818e-10
 4.49500e+01  1.00000e+00  4.04111e-10
 4.50000e+01  1.00000e+00  4.01424e-10
 4.50500e+01  1.00000e+00  3.98759e-10
 4.51000e+01  1.00000e+00  3.96114e-10
 4.51500e+01  1.00000e+00  3.93489e-10
 4.52000e+01  1.00000e+00  3.90884e-10
 4.52500e+01  1.00000e+00  3.88300e-10
 4.53000e+01  1.00000e+00  3.85735e-10
 4.53500e+01  1.00000e+00  3.83191e-10
 4.54000e+01  1.00000e+00  3.80665e-10
 4.54500e+01  1.00000e+00  3.78159e-10
 4.55000e+01  1.00000e+00  3.75674e-10
 4.55500e+01  1.00000e+00  3.73206e-10
 4.56000e+01  1.00000e+00  3.70757e-10
 4.56500e+01  1.00000e+00  3.68328e-10
 4.57000e+01  1.00000e+00  3.65916e-10
 4.57500e+01  1.00000e+00  3.63523e-10
 4.58000e+01  1.00000e+00  3.61149e-10
 4.58500e+01  1.00000e+00  3.58792e-10
 4.59000e+01  1.00000e+00  3.56453e-10
 4.59500e+01  1.00000e+00  3.54132e-10
 4.60000e+01  1.00000e+00  3.51829e-10
 4.60500e+01  1.00000e+00  3.49543e-10
 4.61000e+01  1.00000e+00  3.47275e-10
 4.61500e+01  1.00000e+00  3.45023e-10
 4.62000e+01  1.00000e+00  3.42789e-10
 4.62500e+01  1.00000e+00  3.40572e-10
 4.63000e+01  1.00000e+00  3.38371e-10
 4.63500e+01  1.00000e+00  3.36187e-10
 4.64000e+01  1.00000e+00  3.34018e-10
 4.64500e+01  1.00000e+00  3.31867e-10
 4.65000e+01  1.00000e+00  3.29732e-10
 4.65500e+01  1.00000e+00  3.27613e-10
 4.66000e+01  1.00000e+00  3.25509e-10
 4.66500e+01  1.00000e+00  3.23421e-10
 4.67000e+01  1.00000e+00  3.21349e-10
 4.67500e+01  1.00000e+00  3.19293e-10
 4.68000e+01  1.00000e+00  3.17251e-10
 4.68500e+01  1.00000e+00  3.15225e-10
 4.69000e+01  1.00000e+00  3.13214e-10
 4.69500e+01  1.00000e+00  3.11218e-10
 4.70000e+01  1.00000e+00  3.09237e-10
 4.70500e+01  1.00000e+00  3.07271e-10
 4.71000e+01  1.00000e+00  3.05318e-10
 4.71500e+01  1.00000e+00  3.03381e-10
 4.72000e+01  1.00000e+00  3.01458e-10
 4.72500e+01  1.00000e+00  2.99549e-10
 4.73000e+01  1.00000e+00  2.97654e-10
 4.73500e+01  1.00000e+00  2.95773e-10
 4.74000e+01  1.00000e+00  2.93906e-10
 4.74500e+01  1.00000e+00  2.92053e-10
 4.75000e+01  1.00000e+00  2.90214e-10
 4.75500e+01  1.00000e+00  2.88387e-10
 4.76000e+01  1.00000e+00  2.86574e-10
 4.76500e+01  1.00000e+00  2.84774e-10
 4.77000e+01  1.00000e+00  2.82988e-10
 4.77500e+01  1.00000e+00  2.81215e-10
 4.78000e+01  1.00000e+00  2.79454e-10
 4.78500e+01  1.00000e+00  2.77707e-10
 4.79000e+01  1.00000e+00  2.75972e-10
 4.79500e+01  1.00000e+00  2.74250e-10
 4.80000e+01  1.00000e+00  2.72541e-10
 4.80500e+01  1.00000e+00  2.70844e-10
 4.81000e+01  1.00000e+00  2.69158e-10
 4.81500e+01  1.00000e+00  2.67486e-10
 4.82000e+01  1.00000e+00  2.65825e-10
 4.82500e+01  1.00000e+00  2.64176e-10
 4.83000e+01  1.00000e+00  2.62541e-10
 4.83500e+01  1.00000e+00  2.60916e-10
 4.84000e+01  1.00000e+00  2.59302e-10
 4.84500e+01  1.00000e+00  2.57701e-10
 4.85000e+01  1.00000e+00  2.56111e-10
 4.85500e+01  1.00000e+00  2.54532e-10
 4.86000e+01  1.00000e+00  2.52966e-10
 4.86500e+01  1.00000e+00  2.51409e-10
 4.87000e+01  1.00000e+00  2.49865e-10
 4.87500e+01  1.00000e+00  2.48332e-10
 4.88000e+01  1.00000e+00  2.46808e-10
 4.88500e+01  1.00000e+00  2.45296e-10
 4.89000e+01  1.00000e+00  2.43796e-10
 4.89500e+01  1.00000e+00  2.42305e-10
 4.90000e+01  1.00000e+00  2.40825e-10
 4.90500e+01  1.00000e+00  2.39356e-10
 4.91000e+01  1.00000e+00  2.37898e-10
 4.91500e+01  1.00000e+00  2.36449e-10
 4.92000e+01  1.00000e+00  2.35011e-10
 4.92500e+01  1.00000e+00  2.33583e-10
 4.93000e+01  1.00000e+00  2.32165e-10
 4.93500e+01  1.00000e+00  2.30757e-10
 4.94000e+01  1.00000e+00  2.29359e-10
 4.94500e+01  1.00000e+00  2.27971e-10
 4.95000e+01  1.00000e+00  2.26593e-10
 4.95500e+01  1.00000e+00  2.25225e-10
 4.96000e+01  1.00000e+00  2.23866e-10
 4.96500e+01  1.00000e+00  2.22517e-10
 4.97000e+01  1.00000e+00  2.21177e-10
 4.97500e+01  1.00000e+00  2.19847e-10
 4.98000e+01  1.00000e+00  2.18526e-10
 4.98500e+01  1.00000e+00  2.17214e-10
 4.99000e+01  1.00000e+00  2.15911e-10
 4.99500e+01  1.00000e+00  2.14618e-10
 5.00000e+01  1.00000e+00  2.13334e-10
