 r[σ]         g_ii         c_ii        
 1.00000e-02  0.00000e+00 -1.25416e+01
 2.00000e-02  0.00000e+00 -1.25245e+01
 3.00000e-02  1.77636e-15 -1.24962e+01
 4.00000e-02  2.84217e-14 -1.24571e+01
 5.00000e-02  0.00000e+00 -1.24075e+01
 6.00000e-02  2.66454e-14 -1.23478e+01
 7.00000e-02  0.00000e+00 -1.22788e+01
 8.00000e-02  0.00000e+00 -1.22010e+01
 9.00000e-02  0.00000e+00 -1.21150e+01
 1.00000e-01  1.59872e-14 -1.20215e+01
 1.10000e-01  0.00000e+00 -1.19212e+01
 1.20000e-01  3.55271e-15 -1.18147e+01
 1.30000e-01  0.00000e+00 -1.17027e+01
 1.40000e-01  1.77636e-15 -1.15857e+01
 1.50000e-01  0.00000e+00 -1.14644e+01
 1.60000e-01  0.00000e+00 -1.13392e+01
 1.70000e-01  0.00000e+00 -1.12107e+01
 1.80000e-01  1.06581e-14 -1.10794e+01
 1.90000e-01  0.00000e+00 -1.09456e+01
 2.00000e-01  1.77636e-15 -1.08097e+01
 2.10000e-01  0.00000e+00 -1.06720e+01
 2.20000e-01  1.77636e-15 -1.05330e+01
 2.30000e-01  0.00000e+00 -1.03928e+01
 2.40000e-01  0.00000e+00 -1.02517e+01
 2.50000e-01  0.00000e+00 -1.01099e+01
 2.60000e-01  0.00000e+00 -9.96760e+00
 2.70000e-01  0.00000e+00 -9.82502e+00
 2.80000e-01  0.00000e+00 -9.68230e+00
 2.90000e-01  0.00000e+00 -9.53957e+00
 3.00000e-01  1.77636e-15 -9.39696e+00
 3.10000e-01  2.13163e-14 -9.25457e+00
 3.20000e-01  0.00000e+00 -9.11250e+00
 3.30000e-01  0.00000e+00 -8.97084e+00
 3.40000e-01  1.77636e-15 -8.82967e+00
 3.50000e-01  0.00000e+00 -8.68906e+00
 3.60000e-01  8.88178e-16 -8.54905e+00
 3.70000e-01  0.00000e+00 -8.40972e+00
 3.80000e-01  0.00000e+00 -8.27110e+00
 3.90000e-01  0.00000e+00 -8.13325e+00
 4.00000e-01  0.00000e+00 -7.99619e+00
 4.10000e-01  0.00000e+00 -7.85996e+00
 4.20000e-01  0.00000e+00 -7.72460e+00
 4.30000e-01  0.00000e+00 -7.59014e+00
 4.40000e-01  0.00000e+00 -7.45659e+00
 4.50000e-01  0.00000e+00 -7.32399e+00
 4.60000e-01  0.00000e+00 -7.19235e+00
 4.70000e-01  0.00000e+00 -7.06170e+00
 4.80000e-01  4.44089e-15 -6.93206e+00
 4.90000e-01  0.00000e+00 -6.80343e+00
 5.00000e-01  0.00000e+00 -6.67585e+00
 5.10000e-01  0.00000e+00 -6.54931e+00
 5.20000e-01  0.00000e+00 -6.42385e+00
 5.30000e-01  0.00000e+00 -6.29948e+00
 5.40000e-01  0.00000e+00 -6.17620e+00
 5.50000e-01  0.00000e+00 -6.05403e+00
 5.60000e-01  0.00000e+00 -5.93299e+00
 5.70000e-01  0.00000e+00 -5.81309e+00
 5.80000e-01  0.00000e+00 -5.69434e+00
 5.90000e-01  0.00000e+00 -5.57675e+00
 6.00000e-01  0.00000e+00 -5.46034e+00
 6.10000e-01  0.00000e+00 -5.34513e+00
 6.20000e-01  0.00000e+00 -5.23111e+00
 6.30000e-01  0.00000e+00 -5.11831e+00
 6.40000e-01  0.00000e+00 -5.00675e+00
 6.50000e-01  0.00000e+00 -4.89642e+00
 6.60000e-01  0.00000e+00 -4.78735e+00
 6.70000e-01  0.00000e+00 -4.67955e+00
 6.80000e-01  1.77636e-15 -4.57303e+00
 6.90000e-01  0.00000e+00 -4.46781e+00
 7.00000e-01  0.00000e+00 -4.36390e+00
 7.10000e-01  0.00000e+00 -4.26132e+00
 7.20000e-01  0.00000e+00 -4.16007e+00
 7.30000e-01  5.31575e-13 -4.06018e+00
 7.40000e-01  6.73652e-11 -3.96166e+00
 7.50000e-01  3.72324e-09 -3.86452e+00
 7.60000e-01  1.05375e-07 -3.76878e+00
 7.70000e-01  1.71433e-06 -3.67446e+00
 7.80000e-01  1.76237e-05 -3.58155e+00
 7.90000e-01  1.23732e-04 -3.48999e+00
 8.00000e-01  6.32416e-04 -3.39949e+00
 8.10000e-01  2.48053e-03 -3.30912e+00
 8.20000e-01  7.79863e-03 -3.21678e+00
 8.30000e-01  2.03744e-02 -3.11868e+00
 8.40000e-01  4.55760e-02 -3.00948e+00
 8.50000e-01  8.94908e-02 -2.88310e+00
 8.60000e-01  1.57475e-01 -2.73420e+00
 8.70000e-01  2.52666e-01 -2.55965e+00
 8.80000e-01  3.75030e-01 -2.35951e+00
 8.90000e-01  5.21229e-01 -2.13712e+00
 9.00000e-01  6.85247e-01 -1.89852e+00
 9.10000e-01  8.59471e-01 -1.65131e+00
 9.20000e-01  1.03587e+00 -1.40356e+00
 9.30000e-01  1.20696e+00 -1.16273e+00
 9.40000e-01  1.36656e+00 -9.35052e-01
 9.50000e-01  1.51001e+00 -7.25148e-01
 9.60000e-01  1.63435e+00 -5.36010e-01
 9.70000e-01  1.73808e+00 -3.69130e-01
 9.80000e-01  1.82097e+00 -2.24751e-01
 9.90000e-01  1.88371e+00 -1.02166e-01
 1.00000e+00  1.92769e+00 -1.39554e-15
 1.01000e+00  1.95469e+00  8.35372e-02
 1.02000e+00  1.96672e+00  1.50450e-01
 1.03000e+00  1.96582e+00  2.02804e-01
 1.04000e+00  1.95401e+00  2.42614e-01
 1.05000e+00  1.93318e+00  2.71774e-01
 1.06000e+00  1.90504e+00  2.92017e-01
 1.07000e+00  1.87113e+00  3.04889e-01
 1.08000e+00  1.83279e+00  3.11750e-01
 1.09000e+00  1.79119e+00  3.13775e-01
 1.10000e+00  1.74731e+00  3.11969e-01
 1.11000e+00  1.70199e+00  3.07180e-01
 1.12000e+00  1.65591e+00  3.00117e-01
 1.13000e+00  1.60964e+00  2.91369e-01
 1.14000e+00  1.56364e+00  2.81418e-01
 1.15000e+00  1.51828e+00  2.70656e-01
 1.16000e+00  1.47386e+00  2.59399e-01
 1.17000e+00  1.43061e+00  2.47899e-01
 1.18000e+00  1.38869e+00  2.36354e-01
 1.19000e+00  1.34824e+00  2.24918e-01
 1.20000e+00  1.30934e+00  2.13710e-01
 1.21000e+00  1.27207e+00  2.02815e-01
 1.22000e+00  1.23645e+00  1.92299e-01
 1.23000e+00  1.20250e+00  1.82204e-01
 1.24000e+00  1.17023e+00  1.72558e-01
 1.25000e+00  1.13962e+00  1.63378e-01
 1.26000e+00  1.11066e+00  1.54669e-01
 1.27000e+00  1.08330e+00  1.46430e-01
 1.28000e+00  1.05753e+00  1.38653e-01
 1.29000e+00  1.03329e+00  1.31327e-01
 1.30000e+00  1.01055e+00  1.24435e-01
 1.31000e+00  9.89262e-01  1.17961e-01
 1.32000e+00  9.69382e-01  1.11887e-01
 1.33000e+00  9.50863e-01  1.06193e-01
 1.34000e+00  9.33659e-01  1.00858e-01
 1.35000e+00  9.17723e-01  9.58623e-02
 1.36000e+00  9.03012e-01  9.11866e-02
 1.37000e+00  8.89479e-01  8.68113e-02
 1.38000e+00  8.77082e-01  8.27176e-02
 1.39000e+00  8.65777e-01  7.88873e-02
 1.40000e+00  8.55524e-01  7.53033e-02
 1.41000e+00  8.46282e-01  7.19491e-02
 1.42000e+00  8.38013e-01  6.88091e-02
 1.43000e+00  8.30680e-01  6.58686e-02
 1.44000e+00  8.24246e-01  6.31138e-02
 1.45000e+00  8.18676e-01  6.05317e-02
 1.46000e+00  8.13939e-01  5.81101e-02
 1.47000e+00  8.10000e-01  5.58377e-02
 1.48000e+00  8.06830e-01  5.37038e-02
 1.49000e+00  8.04399e-01  5.16985e-02
 1.50000e+00  8.02678e-01  4.98127e-02
 1.51000e+00  8.01641e-01  4.80378e-02
 1.52000e+00  8.01261e-01  4.63659e-02
 1.53000e+00  8.01513e-01  4.47895e-02
 1.54000e+00  8.02373e-01  4.33019e-02
 1.55000e+00  8.03818e-01  4.18968e-02
 1.56000e+00  8.05826e-01  4.05683e-02
 1.57000e+00  8.08377e-01  3.93109e-02
 1.58000e+00  8.11449e-01  3.81197e-02
 1.59000e+00  8.15023e-01  3.69900e-02
 1.60000e+00  8.19081e-01  3.59176e-02
 1.61000e+00  8.23606e-01  3.48984e-02
 1.62000e+00  8.28580e-01  3.39289e-02
 1.63000e+00  8.33987e-01  3.30057e-02
 1.64000e+00  8.39812e-01  3.21256e-02
 1.65000e+00  8.46040e-01  3.12858e-02
 1.66000e+00  8.52656e-01  3.04836e-02
 1.67000e+00  8.59647e-01  2.97165e-02
 1.68000e+00  8.67000e-01  2.89822e-02
 1.69000e+00  8.74701e-01  2.82787e-02
 1.70000e+00  8.82737e-01  2.76040e-02
 1.71000e+00  8.91094e-01  2.69561e-02
 1.72000e+00  8.99756e-01  2.63333e-02
 1.73000e+00  9.08708e-01  2.57338e-02
 1.74000e+00  9.17928e-01  2.51562e-02
 1.75000e+00  9.27393e-01  2.45987e-02
 1.76000e+00  9.37076e-01  2.40597e-02
 1.77000e+00  9.46943e-01  2.35376e-02
 1.78000e+00  9.56956e-01  2.30308e-02
 1.79000e+00  9.67070e-01  2.25378e-02
 1.80000e+00  9.77235e-01  2.20570e-02
 1.81000e+00  9.87396e-01  2.15868e-02
 1.82000e+00  9.97491e-01  2.11258e-02
 1.83000e+00  1.00746e+00  2.06727e-02
 1.84000e+00  1.01723e+00  2.02260e-02
 1.85000e+00  1.02674e+00  1.97848e-02
 1.86000e+00  1.03592e+00  1.93480e-02
 1.87000e+00  1.04471e+00  1.89147e-02
 1.88000e+00  1.05305e+00  1.84843e-02
 1.89000e+00  1.06088e+00  1.80563e-02
 1.90000e+00  1.06815e+00  1.76304e-02
 1.91000e+00  1.07482e+00  1.72063e-02
 1.92000e+00  1.08086e+00  1.67842e-02
 1.93000e+00  1.08622e+00  1.63639e-02
 1.94000e+00  1.09091e+00  1.59459e-02
 1.95000e+00  1.09489e+00  1.55304e-02
 1.96000e+00  1.09817e+00  1.51178e-02
 1.97000e+00  1.10076e+00  1.47086e-02
 1.98000e+00  1.10265e+00  1.43033e-02
 1.99000e+00  1.10386e+00  1.39023e-02
 2.00000e+00  1.10443e+00  1.35064e-02
 2.01000e+00  1.10436e+00  1.31158e-02
 2.02000e+00  1.10369e+00  1.27313e-02
 2.03000e+00  1.10246e+00  1.23533e-02
 2.04000e+00  1.10070e+00  1.19821e-02
 2.05000e+00  1.09844e+00  1.16184e-02
 2.06000e+00  1.09573e+00  1.12624e-02
 2.07000e+00  1.09261e+00  1.09144e-02
 2.08000e+00  1.08912e+00  1.05748e-02
 2.09000e+00  1.08529e+00  1.02437e-02
 2.10000e+00  1.08117e+00  9.92146e-03
 2.11000e+00  1.07680e+00  9.60811e-03
 2.12000e+00  1.07222e+00  9.30376e-03
 2.13000e+00  1.06747e+00  9.00848e-03
 2.14000e+00  1.06257e+00  8.72229e-03
 2.15000e+00  1.05757e+00  8.44516e-03
 2.16000e+00  1.05249e+00  8.17705e-03
 2.17000e+00  1.04738e+00  7.91788e-03
 2.18000e+00  1.04225e+00  7.66754e-03
 2.19000e+00  1.03714e+00  7.42590e-03
 2.20000e+00  1.03207e+00  7.19279e-03
 2.21000e+00  1.02706e+00  6.96807e-03
 2.22000e+00  1.02214e+00  6.75152e-03
 2.23000e+00  1.01733e+00  6.54297e-03
 2.24000e+00  1.01264e+00  6.34220e-03
 2.25000e+00  1.00808e+00  6.14898e-03
 2.26000e+00  1.00369e+00  5.96311e-03
 2.27000e+00  9.99457e-01  5.78433e-03
 2.28000e+00  9.95406e-01  5.61243e-03
 2.29000e+00  9.91543e-01  5.44717e-03
 2.30000e+00  9.87878e-01  5.28832e-03
 2.31000e+00  9.84417e-01  5.13563e-03
 2.32000e+00  9.81166e-01  4.98889e-03
 2.33000e+00  9.78129e-01  4.84785e-03
 2.34000e+00  9.75310e-01  4.71230e-03
 2.35000e+00  9.72712e-01  4.58201e-03
 2.36000e+00  9.70336e-01  4.45677e-03
 2.37000e+00  9.68182e-01  4.33636e-03
 2.38000e+00  9.66250e-01  4.22057e-03
 2.39000e+00  9.64538e-01  4.10921e-03
 2.40000e+00  9.63045e-01  4.00209e-03
 2.41000e+00  9.61768e-01  3.89901e-03
 2.42000e+00  9.60702e-01  3.79978e-03
 2.43000e+00  9.59845e-01  3.70425e-03
 2.44000e+00  9.59192e-01  3.61222e-03
 2.45000e+00  9.58737e-01  3.52356e-03
 2.46000e+00  9.58476e-01  3.43808e-03
 2.47000e+00  9.58401e-01  3.35566e-03
 2.48000e+00  9.58507e-01  3.27613e-03
 2.49000e+00  9.58786e-01  3.19937e-03
 2.50000e+00  9.59233e-01  3.12524e-03
 2.51000e+00  9.59838e-01  3.05361e-03
 2.52000e+00  9.60595e-01  2.98437e-03
 2.53000e+00  9.61496e-01  2.91740e-03
 2.54000e+00  9.62532e-01  2.85258e-03
 2.55000e+00  9.63696e-01  2.78983e-03
 2.56000e+00  9.64979e-01  2.72903e-03
 2.57000e+00  9.66372e-01  2.67009e-03
 2.58000e+00  9.67867e-01  2.61292e-03
 2.59000e+00  9.69455e-01  2.55743e-03
 2.60000e+00  9.71126e-01  2.50355e-03
 2.61000e+00  9.72873e-01  2.45120e-03
 2.62000e+00  9.74685e-01  2.40031e-03
 2.63000e+00  9.76555e-01  2.35079e-03
 2.64000e+00  9.78473e-01  2.30260e-03
 2.65000e+00  9.80430e-01  2.25567e-03
 2.66000e+00  9.82416e-01  2.20993e-03
 2.67000e+00  9.84424e-01  2.16534e-03
 2.68000e+00  9.86444e-01  2.12184e-03
 2.69000e+00  9.88468e-01  2.07938e-03
 2.70000e+00  9.90486e-01  2.03792e-03
 2.71000e+00  9.92491e-01  1.99740e-03
 2.72000e+00  9.94473e-01  1.95780e-03
 2.73000e+00  9.96425e-01  1.91907e-03
 2.74000e+00  9.98339e-01  1.88117e-03
 2.75000e+00  1.00021e+00  1.84407e-03
 2.76000e+00  1.00202e+00  1.80775e-03
 2.77000e+00  1.00378e+00  1.77216e-03
 2.78000e+00  1.00547e+00  1.73728e-03
 2.79000e+00  1.00708e+00  1.70310e-03
 2.80000e+00  1.00862e+00  1.66957e-03
 2.81000e+00  1.01007e+00  1.63669e-03
 2.82000e+00  1.01143e+00  1.60444e-03
 2.83000e+00  1.01270e+00  1.57278e-03
 2.84000e+00  1.01387e+00  1.54172e-03
 2.85000e+00  1.01494e+00  1.51122e-03
 2.86000e+00  1.01591e+00  1.48129e-03
 2.87000e+00  1.01678e+00  1.45190e-03
 2.88000e+00  1.01754e+00  1.42305e-03
 2.89000e+00  1.01819e+00  1.39472e-03
 2.90000e+00  1.01873e+00  1.36691e-03
 2.91000e+00  1.01917e+00  1.33960e-03
 2.92000e+00  1.01950e+00  1.31280e-03
 2.93000e+00  1.01973e+00  1.28649e-03
 2.94000e+00  1.01985e+00  1.26067e-03
 2.95000e+00  1.01987e+00  1.23533e-03
 2.96000e+00  1.01980e+00  1.21046e-03
 2.97000e+00  1.01964e+00  1.18607e-03
 2.98000e+00  1.01938e+00  1.16214e-03
 2.99000e+00  1.01904e+00  1.13868e-03
 3.00000e+00  1.01861e+00  1.11568e-03
 3.01000e+00  1.01811e+00  1.09313e-03
 3.02000e+00  1.01754e+00  1.07103e-03
 3.03000e+00  1.01691e+00  1.04937e-03
 3.04000e+00  1.01621e+00  1.02816e-03
 3.05000e+00  1.01545e+00  1.00739e-03
 3.06000e+00  1.01465e+00  9.87047e-04
 3.07000e+00  1.01380e+00  9.67136e-04
 3.08000e+00  1.01292e+00  9.47650e-04
 3.09000e+00  1.01200e+00  9.28585e-04
 3.10000e+00  1.01106e+00  9.09934e-04
 3.11000e+00  1.01009e+00  8.91693e-04
 3.12000e+00  1.00911e+00  8.73857e-04
 3.13000e+00  1.00811e+00  8.56420e-04
 3.14000e+00  1.00712e+00  8.39376e-04
 3.15000e+00  1.00612e+00  8.22720e-04
 3.16000e+00  1.00512e+00  8.06446e-04
 3.17000e+00  1.00414e+00  7.90547e-04
 3.18000e+00  1.00316e+00  7.75016e-04
 3.19000e+00  1.00221e+00  7.59848e-04
 3.20000e+00  1.00127e+00  7.45036e-04
 3.21000e+00  1.00037e+00  7.30572e-04
 3.22000e+00  9.99487e-01  7.16451e-04
 3.23000e+00  9.98639e-01  7.02664e-04
 3.24000e+00  9.97826e-01  6.89206e-04
 3.25000e+00  9.97049e-01  6.76068e-04
 3.26000e+00  9.96312e-01  6.63244e-04
 3.27000e+00  9.95617e-01  6.50726e-04
 3.28000e+00  9.94965e-01  6.38508e-04
 3.29000e+00  9.94358e-01  6.26582e-04
 3.30000e+00  9.93797e-01  6.14941e-04
 3.31000e+00  9.93283e-01  6.03577e-04
 3.32000e+00  9.92817e-01  5.92484e-04
 3.33000e+00  9.92399e-01  5.81654e-04
 3.34000e+00  9.92030e-01  5.71081e-04
 3.35000e+00  9.91709e-01  5.60758e-04
 3.36000e+00  9.91437e-01  5.50677e-04
 3.37000e+00  9.91213e-01  5.40832e-04
 3.38000e+00  9.91036e-01  5.31217e-04
 3.39000e+00  9.90907e-01  5.21824e-04
 3.40000e+00  9.90823e-01  5.12647e-04
 3.41000e+00  9.90783e-01  5.03681e-04
 3.42000e+00  9.90787e-01  4.94919e-04
 3.43000e+00  9.90833e-01  4.86354e-04
 3.44000e+00  9.90920e-01  4.77981e-04
 3.45000e+00  9.91045e-01  4.69795e-04
 3.46000e+00  9.91207e-01  4.61789e-04
 3.47000e+00  9.91403e-01  4.53958e-04
 3.48000e+00  9.91633e-01  4.46296e-04
 3.49000e+00  9.91894e-01  4.38800e-04
 3.50000e+00  9.92184e-01  4.31463e-04
 3.51000e+00  9.92501e-01  4.24280e-04
 3.52000e+00  9.92841e-01  4.17248e-04
 3.53000e+00  9.93204e-01  4.10361e-04
 3.54000e+00  9.93587e-01  4.03615e-04
 3.55000e+00  9.93988e-01  3.97006e-04
 3.56000e+00  9.94403e-01  3.90529e-04
 3.57000e+00  9.94831e-01  3.84182e-04
 3.58000e+00  9.95270e-01  3.77958e-04
 3.59000e+00  9.95718e-01  3.71857e-04
 3.60000e+00  9.96171e-01  3.65872e-04
 3.61000e+00  9.96628e-01  3.60002e-04
 3.62000e+00  9.97087e-01  3.54243e-04
 3.63000e+00  9.97545e-01  3.48592e-04
 3.64000e+00  9.98001e-01  3.43045e-04
 3.65000e+00  9.98452e-01  3.37600e-04
 3.66000e+00  9.98897e-01  3.32255e-04
 3.67000e+00  9.99333e-01  3.27006e-04
 3.68000e+00  9.99760e-01  3.21850e-04
 3.69000e+00  1.00017e+00  3.16787e-04
 3.70000e+00  1.00058e+00  3.11812e-04
 3.71000e+00  1.00096e+00  3.06925e-04
 3.72000e+00  1.00134e+00  3.02122e-04
 3.73000e+00  1.00169e+00  2.97402e-04
 3.74000e+00  1.00202e+00  2.92763e-04
 3.75000e+00  1.00234e+00  2.88204e-04
 3.76000e+00  1.00264e+00  2.83721e-04
 3.77000e+00  1.00291e+00  2.79314e-04
 3.78000e+00  1.00317e+00  2.74982e-04
 3.79000e+00  1.00340e+00  2.70721e-04
 3.80000e+00  1.00361e+00  2.66532e-04
 3.81000e+00  1.00379e+00  2.62413e-04
 3.82000e+00  1.00395e+00  2.58362e-04
 3.83000e+00  1.00409e+00  2.54378e-04
 3.84000e+00  1.00421e+00  2.50460e-04
 3.85000e+00  1.00430e+00  2.46606e-04
 3.86000e+00  1.00437e+00  2.42816e-04
 3.87000e+00  1.00442e+00  2.39089e-04
 3.88000e+00  1.00445e+00  2.35423e-04
 3.89000e+00  1.00445e+00  2.31818e-04
 3.90000e+00  1.00444e+00  2.28272e-04
 3.91000e+00  1.00440e+00  2.24784e-04
 3.92000e+00  1.00434e+00  2.21354e-04
 3.93000e+00  1.00427e+00  2.17982e-04
 3.94000e+00  1.00418e+00  2.14665e-04
 3.95000e+00  1.00407e+00  2.11403e-04
 3.96000e+00  1.00394e+00  2.08195e-04
 3.97000e+00  1.00380e+00  2.05041e-04
 3.98000e+00  1.00365e+00  2.01940e-04
 3.99000e+00  1.00349e+00  1.98890e-04
 4.00000e+00  1.00331e+00  1.95892e-04
 4.01000e+00  1.00312e+00  1.92944e-04
 4.02000e+00  1.00293e+00  1.90046e-04
 4.03000e+00  1.00273e+00  1.87197e-04
 4.04000e+00  1.00252e+00  1.84397e-04
 4.05000e+00  1.00230e+00  1.81644e-04
 4.06000e+00  1.00208e+00  1.78937e-04
 4.07000e+00  1.00186e+00  1.76277e-04
 4.08000e+00  1.00164e+00  1.73663e-04
 4.09000e+00  1.00141e+00  1.71093e-04
 4.10000e+00  1.00119e+00  1.68567e-04
 4.11000e+00  1.00096e+00  1.66085e-04
 4.12000e+00  1.00074e+00  1.63646e-04
 4.13000e+00  1.00052e+00  1.61248e-04
 4.14000e+00  1.00031e+00  1.58892e-04
 4.15000e+00  1.00010e+00  1.56576e-04
 4.16000e+00  9.99899e-01  1.54301e-04
 4.17000e+00  9.99703e-01  1.52065e-04
 4.18000e+00  9.99514e-01  1.49867e-04
 4.19000e+00  9.99333e-01  1.47708e-04
 4.20000e+00  9.99161e-01  1.45586e-04
 4.21000e+00  9.98998e-01  1.43500e-04
 4.22000e+00  9.98845e-01  1.41451e-04
 4.23000e+00  9.98702e-01  1.39437e-04
 4.24000e+00  9.98569e-01  1.37457e-04
 4.25000e+00  9.98447e-01  1.35512e-04
 4.26000e+00  9.98335e-01  1.33600e-04
 4.27000e+00  9.98235e-01  1.31721e-04
 4.28000e+00  9.98146e-01  1.29874e-04
 4.29000e+00  9.98068e-01  1.28059e-04
 4.30000e+00  9.98001e-01  1.26274e-04
 4.31000e+00  9.97946e-01  1.24520e-04
 4.32000e+00  9.97902e-01  1.22795e-04
 4.33000e+00  9.97869e-01  1.21100e-04
 4.34000e+00  9.97847e-01  1.19433e-04
 4.35000e+00  9.97835e-01  1.17794e-04
 4.36000e+00  9.97834e-01  1.16183e-04
 4.37000e+00  9.97843e-01  1.14598e-04
 4.38000e+00  9.97861e-01  1.13039e-04
 4.39000e+00  9.97889e-01  1.11506e-04
 4.40000e+00  9.97925e-01  1.09999e-04
 4.41000e+00  9.97971e-01  1.08516e-04
 4.42000e+00  9.98024e-01  1.07057e-04
 4.43000e+00  9.98084e-01  1.05622e-04
 4.44000e+00  9.98152e-01  1.04210e-04
 4.45000e+00  9.98226e-01  1.02821e-04
 4.46000e+00  9.98306e-01  1.01454e-04
 4.47000e+00  9.98392e-01  1.00108e-04
 4.48000e+00  9.98482e-01  9.87841e-05
 4.49000e+00  9.98577e-01  9.74809e-05
 4.50000e+00  9.98676e-01  9.61980e-05
 4.51000e+00  9.98777e-01  9.49352e-05
 4.52000e+00  9.98881e-01  9.36919e-05
 4.53000e+00  9.98988e-01  9.24678e-05
 4.54000e+00  9.99096e-01  9.12625e-05
 4.55000e+00  9.99204e-01  9.00757e-05
 4.56000e+00  9.99314e-01  8.89068e-05
 4.57000e+00  9.99423e-01  8.77557e-05
 4.58000e+00  9.99531e-01  8.66219e-05
 4.59000e+00  9.99639e-01  8.55051e-05
 4.60000e+00  9.99745e-01  8.44050e-05
 4.61000e+00  9.99849e-01  8.33212e-05
 4.62000e+00  9.99951e-01  8.22535e-05
 4.63000e+00  1.00005e+00  8.12015e-05
 4.64000e+00  1.00015e+00  8.01649e-05
 4.65000e+00  1.00024e+00  7.91435e-05
 4.66000e+00  1.00033e+00  7.81370e-05
 4.67000e+00  1.00041e+00  7.71451e-05
 4.68000e+00  1.00049e+00  7.61676e-05
 4.69000e+00  1.00057e+00  7.52041e-05
 4.70000e+00  1.00064e+00  7.42545e-05
 4.71000e+00  1.00070e+00  7.33185e-05
 4.72000e+00  1.00076e+00  7.23959e-05
 4.73000e+00  1.00082e+00  7.14865e-05
 4.74000e+00  1.00087e+00  7.05900e-05
 4.75000e+00  1.00091e+00  6.97062e-05
 4.76000e+00  1.00095e+00  6.88349e-05
 4.77000e+00  1.00098e+00  6.79759e-05
 4.78000e+00  1.00101e+00  6.71291e-05
 4.79000e+00  1.00103e+00  6.62942e-05
 4.80000e+00  1.00105e+00  6.54710e-05
 4.81000e+00  1.00106e+00  6.46594e-05
 4.82000e+00  1.00107e+00  6.38591e-05
 4.83000e+00  1.00107e+00  6.30701e-05
 4.84000e+00  1.00107e+00  6.22921e-05
 4.85000e+00  1.00106e+00  6.15250e-05
 4.86000e+00  1.00104e+00  6.07686e-05
 4.87000e+00  1.00103e+00  6.00228e-05
 4.88000e+00  1.00100e+00  5.92873e-05
 4.89000e+00  1.00098e+00  5.85621e-05
 4.90000e+00  1.00095e+00  5.78471e-05
 4.91000e+00  1.00092e+00  5.71419e-05
 4.92000e+00  1.00088e+00  5.64466e-05
 4.93000e+00  1.00084e+00  5.57610e-05
 4.94000e+00  1.00080e+00  5.50849e-05
 4.95000e+00  1.00075e+00  5.44182e-05
 4.96000e+00  1.00071e+00  5.37608e-05
 4.97000e+00  1.00066e+00  5.31125e-05
 4.98000e+00  1.00061e+00  5.24732e-05
 4.99000e+00  1.00055e+00  5.18428e-05
 5.00000e+00  1.00050e+00  5.12211e-05
 5.01000e+00  1.00045e+00  5.06081e-05
 5.02000e+00  1.00039e+00  5.00036e-05
 5.03000e+00  1.00034e+00  4.94074e-05
 5.04000e+00  1.00029e+00  4.88196e-05
 5.05000e+00  1.00023e+00  4.82399e-05
 5.06000e+00  1.00018e+00  4.76682e-05
 5.07000e+00  1.00013e+00  4.71044e-05
 5.08000e+00  1.00007e+00  4.65484e-05
 5.09000e+00  1.00002e+00  4.60001e-05
 5.10000e+00  9.99975e-01  4.54594e-05
 5.11000e+00  9.99927e-01  4.49261e-05
 5.12000e+00  9.99881e-01  4.44002e-05
 5.13000e+00  9.99837e-01  4.38815e-05
 5.14000e+00  9.99795e-01  4.33700e-05
 5.15000e+00  9.99755e-01  4.28655e-05
 5.16000e+00  9.99718e-01  4.23679e-05
 5.17000e+00  9.99683e-01  4.18771e-05
 5.18000e+00  9.99650e-01  4.13931e-05
 5.19000e+00  9.99620e-01  4.09157e-05
 5.20000e+00  9.99593e-01  4.04448e-05
 5.21000e+00  9.99568e-01  3.99803e-05
 5.22000e+00  9.99546e-01  3.95221e-05
 5.23000e+00  9.99527e-01  3.90701e-05
 5.24000e+00  9.99510e-01  3.86243e-05
 5.25000e+00  9.99496e-01  3.81844e-05
 5.26000e+00  9.99485e-01  3.77505e-05
 5.27000e+00  9.99477e-01  3.73225e-05
 5.28000e+00  9.99471e-01  3.69002e-05
 5.29000e+00  9.99468e-01  3.64836e-05
 5.30000e+00  9.99468e-01  3.60725e-05
 5.31000e+00  9.99470e-01  3.56669e-05
 5.32000e+00  9.99474e-01  3.52667e-05
 5.33000e+00  9.99481e-01  3.48718e-05
 5.34000e+00  9.99489e-01  3.44822e-05
 5.35000e+00  9.99500e-01  3.40976e-05
 5.36000e+00  9.99513e-01  3.37182e-05
 5.37000e+00  9.99528e-01  3.33437e-05
 5.38000e+00  9.99545e-01  3.29741e-05
 5.39000e+00  9.99563e-01  3.26094e-05
 5.40000e+00  9.99582e-01  3.22494e-05
 5.41000e+00  9.99603e-01  3.18941e-05
 5.42000e+00  9.99626e-01  3.15433e-05
 5.43000e+00  9.99649e-01  3.11971e-05
 5.44000e+00  9.99673e-01  3.08554e-05
 5.45000e+00  9.99698e-01  3.05180e-05
 5.46000e+00  9.99724e-01  3.01850e-05
 5.47000e+00  9.99750e-01  2.98562e-05
 5.48000e+00  9.99777e-01  2.95316e-05
 5.49000e+00  9.99804e-01  2.92111e-05
 5.50000e+00  9.99831e-01  2.88947e-05
 5.51000e+00  9.99858e-01  2.85823e-05
 5.52000e+00  9.99885e-01  2.82738e-05
 5.53000e+00  9.99911e-01  2.79692e-05
 5.54000e+00  9.99938e-01  2.76684e-05
 5.55000e+00  9.99964e-01  2.73713e-05
 5.56000e+00  9.99989e-01  2.70780e-05
 5.57000e+00  1.00001e+00  2.67882e-05
 5.58000e+00  1.00004e+00  2.65021e-05
 5.59000e+00  1.00006e+00  2.62196e-05
 5.60000e+00  1.00008e+00  2.59405e-05
 5.61000e+00  1.00010e+00  2.56648e-05
 5.62000e+00  1.00012e+00  2.53925e-05
 5.63000e+00  1.00014e+00  2.51236e-05
 5.64000e+00  1.00016e+00  2.48580e-05
 5.65000e+00  1.00018e+00  2.45956e-05
 5.66000e+00  1.00019e+00  2.43364e-05
 5.67000e+00  1.00020e+00  2.40803e-05
 5.68000e+00  1.00022e+00  2.38274e-05
 5.69000e+00  1.00023e+00  2.35775e-05
 5.70000e+00  1.00024e+00  2.33306e-05
 5.71000e+00  1.00025e+00  2.30867e-05
 5.72000e+00  1.00025e+00  2.28458e-05
 5.73000e+00  1.00026e+00  2.26077e-05
 5.74000e+00  1.00026e+00  2.23726e-05
 5.75000e+00  1.00027e+00  2.21402e-05
 5.76000e+00  1.00027e+00  2.19106e-05
 5.77000e+00  1.00027e+00  2.16838e-05
 5.78000e+00  1.00027e+00  2.14596e-05
 5.79000e+00  1.00026e+00  2.12382e-05
 5.80000e+00  1.00026e+00  2.10194e-05
 5.81000e+00  1.00026e+00  2.08031e-05
 5.82000e+00  1.00025e+00  2.05895e-05
 5.83000e+00  1.00024e+00  2.03784e-05
 5.84000e+00  1.00024e+00  2.01698e-05
 5.85000e+00  1.00023e+00  1.99636e-05
 5.86000e+00  1.00022e+00  1.97599e-05
 5.87000e+00  1.00021e+00  1.95586e-05
 5.88000e+00  1.00020e+00  1.93597e-05
 5.89000e+00  1.00019e+00  1.91631e-05
 5.90000e+00  1.00018e+00  1.89688e-05
 5.91000e+00  1.00016e+00  1.87768e-05
 5.92000e+00  1.00015e+00  1.85871e-05
 5.93000e+00  1.00014e+00  1.83996e-05
 5.94000e+00  1.00013e+00  1.82143e-05
 5.95000e+00  1.00011e+00  1.80311e-05
 5.96000e+00  1.00010e+00  1.78501e-05
 5.97000e+00  1.00009e+00  1.76713e-05
 5.98000e+00  1.00007e+00  1.74945e-05
 5.99000e+00  1.00006e+00  1.73197e-05
 6.00000e+00  1.00004e+00  1.71470e-05
 6.01000e+00  1.00003e+00  1.69763e-05
 6.02000e+00  1.00002e+00  1.68076e-05
 6.03000e+00  1.00001e+00  1.66409e-05
 6.04000e+00  9.99993e-01  1.64760e-05
 6.05000e+00  9.99981e-01  1.63131e-05
 6.06000e+00  9.99970e-01  1.61521e-05
 6.07000e+00  9.99959e-01  1.59929e-05
 6.08000e+00  9.99948e-01  1.58356e-05
 6.09000e+00  9.99938e-01  1.56800e-05
 6.10000e+00  9.99929e-01  1.55263e-05
 6.11000e+00  9.99920e-01  1.53743e-05
 6.12000e+00  9.99911e-01  1.52241e-05
 6.13000e+00  9.99904e-01  1.50756e-05
 6.14000e+00  9.99897e-01  1.49288e-05
 6.15000e+00  9.99891e-01  1.47836e-05
 6.16000e+00  9.99885e-01  1.46401e-05
 6.17000e+00  9.99880e-01  1.44983e-05
 6.18000e+00  9.99876e-01  1.43580e-05
 6.19000e+00  9.99872e-01  1.42194e-05
 6.20000e+00  9.99870e-01  1.40823e-05
 6.21000e+00  9.99867e-01  1.39467e-05
 6.22000e+00  9.99866e-01  1.38127e-05
 6.23000e+00  9.99865e-01  1.36802e-05
 6.24000e+00  9.99865e-01  1.35492e-05
 6.25000e+00  9.99865e-01  1.34197e-05
 6.26000e+00  9.99867e-01  1.32916e-05
 6.27000e+00  9.99868e-01  1.31649e-05
 6.28000e+00  9.99870e-01  1.30397e-05
 6.29000e+00  9.99873e-01  1.29158e-05
 6.30000e+00  9.99876e-01  1.27933e-05
 6.31000e+00  9.99880e-01  1.26722e-05
 6.32000e+00  9.99884e-01  1.25524e-05
 6.33000e+00  9.99889e-01  1.24340e-05
 6.34000e+00  9.99894e-01  1.23168e-05
 6.35000e+00  9.99899e-01  1.22010e-05
 6.36000e+00  9.99905e-01  1.20864e-05
 6.37000e+00  9.99911e-01  1.19731e-05
 6.38000e+00  9.99917e-01  1.18610e-05
 6.39000e+00  9.99923e-01  1.17501e-05
 6.40000e+00  9.99930e-01  1.16405e-05
 6.41000e+00  9.99937e-01  1.15320e-05
 6.42000e+00  9.99943e-01  1.14247e-05
 6.43000e+00  9.99950e-01  1.13186e-05
 6.44000e+00  9.99957e-01  1.12137e-05
 6.45000e+00  9.99964e-01  1.11098e-05
 6.46000e+00  9.99971e-01  1.10071e-05
 6.47000e+00  9.99978e-01  1.09055e-05
 6.48000e+00  9.99984e-01  1.08050e-05
 6.49000e+00  9.99991e-01  1.07056e-05
 6.50000e+00  9.99997e-01  1.06072e-05
 6.51000e+00  1.00000e+00  1.05099e-05
 6.52000e+00  1.00001e+00  1.04136e-05
 6.53000e+00  1.00002e+00  1.03183e-05
 6.54000e+00  1.00002e+00  1.02241e-05
 6.55000e+00  1.00003e+00  1.01309e-05
 6.56000e+00  1.00003e+00  1.00386e-05
 6.57000e+00  1.00004e+00  9.94732e-06
 6.58000e+00  1.00004e+00  9.85700e-06
 6.59000e+00  1.00005e+00  9.76764e-06
 6.60000e+00  1.00005e+00  9.67922e-06
 6.61000e+00  1.00005e+00  9.59173e-06
 6.62000e+00  1.00006e+00  9.50515e-06
 6.63000e+00  1.00006e+00  9.41948e-06
 6.64000e+00  1.00006e+00  9.33471e-06
 6.65000e+00  1.00006e+00  9.25083e-06
 6.66000e+00  1.00006e+00  9.16782e-06
 6.67000e+00  1.00007e+00  9.08567e-06
 6.68000e+00  1.00007e+00  9.00438e-06
 6.69000e+00  1.00007e+00  8.92393e-06
 6.70000e+00  1.00007e+00  8.84432e-06
 6.71000e+00  1.00007e+00  8.76553e-06
 6.72000e+00  1.00007e+00  8.68755e-06
 6.73000e+00  1.00007e+00  8.61038e-06
 6.74000e+00  1.00007e+00  8.53401e-06
 6.75000e+00  1.00007e+00  8.45843e-06
 6.76000e+00  1.00006e+00  8.38362e-06
 6.77000e+00  1.00006e+00  8.30958e-06
 6.78000e+00  1.00006e+00  8.23630e-06
 6.79000e+00  1.00006e+00  8.16377e-06
 6.80000e+00  1.00006e+00  8.09198e-06
 6.81000e+00  1.00005e+00  8.02093e-06
 6.82000e+00  1.00005e+00  7.95060e-06
 6.83000e+00  1.00005e+00  7.88099e-06
 6.84000e+00  1.00005e+00  7.81209e-06
 6.85000e+00  1.00004e+00  7.74389e-06
 6.86000e+00  1.00004e+00  7.67638e-06
 6.87000e+00  1.00004e+00  7.60956e-06
 6.88000e+00  1.00003e+00  7.54341e-06
 6.89000e+00  1.00003e+00  7.47793e-06
 6.90000e+00  1.00003e+00  7.41312e-06
 6.91000e+00  1.00002e+00  7.34896e-06
 6.92000e+00  1.00002e+00  7.28544e-06
 6.93000e+00  1.00001e+00  7.22257e-06
 6.94000e+00  1.00001e+00  7.16032e-06
 6.95000e+00  1.00001e+00  7.09871e-06
 6.96000e+00  1.00000e+00  7.03771e-06
 6.97000e+00  1.00000e+00  6.97732e-06
 6.98000e+00  9.99998e-01  6.91754e-06
 6.99000e+00  9.99995e-01  6.85835e-06
 7.00000e+00  9.99992e-01  6.79975e-06
 7.01000e+00  9.99989e-01  6.74174e-06
 7.02000e+00  9.99986e-01  6.68431e-06
 7.03000e+00  9.99984e-01  6.62744e-06
 7.04000e+00  9.99981e-01  6.57114e-06
 7.05000e+00  9.99979e-01  6.51540e-06
 7.06000e+00  9.99977e-01  6.46021e-06
 7.07000e+00  9.99975e-01  6.40557e-06
 7.08000e+00  9.99973e-01  6.35147e-06
 7.09000e+00  9.99972e-01  6.29790e-06
 7.10000e+00  9.99970e-01  6.24485e-06
 7.11000e+00  9.99969e-01  6.19233e-06
 7.12000e+00  9.99968e-01  6.14033e-06
 7.13000e+00  9.99967e-01  6.08883e-06
 7.14000e+00  9.99966e-01  6.03784e-06
 7.15000e+00  9.99966e-01  5.98734e-06
 7.16000e+00  9.99965e-01  5.93734e-06
 7.17000e+00  9.99965e-01  5.88783e-06
 7.18000e+00  9.99965e-01  5.83880e-06
 7.19000e+00  9.99965e-01  5.79025e-06
 7.20000e+00  9.99965e-01  5.74216e-06
 7.21000e+00  9.99966e-01  5.69455e-06
 7.22000e+00  9.99966e-01  5.64739e-06
 7.23000e+00  9.99967e-01  5.60069e-06
 7.24000e+00  9.99968e-01  5.55444e-06
 7.25000e+00  9.99969e-01  5.50864e-06
 7.26000e+00  9.99970e-01  5.46328e-06
 7.27000e+00  9.99971e-01  5.41835e-06
 7.28000e+00  9.99972e-01  5.37385e-06
 7.29000e+00  9.99974e-01  5.32978e-06
 7.30000e+00  9.99975e-01  5.28613e-06
 7.31000e+00  9.99977e-01  5.24290e-06
 7.32000e+00  9.99978e-01  5.20008e-06
 7.33000e+00  9.99980e-01  5.15767e-06
 7.34000e+00  9.99982e-01  5.11566e-06
 7.35000e+00  9.99984e-01  5.07405e-06
 7.36000e+00  9.99985e-01  5.03284e-06
 7.37000e+00  9.99987e-01  4.99201e-06
 7.38000e+00  9.99989e-01  4.95157e-06
 7.39000e+00  9.99991e-01  4.91152e-06
 7.40000e+00  9.99992e-01  4.87184e-06
 7.41000e+00  9.99994e-01  4.83253e-06
 7.42000e+00  9.99996e-01  4.79359e-06
 7.43000e+00  9.99998e-01  4.75502e-06
 7.44000e+00  9.99999e-01  4.71681e-06
 7.45000e+00  1.00000e+00  4.67896e-06
 7.46000e+00  1.00000e+00  4.64146e-06
 7.47000e+00  1.00000e+00  4.60431e-06
 7.48000e+00  1.00001e+00  4.56751e-06
 7.49000e+00  1.00001e+00  4.53105e-06
 7.50000e+00  1.00001e+00  4.49493e-06
 7.51000e+00  1.00001e+00  4.45914e-06
 7.52000e+00  1.00001e+00  4.42369e-06
 7.53000e+00  1.00001e+00  4.38856e-06
 7.54000e+00  1.00001e+00  4.35376e-06
 7.55000e+00  1.00001e+00  4.31928e-06
 7.56000e+00  1.00001e+00  4.28511e-06
 7.57000e+00  1.00002e+00  4.25126e-06
 7.58000e+00  1.00002e+00  4.21773e-06
 7.59000e+00  1.00002e+00  4.18450e-06
 7.60000e+00  1.00002e+00  4.15157e-06
 7.61000e+00  1.00002e+00  4.11895e-06
 7.62000e+00  1.00002e+00  4.08662e-06
 7.63000e+00  1.00002e+00  4.05459e-06
 7.64000e+00  1.00002e+00  4.02286e-06
 7.65000e+00  1.00002e+00  3.99141e-06
 7.66000e+00  1.00002e+00  3.96025e-06
 7.67000e+00  1.00002e+00  3.92937e-06
 7.68000e+00  1.00002e+00  3.89877e-06
 7.69000e+00  1.00002e+00  3.86845e-06
 7.70000e+00  1.00002e+00  3.83840e-06
 7.71000e+00  1.00002e+00  3.80862e-06
 7.72000e+00  1.00002e+00  3.77912e-06
 7.73000e+00  1.00002e+00  3.74988e-06
 7.74000e+00  1.00001e+00  3.72090e-06
 7.75000e+00  1.00001e+00  3.69218e-06
 7.76000e+00  1.00001e+00  3.66372e-06
 7.77000e+00  1.00001e+00  3.63552e-06
 7.78000e+00  1.00001e+00  3.60757e-06
 7.79000e+00  1.00001e+00  3.57987e-06
 7.80000e+00  1.00001e+00  3.55242e-06
 7.81000e+00  1.00001e+00  3.52521e-06
 7.82000e+00  1.00001e+00  3.49825e-06
 7.83000e+00  1.00001e+00  3.47152e-06
 7.84000e+00  1.00001e+00  3.44504e-06
 7.85000e+00  1.00001e+00  3.41879e-06
 7.86000e+00  1.00000e+00  3.39277e-06
 7.87000e+00  1.00000e+00  3.36698e-06
 7.88000e+00  1.00000e+00  3.34142e-06
 7.89000e+00  1.00000e+00  3.31609e-06
 7.90000e+00  1.00000e+00  3.29098e-06
 7.91000e+00  1.00000e+00  3.26609e-06
 7.92000e+00  9.99999e-01  3.24143e-06
 7.93000e+00  9.99999e-01  3.21698e-06
 7.94000e+00  9.99998e-01  3.19274e-06
 7.95000e+00  9.99997e-01  3.16872e-06
 7.96000e+00  9.99996e-01  3.14491e-06
 7.97000e+00  9.99996e-01  3.12130e-06
 7.98000e+00  9.99995e-01  3.09791e-06
 7.99000e+00  9.99994e-01  3.07471e-06
 8.00000e+00  9.99994e-01  3.05172e-06
 8.01000e+00  9.99993e-01  3.02893e-06
 8.02000e+00  9.99993e-01  3.00634e-06
 8.03000e+00  9.99992e-01  2.98395e-06
 8.04000e+00  9.99992e-01  2.96175e-06
 8.05000e+00  9.99992e-01  2.93974e-06
 8.06000e+00  9.99991e-01  2.91792e-06
 8.07000e+00  9.99991e-01  2.89629e-06
 8.08000e+00  9.99991e-01  2.87485e-06
 8.09000e+00  9.99991e-01  2.85360e-06
 8.10000e+00  9.99991e-01  2.83252e-06
 8.11000e+00  9.99991e-01  2.81163e-06
 8.12000e+00  9.99991e-01  2.79092e-06
 8.13000e+00  9.99991e-01  2.77039e-06
 8.14000e+00  9.99991e-01  2.75003e-06
 8.15000e+00  9.99991e-01  2.72985e-06
 8.16000e+00  9.99991e-01  2.70984e-06
 8.17000e+00  9.99991e-01  2.69000e-06
 8.18000e+00  9.99991e-01  2.67033e-06
 8.19000e+00  9.99992e-01  2.65082e-06
 8.20000e+00  9.99992e-01  2.63149e-06
 8.21000e+00  9.99992e-01  2.61232e-06
 8.22000e+00  9.99993e-01  2.59331e-06
 8.23000e+00  9.99993e-01  2.57446e-06
 8.24000e+00  9.99993e-01  2.55577e-06
 8.25000e+00  9.99994e-01  2.53724e-06
 8.26000e+00  9.99994e-01  2.51887e-06
 8.27000e+00  9.99995e-01  2.50065e-06
 8.28000e+00  9.99995e-01  2.48258e-06
 8.29000e+00  9.99996e-01  2.46467e-06
 8.30000e+00  9.99996e-01  2.44691e-06
 8.31000e+00  9.99997e-01  2.42930e-06
 8.32000e+00  9.99997e-01  2.41183e-06
 8.33000e+00  9.99998e-01  2.39451e-06
 8.34000e+00  9.99998e-01  2.37734e-06
 8.35000e+00  9.99999e-01  2.36031e-06
 8.36000e+00  9.99999e-01  2.34342e-06
 8.37000e+00  9.99999e-01  2.32667e-06
 8.38000e+00  1.00000e+00  2.31006e-06
 8.39000e+00  1.00000e+00  2.29359e-06
 8.40000e+00  1.00000e+00  2.27726e-06
 8.41000e+00  1.00000e+00  2.26106e-06
 8.42000e+00  1.00000e+00  2.24500e-06
 8.43000e+00  1.00000e+00  2.22907e-06
 8.44000e+00  1.00000e+00  2.21327e-06
 8.45000e+00  1.00000e+00  2.19760e-06
 8.46000e+00  1.00000e+00  2.18206e-06
 8.47000e+00  1.00000e+00  2.16665e-06
 8.48000e+00  1.00000e+00  2.15137e-06
 8.49000e+00  1.00000e+00  2.13621e-06
 8.50000e+00  1.00000e+00  2.12118e-06
 8.51000e+00  1.00000e+00  2.10626e-06
 8.52000e+00  1.00000e+00  2.09148e-06
 8.53000e+00  1.00000e+00  2.07681e-06
 8.54000e+00  1.00000e+00  2.06226e-06
 8.55000e+00  1.00000e+00  2.04783e-06
 8.56000e+00  1.00000e+00  2.03352e-06
 8.57000e+00  1.00000e+00  2.01932e-06
 8.58000e+00  1.00000e+00  2.00524e-06
 8.59000e+00  1.00000e+00  1.99128e-06
 8.60000e+00  1.00000e+00  1.97742e-06
 8.61000e+00  1.00000e+00  1.96368e-06
 8.62000e+00  1.00000e+00  1.95006e-06
 8.63000e+00  1.00000e+00  1.93654e-06
 8.64000e+00  1.00000e+00  1.92313e-06
 8.65000e+00  1.00000e+00  1.90983e-06
 8.66000e+00  1.00000e+00  1.89663e-06
 8.67000e+00  1.00000e+00  1.88354e-06
 8.68000e+00  1.00000e+00  1.87056e-06
 8.69000e+00  1.00000e+00  1.85768e-06
 8.70000e+00  1.00000e+00  1.84491e-06
 8.71000e+00  1.00000e+00  1.83224e-06
 8.72000e+00  1.00000e+00  1.81966e-06
 8.73000e+00  1.00000e+00  1.80719e-06
 8.74000e+00  1.00000e+00  1.79482e-06
 8.75000e+00  1.00000e+00  1.78255e-06
 8.76000e+00  1.00000e+00  1.77037e-06
 8.77000e+00  1.00000e+00  1.75830e-06
 8.78000e+00  1.00000e+00  1.74631e-06
 8.79000e+00  1.00000e+00  1.73443e-06
 8.80000e+00  1.00000e+00  1.72263e-06
 8.81000e+00  1.00000e+00  1.71094e-06
 8.82000e+00  1.00000e+00  1.69933e-06
 8.83000e+00  1.00000e+00  1.68781e-06
 8.84000e+00  1.00000e+00  1.67639e-06
 8.85000e+00  1.00000e+00  1.66506e-06
 8.86000e+00  1.00000e+00  1.65381e-06
 8.87000e+00  1.00000e+00  1.64266e-06
 8.88000e+00  9.99999e-01  1.63159e-06
 8.89000e+00  9.99999e-01  1.62061e-06
 8.90000e+00  9.99999e-01  1.60971e-06
 8.91000e+00  9.99999e-01  1.59890e-06
 8.92000e+00  9.99999e-01  1.58818e-06
 8.93000e+00  9.99998e-01  1.57754e-06
 8.94000e+00  9.99998e-01  1.56698e-06
 8.95000e+00  9.99998e-01  1.55650e-06
 8.96000e+00  9.99998e-01  1.54611e-06
 8.97000e+00  9.99998e-01  1.53579e-06
 8.98000e+00  9.99998e-01  1.52556e-06
 8.99000e+00  9.99998e-01  1.51541e-06
 9.00000e+00  9.99998e-01  1.50533e-06
 9.01000e+00  9.99997e-01  1.49534e-06
 9.02000e+00  9.99997e-01  1.48542e-06
 9.03000e+00  9.99997e-01  1.47557e-06
 9.04000e+00  9.99997e-01  1.46581e-06
 9.05000e+00  9.99997e-01  1.45612e-06
 9.06000e+00  9.99997e-01  1.44650e-06
 9.07000e+00  9.99997e-01  1.43696e-06
 9.08000e+00  9.99997e-01  1.42749e-06
 9.09000e+00  9.99997e-01  1.41809e-06
 9.10000e+00  9.99997e-01  1.40877e-06
 9.11000e+00  9.99997e-01  1.39951e-06
 9.12000e+00  9.99998e-01  1.39033e-06
 9.13000e+00  9.99998e-01  1.38122e-06
 9.14000e+00  9.99998e-01  1.37218e-06
 9.15000e+00  9.99998e-01  1.36321e-06
 9.16000e+00  9.99998e-01  1.35430e-06
 9.17000e+00  9.99998e-01  1.34546e-06
 9.18000e+00  9.99998e-01  1.33669e-06
 9.19000e+00  9.99998e-01  1.32799e-06
 9.20000e+00  9.99998e-01  1.31935e-06
 9.21000e+00  9.99998e-01  1.31078e-06
 9.22000e+00  9.99999e-01  1.30228e-06
 9.23000e+00  9.99999e-01  1.29383e-06
 9.24000e+00  9.99999e-01  1.28545e-06
 9.25000e+00  9.99999e-01  1.27714e-06
 9.26000e+00  9.99999e-01  1.26889e-06
 9.27000e+00  9.99999e-01  1.26070e-06
 9.28000e+00  1.00000e+00  1.25257e-06
 9.29000e+00  1.00000e+00  1.24450e-06
 9.30000e+00  1.00000e+00  1.23649e-06
 9.31000e+00  1.00000e+00  1.22854e-06
 9.32000e+00  1.00000e+00  1.22066e-06
 9.33000e+00  1.00000e+00  1.21283e-06
 9.34000e+00  1.00000e+00  1.20506e-06
 9.35000e+00  1.00000e+00  1.19735e-06
 9.36000e+00  1.00000e+00  1.18969e-06
 9.37000e+00  1.00000e+00  1.18209e-06
 9.38000e+00  1.00000e+00  1.17455e-06
 9.39000e+00  1.00000e+00  1.16707e-06
 9.40000e+00  1.00000e+00  1.15964e-06
 9.41000e+00  1.00000e+00  1.15226e-06
 9.42000e+00  1.00000e+00  1.14494e-06
 9.43000e+00  1.00000e+00  1.13768e-06
 9.44000e+00  1.00000e+00  1.13047e-06
 9.45000e+00  1.00000e+00  1.12331e-06
 9.46000e+00  1.00000e+00  1.11620e-06
 9.47000e+00  1.00000e+00  1.10915e-06
 9.48000e+00  1.00000e+00  1.10215e-06
 9.49000e+00  1.00000e+00  1.09520e-06
 9.50000e+00  1.00000e+00  1.08830e-06
 9.51000e+00  1.00000e+00  1.08145e-06
 9.52000e+00  1.00000e+00  1.07465e-06
 9.53000e+00  1.00000e+00  1.06790e-06
 9.54000e+00  1.00000e+00  1.06121e-06
 9.55000e+00  1.00000e+00  1.05456e-06
 9.56000e+00  1.00000e+00  1.04795e-06
 9.57000e+00  1.00000e+00  1.04140e-06
 9.58000e+00  1.00000e+00  1.03490e-06
 9.59000e+00  1.00000e+00  1.02844e-06
 9.60000e+00  1.00000e+00  1.02203e-06
 9.61000e+00  1.00000e+00  1.01566e-06
 9.62000e+00  1.00000e+00  1.00934e-06
 9.63000e+00  1.00000e+00  1.00307e-06
 9.64000e+00  1.00000e+00  9.96845e-07
 9.65000e+00  1.00000e+00  9.90663e-07
 9.66000e+00  1.00000e+00  9.84525e-07
 9.67000e+00  1.00000e+00  9.78432e-07
 9.68000e+00  1.00000e+00  9.72383e-07
 9.69000e+00  1.00000e+00  9.66378e-07
 9.70000e+00  1.00000e+00  9.60416e-07
 9.71000e+00  1.00000e+00  9.54496e-07
 9.72000e+00  1.00000e+00  9.48619e-07
 9.73000e+00  1.00000e+00  9.42784e-07
 9.74000e+00  1.00000e+00  9.36992e-07
 9.75000e+00  1.00000e+00  9.31240e-07
 9.76000e+00  1.00000e+00  9.25530e-07
 9.77000e+00  1.00000e+00  9.19860e-07
 9.78000e+00  1.00000e+00  9.14231e-07
 9.79000e+00  1.00000e+00  9.08643e-07
 9.80000e+00  1.00000e+00  9.03094e-07
 9.81000e+00  1.00000e+00  8.97584e-07
 9.82000e+00  1.00000e+00  8.92114e-07
 9.83000e+00  9.99999e-01  8.86682e-07
 9.84000e+00  9.99999e-01  8.81289e-07
 9.85000e+00  9.99999e-01  8.75934e-07
 9.86000e+00  9.99999e-01  8.70618e-07
 9.87000e+00  9.99999e-01  8.65339e-07
 9.88000e+00  9.99999e-01  8.60097e-07
 9.89000e+00  9.99999e-01  8.54892e-07
 9.90000e+00  9.99999e-01  8.49724e-07
 9.91000e+00  9.99999e-01  8.44592e-07
 9.92000e+00  9.99999e-01  8.39496e-07
 9.93000e+00  9.99999e-01  8.34437e-07
 9.94000e+00  9.99999e-01  8.29412e-07
 9.95000e+00  9.99999e-01  8.24423e-07
 9.96000e+00  9.99999e-01  8.19469e-07
 9.97000e+00  9.99999e-01  8.14550e-07
 9.98000e+00  9.99999e-01  8.09665e-07
 9.99000e+00  9.99999e-01  8.04815e-07
 1.00000e+01  9.99999e-01  7.99998e-07
