 r[σ]         g_ii         c_ii        
 2.50000e-02  0.00000e+00 -7.40655e+01
 5.00000e-02  0.00000e+00 -7.28179e+01
 7.50000e-02  0.00000e+00 -7.09011e+01
 1.00000e-01  0.00000e+00 -6.85036e+01
 1.25000e-01  0.00000e+00 -6.58117e+01
 1.50000e-01  0.00000e+00 -6.29784e+01
 1.75000e-01  0.00000e+00 -6.01134e+01
 2.00000e-01  0.00000e+00 -5.72863e+01
 2.25000e-01  0.00000e+00 -5.45355e+01
 2.50000e-01  0.00000e+00 -5.18782e+01
 2.75000e-01  0.00000e+00 -4.93190e+01
 3.00000e-01  0.00000e+00 -4.68550e+01
 3.25000e-01  0.00000e+00 -4.44802e+01
 3.50000e-01  0.00000e+00 -4.21875e+01
 3.75000e-01  0.00000e+00 -3.99699e+01
 4.00000e-01  0.00000e+00 -3.78212e+01
 4.25000e-01  0.00000e+00 -3.57361e+01
 4.50000e-01  0.00000e+00 -3.37106e+01
 4.75000e-01  0.00000e+00 -3.17416e+01
 5.00000e-01  0.00000e+00 -2.98266e+01
 5.25000e-01  0.00000e+00 -2.79643e+01
 5.50000e-01  0.00000e+00 -2.61537e+01
 5.75000e-01  1.39113e-04 -2.43943e+01
 6.00000e-01  3.99167e-04 -2.26863e+01
 6.25000e-01  6.38995e-04 -2.10298e+01
 6.50000e-01  8.57954e-04 -1.94255e+01
 6.75000e-01  1.05559e-03 -1.78742e+01
 7.00000e-01  1.23198e-03 -1.63769e+01
 7.25000e-01  1.38757e-03 -1.49349e+01
 7.50000e-01  1.52387e-03 -1.35494e+01
 7.75000e-01  1.64353e-03 -1.22222e+01
 8.00000e-01  1.75191e-03 -1.09548e+01
 8.25000e-01  1.85897e-03 -9.74945e+00
 8.50000e-01  1.99058e-03 -8.60841e+00
 8.75000e-01  3.01107e-03 -7.53347e+00
 9.00000e-01  2.84325e-02 -6.50403e+00
 9.25000e-01  2.37188e-01 -5.36427e+00
 9.50000e-01  9.28590e-01 -3.81792e+00
 9.75000e-01  2.10193e+00 -1.86839e+00
 1.00000e+00  3.27435e+00 -4.70015e-04
 1.02500e+00  3.95121e+00  1.29037e+00
 1.05000e+00  3.99791e+00  1.87021e+00
 1.07500e+00  3.57682e+00  1.90374e+00
 1.10000e+00  2.93276e+00  1.63974e+00
 1.12500e+00  2.25865e+00  1.27646e+00
 1.15000e+00  1.66314e+00  9.28965e-01
 1.17500e+00  1.18824e+00  6.46311e-01
 1.20000e+00  8.36605e-01  4.38396e-01
 1.22500e+00  5.92633e-01  2.96737e-01
 1.25000e+00  4.35111e-01  2.06814e-01
 1.27500e+00  3.43458e-01  1.54137e-01
 1.30000e+00  3.00198e-01  1.26629e-01
 1.32500e+00  2.91505e-01  1.15137e-01
 1.35000e+00  3.06888e-01  1.13142e-01
 1.37500e+00  3.38610e-01  1.16222e-01
 1.40000e+00  3.81071e-01  1.21514e-01
 1.42500e+00  4.30280e-01  1.27251e-01
 1.45000e+00  4.83433e-01  1.32418e-01
 1.47500e+00  5.38588e-01  1.36490e-01
 1.50000e+00  5.94423e-01  1.39258e-01
 1.52500e+00  6.50062e-01  1.40703e-01
 1.55000e+00  7.04950e-01  1.40914e-01
 1.57500e+00  7.58758e-01  1.40038e-01
 1.60000e+00  8.11320e-01  1.38244e-01
 1.62500e+00  8.62587e-01  1.35700e-01
 1.65000e+00  9.12592e-01  1.32568e-01
 1.67500e+00  9.61426e-01  1.28993e-01
 1.70000e+00  1.00922e+00  1.25101e-01
 1.72500e+00  1.05614e+00  1.21000e-01
 1.75000e+00  1.10235e+00  1.16779e-01
 1.77500e+00  1.14805e+00  1.12511e-01
 1.80000e+00  1.19343e+00  1.08255e-01
 1.82500e+00  1.23867e+00  1.04056e-01
 1.85000e+00  1.28388e+00  9.99427e-02
 1.87500e+00  1.32884e+00  9.59117e-02
 1.90000e+00  1.37230e+00  9.18944e-02
 1.92500e+00  1.41102e+00  8.77174e-02
 1.95000e+00  1.43908e+00  8.31066e-02
 1.97500e+00  1.44866e+00  7.77689e-02
 2.00000e+00  1.43229e+00  7.15260e-02
 2.02500e+00  1.38572e+00  6.44190e-02
 2.05000e+00  1.30982e+00  5.67253e-02
 2.07500e+00  1.21070e+00  4.88823e-02
 2.10000e+00  1.09813e+00  4.13657e-02
 2.12500e+00  9.83187e-01  3.45796e-02
 2.15000e+00  8.76116e-01  2.87906e-02
 2.17500e+00  7.84790e-01  2.41127e-02
 2.20000e+00  7.14119e-01  2.05276e-02
 2.22500e+00  6.66118e-01  1.79243e-02
 2.25000e+00  6.40424e-01  1.61402e-02
 2.27500e+00  6.34980e-01  1.49960e-02
 2.30000e+00  6.46719e-01  1.43195e-02
 2.32500e+00  6.72127e-01  1.39606e-02
 2.35000e+00  7.07669e-01  1.37967e-02
 2.37500e+00  7.50060e-01  1.37338e-02
 2.40000e+00  7.96421e-01  1.37043e-02
 2.42500e+00  8.44348e-01  1.36621e-02
 2.45000e+00  8.91910e-01  1.35789e-02
 2.47500e+00  9.37621e-01  1.34392e-02
 2.50000e+00  9.80381e-01  1.32374e-02
 2.52500e+00  1.01942e+00  1.29738e-02
 2.55000e+00  1.05424e+00  1.26533e-02
 2.57500e+00  1.08454e+00  1.22830e-02
 2.60000e+00  1.11020e+00  1.18709e-02
 2.62500e+00  1.13119e+00  1.14256e-02
 2.65000e+00  1.14761e+00  1.09552e-02
 2.67500e+00  1.15957e+00  1.04672e-02
 2.70000e+00  1.16723e+00  9.96812e-03
 2.72500e+00  1.17077e+00  9.46386e-03
 2.75000e+00  1.17036e+00  8.95921e-03
 2.77500e+00  1.16618e+00  8.45814e-03
 2.80000e+00  1.15838e+00  7.96385e-03
 2.82500e+00  1.14708e+00  7.47881e-03
 2.85000e+00  1.13240e+00  7.00493e-03
 2.87500e+00  1.11443e+00  6.54368e-03
 2.90000e+00  1.09329e+00  6.09628e-03
 2.92500e+00  1.06916e+00  5.66402e-03
 2.95000e+00  1.04234e+00  5.24852e-03
 2.97500e+00  1.01333e+00  4.85196e-03
 3.00000e+00  9.82915e-01  4.47725e-03
 3.02500e+00  9.52175e-01  4.12788e-03
 3.05000e+00  9.22444e-01  3.80757e-03
 3.07500e+00  8.95222e-01  3.51974e-03
 3.10000e+00  8.72017e-01  3.26697e-03
 3.12500e+00  8.54178e-01  3.05046e-03
 3.15000e+00  8.42740e-01  2.86981e-03
 3.17500e+00  8.38308e-01  2.72299e-03
 3.20000e+00  8.41006e-01  2.60651e-03
 3.22500e+00  8.50484e-01  2.51579e-03
 3.25000e+00  8.65977e-01  2.44566e-03
 3.27500e+00  8.86404e-01  2.39077e-03
 3.30000e+00  9.10483e-01  2.34603e-03
 3.32500e+00  9.36842e-01  2.30689e-03
 3.35000e+00  9.64126e-01  2.26954e-03
 3.37500e+00  9.91077e-01  2.23101e-03
 3.40000e+00  1.01660e+00  2.18919e-03
 3.42500e+00  1.03979e+00  2.14271e-03
 3.45000e+00  1.05995e+00  2.09091e-03
 3.47500e+00  1.07661e+00  2.03369e-03
 3.50000e+00  1.08948e+00  1.97136e-03
 3.52500e+00  1.09846e+00  1.90453e-03
 3.55000e+00  1.10359e+00  1.83405e-03
 3.57500e+00  1.10505e+00  1.76083e-03
 3.60000e+00  1.10310e+00  1.68584e-03
 3.62500e+00  1.09808e+00  1.61002e-03
 3.65000e+00  1.09038e+00  1.53426e-03
 3.67500e+00  1.08040e+00  1.45935e-03
 3.70000e+00  1.06859e+00  1.38600e-03
 3.72500e+00  1.05538e+00  1.31479e-03
 3.75000e+00  1.04118e+00  1.24622e-03
 3.77500e+00  1.02642e+00  1.18068e-03
 3.80000e+00  1.01148e+00  1.11846e-03
 3.82500e+00  9.96742e-01  1.05977e-03
 3.85000e+00  9.82558e-01  1.00478e-03
 3.87500e+00  9.69259e-01  9.53545e-04
 3.90000e+00  9.57160e-01  9.06114e-04
 3.92500e+00  9.46553e-01  8.62473e-04
 3.95000e+00  9.37710e-01  8.22570e-04
 3.97500e+00  9.30875e-01  7.86319e-04
 4.00000e+00  9.26257e-01  7.53595e-04
 4.02500e+00  9.24019e-01  7.24235e-04
 4.05000e+00  9.24264e-01  6.98036e-04
 4.07500e+00  9.27019e-01  6.74747e-04
 4.10000e+00  9.32223e-01  6.54078e-04
 4.12500e+00  9.39717e-01  6.35696e-04
 4.15000e+00  9.49242e-01  6.19236e-04
 4.17500e+00  9.60444e-01  6.04315e-04
 4.20000e+00  9.72887e-01  5.90543e-04
 4.22500e+00  9.86074e-01  5.77542e-04
 4.25000e+00  9.99474e-01  5.64961e-04
 4.27500e+00  1.01255e+00  5.52492e-04
 4.30000e+00  1.02479e+00  5.39881e-04
 4.32500e+00  1.03573e+00  5.26934e-04
 4.35000e+00  1.04498e+00  5.13522e-04
 4.37500e+00  1.05225e+00  4.99577e-04
 4.40000e+00  1.05733e+00  4.85090e-04
 4.42500e+00  1.06014e+00  4.70103e-04
 4.45000e+00  1.06067e+00  4.54697e-04
 4.47500e+00  1.05902e+00  4.38985e-04
 4.50000e+00  1.05536e+00  4.23099e-04
 4.52500e+00  1.04995e+00  4.07183e-04
 4.55000e+00  1.04306e+00  3.91380e-04
 4.57500e+00  1.03501e+00  3.75830e-04
 4.60000e+00  1.02616e+00  3.60659e-04
 4.62500e+00  1.01684e+00  3.45981e-04
 4.65000e+00  1.00738e+00  3.31889e-04
 4.67500e+00  9.98113e-01  3.18456e-04
 4.70000e+00  9.89311e-01  3.05739e-04
 4.72500e+00  9.81233e-01  2.93771e-04
 4.75000e+00  9.74094e-01  2.82571e-04
 4.77500e+00  9.68068e-01  2.72137e-04
 4.80000e+00  9.63287e-01  2.62458e-04
 4.82500e+00  9.59841e-01  2.53507e-04
 4.85000e+00  9.57780e-01  2.45247e-04
 4.87500e+00  9.57111e-01  2.37635e-04
 4.90000e+00  9.57807e-01  2.30619e-04
 4.92500e+00  9.59804e-01  2.24144e-04
 4.95000e+00  9.63005e-01  2.18153e-04
 4.97500e+00  9.67283e-01  2.12585e-04
 5.00000e+00  9.72485e-01  2.07379e-04
 5.02500e+00  9.78432e-01  2.02477e-04
 5.05000e+00  9.84929e-01  1.97821e-04
 5.07500e+00  9.91762e-01  1.93356e-04
 5.10000e+00  9.98709e-01  1.89031e-04
 5.12500e+00  1.00555e+00  1.84799e-04
 5.15000e+00  1.01205e+00  1.80619e-04
 5.17500e+00  1.01800e+00  1.76458e-04
 5.20000e+00  1.02322e+00  1.72287e-04
 5.22500e+00  1.02753e+00  1.68088e-04
 5.25000e+00  1.03080e+00  1.63847e-04
 5.27500e+00  1.03293e+00  1.59560e-04
 5.30000e+00  1.03388e+00  1.55230e-04
 5.32500e+00  1.03363e+00  1.50865e-04
 5.35000e+00  1.03222e+00  1.46481e-04
 5.37500e+00  1.02973e+00  1.42097e-04
 5.40000e+00  1.02629e+00  1.37734e-04
 5.42500e+00  1.02203e+00  1.33417e-04
 5.45000e+00  1.01714e+00  1.29172e-04
 5.47500e+00  1.01182e+00  1.25022e-04
 5.50000e+00  1.00627e+00  1.20991e-04
 5.52500e+00  1.00068e+00  1.17098e-04
 5.55000e+00  9.95268e-01  1.13359e-04
 5.57500e+00  9.90206e-01  1.09789e-04
 5.60000e+00  9.85658e-01  1.06396e-04
 5.62500e+00  9.81759e-01  1.03186e-04
 5.65000e+00  9.78617e-01  1.00159e-04
 5.67500e+00  9.76308e-01  9.73120e-05
 5.70000e+00  9.74876e-01  9.46403e-05
 5.72500e+00  9.74334e-01  9.21346e-05
 5.75000e+00  9.74664e-01  8.97841e-05
 5.77500e+00  9.75820e-01  8.75758e-05
 5.80000e+00  9.77734e-01  8.54958e-05
 5.82500e+00  9.80312e-01  8.35294e-05
 5.85000e+00  9.83448e-01  8.16617e-05
 5.87500e+00  9.87020e-01  7.98777e-05
 5.90000e+00  9.90899e-01  7.81635e-05
 5.92500e+00  9.94949e-01  7.65057e-05
 5.95000e+00  9.99036e-01  7.48921e-05
 5.97500e+00  1.00303e+00  7.33119e-05
 6.00000e+00  1.00680e+00  7.17559e-05
 6.02500e+00  1.01024e+00  7.02163e-05
 6.05000e+00  1.01325e+00  6.86870e-05
 6.07500e+00  1.01574e+00  6.71635e-05
 6.10000e+00  1.01765e+00  6.56430e-05
 6.12500e+00  1.01892e+00  6.41241e-05
 6.15000e+00  1.01954e+00  6.26070e-05
 6.17500e+00  1.01949e+00  6.10930e-05
 6.20000e+00  1.01880e+00  5.95846e-05
 6.22500e+00  1.01751e+00  5.80852e-05
 6.25000e+00  1.01566e+00  5.65991e-05
 6.27500e+00  1.01334e+00  5.51310e-05
 6.30000e+00  1.01063e+00  5.36859e-05
 6.32500e+00  1.00764e+00  5.22689e-05
 6.35000e+00  1.00447e+00  5.08851e-05
 6.37500e+00  1.00123e+00  4.95389e-05
 6.40000e+00  9.98046e-01  4.82347e-05
 6.42500e+00  9.95012e-01  4.69758e-05
 6.45000e+00  9.92233e-01  4.57649e-05
 6.47500e+00  9.89797e-01  4.46040e-05
 6.50000e+00  9.87777e-01  4.34940e-05
 6.52500e+00  9.86232e-01  4.24350e-05
 6.55000e+00  9.85198e-01  4.14262e-05
 6.57500e+00  9.84698e-01  4.04659e-05
 6.60000e+00  9.84730e-01  3.95520e-05
 6.62500e+00  9.85278e-01  3.86815e-05
 6.65000e+00  9.86306e-01  3.78511e-05
 6.67500e+00  9.87763e-01  3.70569e-05
 6.70000e+00  9.89587e-01  3.62952e-05
 6.72500e+00  9.91703e-01  3.55620e-05
 6.75000e+00  9.94032e-01  3.48532e-05
 6.77500e+00  9.96486e-01  3.41651e-05
 6.80000e+00  9.98981e-01  3.34942e-05
 6.82500e+00  1.00143e+00  3.28372e-05
 6.85000e+00  1.00376e+00  3.21915e-05
 6.87500e+00  1.00589e+00  3.15547e-05
 6.90000e+00  1.00776e+00  3.09247e-05
 6.92500e+00  1.00931e+00  3.03004e-05
 6.95000e+00  1.01051e+00  2.96806e-05
 6.97500e+00  1.01132e+00  2.90649e-05
 7.00000e+00  1.01173e+00  2.84532e-05
 7.02500e+00  1.01175e+00  2.78457e-05
 7.05000e+00  1.01137e+00  2.72431e-05
 7.07500e+00  1.01064e+00  2.66461e-05
 7.10000e+00  1.00957e+00  2.60559e-05
 7.12500e+00  1.00821e+00  2.54736e-05
 7.15000e+00  1.00662e+00  2.49005e-05
 7.17500e+00  1.00486e+00  2.43379e-05
 7.20000e+00  1.00298e+00  2.37872e-05
 7.22500e+00  1.00106e+00  2.32493e-05
 7.25000e+00  9.99151e-01  2.27256e-05
 7.27500e+00  9.97326e-01  2.22169e-05
 7.30000e+00  9.95640e-01  2.17238e-05
 7.32500e+00  9.94146e-01  2.12471e-05
 7.35000e+00  9.92887e-01  2.07868e-05
 7.37500e+00  9.91901e-01  2.03432e-05
 7.40000e+00  9.91212e-01  1.99161e-05
 7.42500e+00  9.90837e-01  1.95050e-05
 7.45000e+00  9.90779e-01  1.91095e-05
 7.47500e+00  9.91032e-01  1.87287e-05
 7.50000e+00  9.91579e-01  1.83618e-05
 7.52500e+00  9.92394e-01  1.80078e-05
 7.55000e+00  9.93441e-01  1.76655e-05
 7.57500e+00  9.94680e-01  1.73339e-05
 7.60000e+00  9.96062e-01  1.70117e-05
 7.62500e+00  9.97537e-01  1.66979e-05
 7.65000e+00  9.99053e-01  1.63913e-05
 7.67500e+00  1.00056e+00  1.60911e-05
 7.70000e+00  1.00200e+00  1.57962e-05
 7.72500e+00  1.00333e+00  1.55058e-05
 7.75000e+00  1.00452e+00  1.52195e-05
 7.77500e+00  1.00551e+00  1.49365e-05
 7.80000e+00  1.00630e+00  1.46566e-05
 7.82500e+00  1.00685e+00  1.43795e-05
 7.85000e+00  1.00715e+00  1.41051e-05
 7.87500e+00  1.00721e+00  1.38334e-05
 7.90000e+00  1.00702e+00  1.35646e-05
 7.92500e+00  1.00661e+00  1.32988e-05
 7.95000e+00  1.00599e+00  1.30364e-05
 7.97500e+00  1.00518e+00  1.27776e-05
 8.00000e+00  1.00423e+00  1.25228e-05
 8.02500e+00  1.00316e+00  1.22724e-05
 8.05000e+00  1.00202e+00  1.20268e-05
 8.07500e+00  1.00084e+00  1.17863e-05
 8.10000e+00  9.99672e-01  1.15512e-05
 8.12500e+00  9.98544e-01  1.13219e-05
 8.15000e+00  9.97497e-01  1.10985e-05
 8.17500e+00  9.96563e-01  1.08811e-05
 8.20000e+00  9.95769e-01  1.06700e-05
 8.22500e+00  9.95137e-01  1.04650e-05
 8.25000e+00  9.94686e-01  1.02662e-05
 8.27500e+00  9.94423e-01  1.00734e-05
 8.30000e+00  9.94354e-01  9.88640e-06
 8.32500e+00  9.94474e-01  9.70507e-06
 8.35000e+00  9.94776e-01  9.52908e-06
 8.37500e+00  9.95243e-01  9.35812e-06
 8.40000e+00  9.95857e-01  9.19184e-06
 8.42500e+00  9.96592e-01  9.02989e-06
 8.45000e+00  9.97421e-01  8.87190e-06
 8.47500e+00  9.98313e-01  8.71751e-06
 8.50000e+00  9.99238e-01  8.56637e-06
 8.52500e+00  1.00016e+00  8.41814e-06
 8.55000e+00  1.00106e+00  8.27252e-06
 8.57500e+00  1.00189e+00  8.12924e-06
 8.60000e+00  1.00264e+00  7.98807e-06
 8.62500e+00  1.00328e+00  7.84883e-06
 8.65000e+00  1.00379e+00  7.71136e-06
 8.67500e+00  1.00416e+00  7.57557e-06
 8.70000e+00  1.00438e+00  7.44139e-06
 8.72500e+00  1.00445e+00  7.30880e-06
 8.75000e+00  1.00437e+00  7.17782e-06
 8.77500e+00  1.00414e+00  7.04849e-06
 8.80000e+00  1.00378e+00  6.92089e-06
 8.82500e+00  1.00331e+00  6.79509e-06
 8.85000e+00  1.00274e+00  6.67121e-06
 8.87500e+00  1.00209e+00  6.54935e-06
 8.90000e+00  1.00139e+00  6.42962e-06
 8.92500e+00  1.00066e+00  6.31213e-06
 8.95000e+00  9.99931e-01  6.19699e-06
 8.97500e+00  9.99225e-01  6.08426e-06
 9.00000e+00  9.98564e-01  5.97402e-06
 9.02500e+00  9.97970e-01  5.86633e-06
 9.05000e+00  9.97460e-01  5.76119e-06
 9.07500e+00  9.97048e-01  5.65862e-06
 9.10000e+00  9.96747e-01  5.55860e-06
 9.12500e+00  9.96562e-01  5.46109e-06
 9.15000e+00  9.96498e-01  5.36603e-06
 9.17500e+00  9.96551e-01  5.27333e-06
 9.20000e+00  9.96719e-01  5.18291e-06
 9.22500e+00  9.96991e-01  5.09465e-06
 9.25000e+00  9.97356e-01  5.00844e-06
 9.27500e+00  9.97799e-01  4.92415e-06
 9.30000e+00  9.98304e-01  4.84165e-06
 9.32500e+00  9.98852e-01  4.76083e-06
 9.35000e+00  9.99423e-01  4.68155e-06
 9.37500e+00  9.99997e-01  4.60370e-06
 9.40000e+00  1.00056e+00  4.52717e-06
 9.42500e+00  1.00108e+00  4.45186e-06
 9.45000e+00  1.00156e+00  4.37769e-06
 9.47500e+00  1.00197e+00  4.30458e-06
 9.50000e+00  1.00230e+00  4.23249e-06
 9.52500e+00  1.00255e+00  4.16135e-06
 9.55000e+00  1.00271e+00  4.09116e-06
 9.57500e+00  1.00277e+00  4.02188e-06
 9.60000e+00  1.00273e+00  3.95352e-06
 9.62500e+00  1.00261e+00  3.88607e-06
 9.65000e+00  1.00240e+00  3.81957e-06
 9.67500e+00  1.00212e+00  3.75402e-06
 9.70000e+00  1.00178e+00  3.68947e-06
 9.72500e+00  1.00138e+00  3.62593e-06
 9.75000e+00  1.00095e+00  3.56344e-06
 9.77500e+00  1.00050e+00  3.50204e-06
 9.80000e+00  1.00004e+00  3.44174e-06
 9.82500e+00  9.99599e-01  3.38259e-06
 9.85000e+00  9.99180e-01  3.32458e-06
 9.87500e+00  9.98799e-01  3.26775e-06
 9.90000e+00  9.98469e-01  3.21209e-06
 9.92500e+00  9.98199e-01  3.15761e-06
 9.95000e+00  9.97996e-01  3.10429e-06
 9.97500e+00  9.97866e-01  3.05212e-06
 1.00000e+01  9.97811e-01  3.00108e-06
 1.00250e+01  9.97830e-01  2.95114e-06
 1.00500e+01  9.97922e-01  2.90225e-06
 1.00750e+01  9.98080e-01  2.85439e-06
 1.01000e+01  9.98298e-01  2.80751e-06
 1.01250e+01  9.98567e-01  2.76157e-06
 1.01500e+01  9.98877e-01  2.71651e-06
 1.01750e+01  9.99216e-01  2.67229e-06
 1.02000e+01  9.99572e-01  2.62887e-06
 1.02250e+01  9.99932e-01  2.58620e-06
 1.02500e+01  1.00029e+00  2.54424e-06
 1.02750e+01  1.00062e+00  2.50295e-06
 1.03000e+01  1.00092e+00  2.46230e-06
 1.03250e+01  1.00119e+00  2.42225e-06
 1.03500e+01  1.00141e+00  2.38280e-06
 1.03750e+01  1.00157e+00  2.34392e-06
 1.04000e+01  1.00168e+00  2.30558e-06
 1.04250e+01  1.00173e+00  2.26780e-06
 1.04500e+01  1.00172e+00  2.23055e-06
 1.04750e+01  1.00166e+00  2.19383e-06
 1.05000e+01  1.00154e+00  2.15766e-06
 1.05250e+01  1.00137e+00  2.12203e-06
 1.05500e+01  1.00116e+00  2.08696e-06
 1.05750e+01  1.00092e+00  2.05244e-06
 1.06000e+01  1.00065e+00  2.01848e-06
 1.06250e+01  1.00037e+00  1.98511e-06
 1.06500e+01  1.00008e+00  1.95231e-06
 1.06750e+01  9.99800e-01  1.92010e-06
 1.07000e+01  9.99532e-01  1.88849e-06
 1.07250e+01  9.99288e-01  1.85747e-06
 1.07500e+01  9.99074e-01  1.82705e-06
 1.07750e+01  9.98896e-01  1.79723e-06
 1.08000e+01  9.98760e-01  1.76800e-06
 1.08250e+01  9.98669e-01  1.73934e-06
 1.08500e+01  9.98625e-01  1.71127e-06
 1.08750e+01  9.98628e-01  1.68375e-06
 1.09000e+01  9.98677e-01  1.65679e-06
 1.09250e+01  9.98768e-01  1.63035e-06
 1.09500e+01  9.98899e-01  1.60444e-06
 1.09750e+01  9.99063e-01  1.57902e-06
 1.10000e+01  9.99254e-01  1.55408e-06
 1.10250e+01  9.99464e-01  1.52960e-06
 1.10500e+01  9.99687e-01  1.50557e-06
 1.10750e+01  9.99915e-01  1.48196e-06
 1.11000e+01  1.00014e+00  1.45876e-06
 1.11250e+01  1.00035e+00  1.43596e-06
 1.11500e+01  1.00055e+00  1.41354e-06
 1.11750e+01  1.00072e+00  1.39148e-06
 1.12000e+01  1.00087e+00  1.36978e-06
 1.12250e+01  1.00098e+00  1.34843e-06
 1.12500e+01  1.00105e+00  1.32742e-06
 1.12750e+01  1.00109e+00  1.30674e-06
 1.13000e+01  1.00109e+00  1.28639e-06
 1.13250e+01  1.00106e+00  1.26637e-06
 1.13500e+01  1.00099e+00  1.24667e-06
 1.13750e+01  1.00089e+00  1.22730e-06
 1.14000e+01  1.00076e+00  1.20825e-06
 1.14250e+01  1.00061e+00  1.18953e-06
 1.14500e+01  1.00044e+00  1.17114e-06
 1.14750e+01  1.00027e+00  1.15307e-06
 1.15000e+01  1.00008e+00  1.13534e-06
 1.15250e+01  9.99906e-01  1.11793e-06
 1.15500e+01  9.99735e-01  1.10086e-06
 1.15750e+01  9.99577e-01  1.08412e-06
 1.16000e+01  9.99437e-01  1.06770e-06
 1.16250e+01  9.99320e-01  1.05162e-06
 1.16500e+01  9.99229e-01  1.03586e-06
 1.16750e+01  9.99166e-01  1.02043e-06
 1.17000e+01  9.99132e-01  1.00531e-06
 1.17250e+01  9.99128e-01  9.90505e-07
 1.17500e+01  9.99154e-01  9.76007e-07
 1.17750e+01  9.99207e-01  9.61809e-07
 1.18000e+01  9.99285e-01  9.47905e-07
 1.18250e+01  9.99385e-01  9.34286e-07
 1.18500e+01  9.99503e-01  9.20944e-07
 1.18750e+01  9.99634e-01  9.07871e-07
 1.19000e+01  9.99775e-01  8.95059e-07
 1.19250e+01  9.99919e-01  8.82500e-07
 1.19500e+01  1.00006e+00  8.70185e-07
 1.19750e+01  1.00020e+00  8.58107e-07
 1.20000e+01  1.00033e+00  8.46258e-07
 1.20250e+01  1.00044e+00  8.34632e-07
 1.20500e+01  1.00053e+00  8.23221e-07
 1.20750e+01  1.00061e+00  8.12022e-07
 1.21000e+01  1.00066e+00  8.01028e-07
 1.21250e+01  1.00069e+00  7.90235e-07
 1.21500e+01  1.00070e+00  7.79640e-07
 1.21750e+01  1.00068e+00  7.69239e-07
 1.22000e+01  1.00064e+00  7.59029e-07
 1.22250e+01  1.00058e+00  7.49010e-07
 1.22500e+01  1.00050e+00  7.39178e-07
 1.22750e+01  1.00041e+00  7.29534e-07
 1.23000e+01  1.00030e+00  7.20077e-07
 1.23250e+01  1.00019e+00  7.10805e-07
 1.23500e+01  1.00008e+00  7.01718e-07
 1.23750e+01  9.99961e-01  6.92817e-07
 1.24000e+01  9.99851e-01  6.84100e-07
 1.24250e+01  9.99749e-01  6.75567e-07
 1.24500e+01  9.99657e-01  6.67218e-07
 1.24750e+01  9.99580e-01  6.59051e-07
 1.25000e+01  9.99518e-01  6.51066e-07
 1.25250e+01  9.99475e-01  6.43260e-07
 1.25500e+01  9.99450e-01  6.35632e-07
 1.25750e+01  9.99444e-01  6.28180e-07
 1.26000e+01  9.99456e-01  6.20900e-07
 1.26250e+01  9.99487e-01  6.13789e-07
 1.26500e+01  9.99534e-01  6.06844e-07
 1.26750e+01  9.99595e-01  6.00060e-07
 1.27000e+01  9.99668e-01  5.93434e-07
 1.27250e+01  9.99751e-01  5.86961e-07
 1.27500e+01  9.99839e-01  5.80635e-07
 1.27750e+01  9.99931e-01  5.74452e-07
 1.28000e+01  1.00002e+00  5.68407e-07
 1.28250e+01  1.00011e+00  5.62494e-07
 1.28500e+01  1.00019e+00  5.56709e-07
 1.28750e+01  1.00027e+00  5.51046e-07
 1.29000e+01  1.00033e+00  5.45500e-07
 1.29250e+01  1.00038e+00  5.40067e-07
 1.29500e+01  1.00042e+00  5.34743e-07
 1.29750e+01  1.00044e+00  5.29524e-07
 1.30000e+01  1.00045e+00  5.24406e-07
 1.30250e+01  1.00044e+00  5.19385e-07
 1.30500e+01  1.00041e+00  5.14461e-07
 1.30750e+01  1.00038e+00  5.09629e-07
 1.31000e+01  1.00033e+00  5.04890e-07
 1.31250e+01  1.00027e+00  5.00240e-07
 1.31500e+01  1.00021e+00  4.95681e-07
 1.31750e+01  1.00014e+00  4.91210e-07
 1.32000e+01  1.00006e+00  4.86829e-07
 1.32250e+01  9.99989e-01  4.82537e-07
 1.32500e+01  9.99918e-01  4.78334e-07
 1.32750e+01  9.99851e-01  4.74221e-07
 1.33000e+01  9.99791e-01  4.70199e-07
 1.33250e+01  9.99740e-01  4.66267e-07
 1.33500e+01  9.99698e-01  4.62427e-07
 1.33750e+01  9.99668e-01  4.58678e-07
 1.34000e+01  9.99650e-01  4.55021e-07
 1.34250e+01  9.99644e-01  4.51454e-07
 1.34500e+01  9.99650e-01  4.47977e-07
 1.34750e+01  9.99667e-01  4.44588e-07
 1.35000e+01  9.99695e-01  4.41286e-07
 1.35250e+01  9.99733e-01  4.38069e-07
 1.35500e+01  9.99778e-01  4.34934e-07
 1.35750e+01  9.99830e-01  4.31878e-07
 1.36000e+01  9.99886e-01  4.28897e-07
 1.36250e+01  9.99945e-01  4.25987e-07
 1.36500e+01  1.00000e+00  4.23145e-07
 1.36750e+01  1.00006e+00  4.20366e-07
 1.37000e+01  1.00011e+00  4.17645e-07
 1.37250e+01  1.00016e+00  4.14979e-07
 1.37500e+01  1.00020e+00  4.12362e-07
 1.37750e+01  1.00024e+00  4.09790e-07
 1.38000e+01  1.00026e+00  4.07260e-07
 1.38250e+01  1.00028e+00  4.04766e-07
 1.38500e+01  1.00029e+00  4.02307e-07
 1.38750e+01  1.00028e+00  3.99880e-07
 1.39000e+01  1.00027e+00  3.97481e-07
 1.39250e+01  1.00025e+00  3.95110e-07
 1.39500e+01  1.00022e+00  3.92764e-07
 1.39750e+01  1.00018e+00  3.90445e-07
 1.40000e+01  1.00014e+00  3.88151e-07
 1.40250e+01  1.00010e+00  3.85883e-07
 1.40500e+01  1.00005e+00  3.83643e-07
 1.40750e+01  1.00000e+00  3.81432e-07
 1.41000e+01  9.99955e-01  3.79253e-07
 1.41250e+01  9.99912e-01  3.77106e-07
 1.41500e+01  9.99873e-01  3.74996e-07
 1.41750e+01  9.99839e-01  3.72923e-07
 1.42000e+01  9.99811e-01  3.70891e-07
 1.42250e+01  9.99790e-01  3.68901e-07
 1.42500e+01  9.99777e-01  3.66956e-07
 1.42750e+01  9.99771e-01  3.65056e-07
 1.43000e+01  9.99773e-01  3.63202e-07
 1.43250e+01  9.99783e-01  3.61396e-07
 1.43500e+01  9.99800e-01  3.59635e-07
 1.43750e+01  9.99823e-01  3.57921e-07
 1.44000e+01  9.99852e-01  3.56249e-07
 1.44250e+01  9.99884e-01  3.54620e-07
 1.44500e+01  9.99920e-01  3.53029e-07
 1.44750e+01  9.99957e-01  3.51472e-07
 1.45000e+01  9.99995e-01  3.49947e-07
 1.45250e+01  1.00003e+00  3.48448e-07
 1.45500e+01  1.00007e+00  3.46971e-07
 1.45750e+01  1.00010e+00  3.45511e-07
 1.46000e+01  1.00013e+00  3.44064e-07
 1.46250e+01  1.00015e+00  3.42623e-07
 1.46500e+01  1.00017e+00  3.41186e-07
 1.46750e+01  1.00018e+00  3.39748e-07
 1.47000e+01  1.00018e+00  3.38305e-07
 1.47250e+01  1.00018e+00  3.36855e-07
 1.47500e+01  1.00017e+00  3.35396e-07
 1.47750e+01  1.00016e+00  3.33925e-07
 1.48000e+01  1.00014e+00  3.32444e-07
 1.48250e+01  1.00012e+00  3.30951e-07
 1.48500e+01  1.00010e+00  3.29448e-07
 1.48750e+01  1.00007e+00  3.27938e-07
 1.49000e+01  1.00004e+00  3.26422e-07
 1.49250e+01  1.00001e+00  3.24905e-07
 1.49500e+01  9.99977e-01  3.23390e-07
 1.49750e+01  9.99948e-01  3.21881e-07
 1.50000e+01  9.99922e-01  3.20384e-07
 1.50250e+01  9.99900e-01  3.18902e-07
 1.50500e+01  9.99881e-01  3.17440e-07
 1.50750e+01  9.99867e-01  3.16003e-07
 1.51000e+01  9.99857e-01  3.14593e-07
 1.51250e+01  9.99853e-01  3.13215e-07
 1.51500e+01  9.99853e-01  3.11871e-07
 1.51750e+01  9.99859e-01  3.10563e-07
 1.52000e+01  9.99869e-01  3.09291e-07
 1.52250e+01  9.99883e-01  3.08055e-07
 1.52500e+01  9.99901e-01  3.06855e-07
 1.52750e+01  9.99921e-01  3.05687e-07
 1.53000e+01  9.99944e-01  3.04548e-07
 1.53250e+01  9.99968e-01  3.03435e-07
 1.53500e+01  9.99992e-01  3.02343e-07
 1.53750e+01  1.00002e+00  3.01267e-07
 1.54000e+01  1.00004e+00  3.00200e-07
 1.54250e+01  1.00006e+00  2.99137e-07
 1.54500e+01  1.00008e+00  2.98071e-07
 1.54750e+01  1.00009e+00  2.96996e-07
 1.55000e+01  1.00011e+00  2.95906e-07
 1.55250e+01  1.00011e+00  2.94798e-07
 1.55500e+01  1.00012e+00  2.93665e-07
 1.55750e+01  1.00012e+00  2.92504e-07
 1.56000e+01  1.00011e+00  2.91313e-07
 1.56250e+01  1.00011e+00  2.90090e-07
 1.56500e+01  1.00010e+00  2.88836e-07
 1.56750e+01  1.00008e+00  2.87550e-07
 1.57000e+01  1.00007e+00  2.86235e-07
 1.57250e+01  1.00005e+00  2.84895e-07
 1.57500e+01  1.00003e+00  2.83533e-07
 1.57750e+01  1.00001e+00  2.82155e-07
 1.58000e+01  9.99989e-01  2.80767e-07
 1.58250e+01  9.99970e-01  2.79376e-07
 1.58500e+01  9.99953e-01  2.77988e-07
 1.58750e+01  9.99938e-01  2.76611e-07
 1.59000e+01  9.99925e-01  2.75252e-07
 1.59250e+01  9.99915e-01  2.73917e-07
 1.59500e+01  9.99908e-01  2.72613e-07
 1.59750e+01  9.99905e-01  2.71345e-07
 1.60000e+01  9.99905e-01  2.70117e-07
 1.60250e+01  9.99908e-01  2.68932e-07
 1.60500e+01  9.99913e-01  2.67792e-07
 1.60750e+01  9.99922e-01  2.66698e-07
 1.61000e+01  9.99933e-01  2.65648e-07
 1.61250e+01  9.99946e-01  2.64640e-07
 1.61500e+01  9.99961e-01  2.63670e-07
 1.61750e+01  9.99976e-01  2.62733e-07
 1.62000e+01  9.99992e-01  2.61821e-07
 1.62250e+01  1.00001e+00  2.60929e-07
 1.62500e+01  1.00002e+00  2.60047e-07
 1.62750e+01  1.00004e+00  2.59168e-07
 1.63000e+01  1.00005e+00  2.58282e-07
 1.63250e+01  1.00006e+00  2.57381e-07
 1.63500e+01  1.00007e+00  2.56457e-07
 1.63750e+01  1.00007e+00  2.55501e-07
 1.64000e+01  1.00008e+00  2.54508e-07
 1.64250e+01  1.00008e+00  2.53473e-07
 1.64500e+01  1.00007e+00  2.52390e-07
 1.64750e+01  1.00007e+00  2.51259e-07
 1.65000e+01  1.00006e+00  2.50079e-07
 1.65250e+01  1.00005e+00  2.48850e-07
 1.65500e+01  1.00004e+00  2.47576e-07
 1.65750e+01  1.00003e+00  2.46262e-07
 1.66000e+01  1.00002e+00  2.44913e-07
 1.66250e+01  1.00001e+00  2.43538e-07
 1.66500e+01  9.99995e-01  2.42145e-07
 1.66750e+01  9.99983e-01  2.40744e-07
 1.67000e+01  9.99971e-01  2.39346e-07
 1.67250e+01  9.99961e-01  2.37960e-07
 1.67500e+01  9.99953e-01  2.36597e-07
 1.67750e+01  9.99946e-01  2.35268e-07
 1.68000e+01  9.99941e-01  2.33980e-07
 1.68250e+01  9.99938e-01  2.32743e-07
 1.68500e+01  9.99938e-01  2.31563e-07
 1.68750e+01  9.99939e-01  2.30445e-07
 1.69000e+01  9.99943e-01  2.29391e-07
 1.69250e+01  9.99948e-01  2.28404e-07
 1.69500e+01  9.99955e-01  2.27481e-07
 1.69750e+01  9.99963e-01  2.26620e-07
 1.70000e+01  9.99973e-01  2.25815e-07
 1.70250e+01  9.99983e-01  2.25060e-07
 1.70500e+01  9.99993e-01  2.24346e-07
 1.70750e+01  1.00000e+00  2.23661e-07
 1.71000e+01  1.00001e+00  2.22995e-07
 1.71250e+01  1.00002e+00  2.22335e-07
 1.71500e+01  1.00003e+00  2.21669e-07
 1.71750e+01  1.00004e+00  2.20983e-07
 1.72000e+01  1.00004e+00  2.20265e-07
 1.72250e+01  1.00005e+00  2.19504e-07
 1.72500e+01  1.00005e+00  2.18689e-07
 1.72750e+01  1.00005e+00  2.17813e-07
 1.73000e+01  1.00005e+00  2.16868e-07
 1.73250e+01  1.00005e+00  2.15851e-07
 1.73500e+01  1.00004e+00  2.14760e-07
 1.73750e+01  1.00004e+00  2.13596e-07
 1.74000e+01  1.00003e+00  2.12363e-07
 1.74250e+01  1.00002e+00  2.11067e-07
 1.74500e+01  1.00001e+00  2.09717e-07
 1.74750e+01  1.00001e+00  2.08325e-07
 1.75000e+01  9.99998e-01  2.06903e-07
 1.75250e+01  9.99990e-01  2.05466e-07
 1.75500e+01  9.99983e-01  2.04029e-07
 1.75750e+01  9.99976e-01  2.02609e-07
 1.76000e+01  9.99970e-01  2.01219e-07
 1.76250e+01  9.99965e-01  1.99878e-07
 1.76500e+01  9.99962e-01  1.98597e-07
 1.76750e+01  9.99960e-01  1.97389e-07
 1.77000e+01  9.99959e-01  1.96265e-07
 1.77250e+01  9.99960e-01  1.95233e-07
 1.77500e+01  9.99962e-01  1.94297e-07
 1.77750e+01  9.99965e-01  1.93459e-07
 1.78000e+01  9.99970e-01  1.92719e-07
 1.78250e+01  9.99975e-01  1.92071e-07
 1.78500e+01  9.99981e-01  1.91508e-07
 1.78750e+01  9.99987e-01  1.91021e-07
 1.79000e+01  9.99994e-01  1.90597e-07
 1.79250e+01  1.00000e+00  1.90220e-07
 1.79500e+01  1.00001e+00  1.89873e-07
 1.79750e+01  1.00001e+00  1.89539e-07
 1.80000e+01  1.00002e+00  1.89199e-07
 1.80250e+01  1.00002e+00  1.88833e-07
 1.80500e+01  1.00003e+00  1.88424e-07
 1.80750e+01  1.00003e+00  1.87954e-07
 1.81000e+01  1.00003e+00  1.87406e-07
 1.81250e+01  1.00003e+00  1.86768e-07
 1.81500e+01  1.00003e+00  1.86028e-07
 1.81750e+01  1.00003e+00  1.85180e-07
 1.82000e+01  1.00003e+00  1.84218e-07
 1.82250e+01  1.00002e+00  1.83144e-07
 1.82500e+01  1.00002e+00  1.81961e-07
 1.82750e+01  1.00002e+00  1.80677e-07
 1.83000e+01  1.00001e+00  1.79304e-07
 1.83250e+01  1.00001e+00  1.77857e-07
 1.83500e+01  1.00000e+00  1.76356e-07
 1.83750e+01  9.99995e-01  1.74822e-07
 1.84000e+01  9.99990e-01  1.73278e-07
 1.84250e+01  9.99985e-01  1.71750e-07
 1.84500e+01  9.99981e-01  1.70263e-07
 1.84750e+01  9.99978e-01  1.68841e-07
 1.85000e+01  9.99975e-01  1.67507e-07
 1.85250e+01  9.99974e-01  1.66283e-07
 1.85500e+01  9.99973e-01  1.65186e-07
 1.85750e+01  9.99974e-01  1.64231e-07
 1.86000e+01  9.99975e-01  1.63425e-07
 1.86250e+01  9.99977e-01  1.62773e-07
 1.86500e+01  9.99980e-01  1.62275e-07
 1.86750e+01  9.99983e-01  1.61925e-07
 1.87000e+01  9.99987e-01  1.61710e-07
 1.87250e+01  9.99991e-01  1.61615e-07
 1.87500e+01  9.99995e-01  1.61619e-07
 1.87750e+01  1.00000e+00  1.61699e-07
 1.88000e+01  1.00000e+00  1.61827e-07
 1.88250e+01  1.00001e+00  1.61976e-07
 1.88500e+01  1.00001e+00  1.62115e-07
 1.88750e+01  1.00002e+00  1.62215e-07
 1.89000e+01  1.00002e+00  1.62248e-07
 1.89250e+01  1.00002e+00  1.62187e-07
 1.89500e+01  1.00002e+00  1.62006e-07
 1.89750e+01  1.00002e+00  1.61687e-07
 1.90000e+01  1.00002e+00  1.61212e-07
 1.90250e+01  1.00002e+00  1.60570e-07
 1.90500e+01  1.00002e+00  1.59752e-07
 1.90750e+01  1.00002e+00  1.58759e-07
 1.91000e+01  1.00001e+00  1.57594e-07
 1.91250e+01  1.00001e+00  1.56268e-07
 1.91500e+01  1.00001e+00  1.54795e-07
 1.91750e+01  1.00000e+00  1.53198e-07
 1.92000e+01  1.00000e+00  1.51502e-07
 1.92250e+01  9.99997e-01  1.49737e-07
 1.92500e+01  9.99994e-01  1.47939e-07
 1.92750e+01  9.99991e-01  1.46145e-07
 1.93000e+01  9.99988e-01  1.44394e-07
 1.93250e+01  9.99986e-01  1.42724e-07
 1.93500e+01  9.99984e-01  1.41176e-07
 1.93750e+01  9.99983e-01  1.39786e-07
 1.94000e+01  9.99982e-01  1.38586e-07
 1.94250e+01  9.99982e-01  1.37605e-07
 1.94500e+01  9.99983e-01  1.36864e-07
 1.94750e+01  9.99984e-01  1.36375e-07
 1.95000e+01  9.99986e-01  1.36145e-07
 1.95250e+01  9.99988e-01  1.36169e-07
 1.95500e+01  9.99991e-01  1.36432e-07
 1.95750e+01  9.99993e-01  1.36912e-07
 1.96000e+01  9.99996e-01  1.37575e-07
 1.96250e+01  9.99999e-01  1.38382e-07
 1.96500e+01  1.00000e+00  1.39285e-07
 1.96750e+01  1.00000e+00  1.40232e-07
 1.97000e+01  1.00001e+00  1.41170e-07
 1.97250e+01  1.00001e+00  1.42043e-07
 1.97500e+01  1.00001e+00  1.42799e-07
 1.97750e+01  1.00001e+00  1.43387e-07
 1.98000e+01  1.00001e+00  1.43765e-07
 1.98250e+01  1.00001e+00  1.43897e-07
 1.98500e+01  1.00001e+00  1.43755e-07
 1.98750e+01  1.00001e+00  1.43322e-07
 1.99000e+01  1.00001e+00  1.42591e-07
 1.99250e+01  1.00001e+00  1.41564e-07
 1.99500e+01  1.00001e+00  1.40252e-07
 1.99750e+01  1.00001e+00  1.38677e-07
 2.00000e+01  1.00001e+00  1.36867e-07
 2.00250e+01  1.00000e+00  1.34858e-07
 2.00500e+01  1.00000e+00  1.32692e-07
 2.00750e+01  9.99998e-01  1.30417e-07
 2.01000e+01  9.99996e-01  1.28084e-07
 2.01250e+01  9.99994e-01  1.25747e-07
 2.01500e+01  9.99992e-01  1.23464e-07
 2.01750e+01  9.99991e-01  1.21292e-07
 2.02000e+01  9.99990e-01  1.19287e-07
 2.02250e+01  9.99989e-01  1.17506e-07
 2.02500e+01  9.99988e-01  1.15999e-07
 2.02750e+01  9.99988e-01  1.14815e-07
 2.03000e+01  9.99989e-01  1.13993e-07
 2.03250e+01  9.99989e-01  1.13566e-07
 2.03500e+01  9.99990e-01  1.13555e-07
 2.03750e+01  9.99992e-01  1.13970e-07
 2.04000e+01  9.99993e-01  1.14806e-07
 2.04250e+01  9.99995e-01  1.16045e-07
 2.04500e+01  9.99997e-01  1.17650e-07
 2.04750e+01  9.99999e-01  1.19571e-07
 2.05000e+01  1.00000e+00  1.21740e-07
 2.05250e+01  1.00000e+00  1.24075e-07
 2.05500e+01  1.00000e+00  1.26480e-07
 2.05750e+01  1.00001e+00  1.28851e-07
 2.06000e+01  1.00001e+00  1.31077e-07
 2.06250e+01  1.00001e+00  1.33047e-07
 2.06500e+01  1.00001e+00  1.34653e-07
 2.06750e+01  1.00001e+00  1.35800e-07
 2.07000e+01  1.00001e+00  1.36406e-07
 2.07250e+01  1.00001e+00  1.36413e-07
 2.07500e+01  1.00001e+00  1.35787e-07
 2.07750e+01  1.00001e+00  1.34523e-07
 2.08000e+01  1.00001e+00  1.32646e-07
 2.08250e+01  1.00001e+00  1.30207e-07
 2.08500e+01  1.00000e+00  1.27283e-07
 2.08750e+01  1.00000e+00  1.23973e-07
 2.09000e+01  1.00000e+00  1.20386e-07
 2.09250e+01  9.99999e-01  1.16644e-07
 2.09500e+01  9.99998e-01  1.12865e-07
 2.09750e+01  9.99996e-01  1.09169e-07
 2.10000e+01  9.99995e-01  1.05662e-07
 2.10250e+01  9.99994e-01  1.02443e-07
 2.10500e+01  9.99993e-01  9.95952e-08
 2.10750e+01  9.99992e-01  9.71916e-08
 2.11000e+01  9.99992e-01  9.52917e-08
 2.11250e+01  9.99992e-01  9.39441e-08
 2.11500e+01  9.99992e-01  9.31865e-08
 2.11750e+01  9.99993e-01  9.30469e-08
 2.12000e+01  9.99993e-01  9.35426e-08
 2.12250e+01  9.99994e-01  9.46810e-08
 2.12500e+01  9.99995e-01  9.64572e-08
 2.12750e+01  9.99996e-01  9.88543e-08
 2.13000e+01  9.99998e-01  1.01840e-07
 2.13250e+01  9.99999e-01  1.05367e-07
 2.13500e+01  1.00000e+00  1.09368e-07
 2.13750e+01  1.00000e+00  1.13758e-07
 2.14000e+01  1.00000e+00  1.18429e-07
 2.14250e+01  1.00000e+00  1.23253e-07
 2.14500e+01  1.00000e+00  1.28077e-07
 2.14750e+01  1.00001e+00  1.32730e-07
 2.15000e+01  1.00001e+00  1.37022e-07
 2.15250e+01  1.00001e+00  1.40750e-07
 2.15500e+01  1.00001e+00  1.43703e-07
 2.15750e+01  1.00001e+00  1.45676e-07
 2.16000e+01  1.00001e+00  1.46476e-07
 2.16250e+01  1.00001e+00  1.45941e-07
 2.16500e+01  1.00001e+00  1.43953e-07
 2.16750e+01  1.00000e+00  1.40459e-07
 2.17000e+01  1.00000e+00  1.35477e-07
 2.17250e+01  1.00000e+00  1.29120e-07
 2.17500e+01  1.00000e+00  1.21595e-07
 2.17750e+01  1.00000e+00  1.13202e-07
 2.18000e+01  9.99999e-01  1.04327e-07
 2.18250e+01  9.99998e-01  9.54113e-08
 2.18500e+01  9.99997e-01  8.69270e-08
 2.18750e+01  9.99996e-01  7.93310e-08
 2.19000e+01  9.99995e-01  7.30237e-08
 2.19250e+01  9.99995e-01  6.83131e-08
 2.19500e+01  9.99994e-01  6.53872e-08
 2.19750e+01  9.99994e-01  6.43073e-08
 2.20000e+01  9.99994e-01  6.50156e-08
 2.20250e+01  9.99995e-01  6.73631e-08
 2.20500e+01  9.99995e-01  7.11420e-08
 2.20750e+01  9.99996e-01  7.61230e-08
 2.21000e+01  9.99997e-01  8.20813e-08
 2.21250e+01  9.99997e-01  8.88157e-08
 2.21500e+01  9.99998e-01  9.61529e-08
 2.21750e+01  9.99999e-01  1.03947e-07
 2.22000e+01  1.00000e+00  1.12072e-07
 2.22250e+01  1.00000e+00  1.20412e-07
 2.22500e+01  1.00000e+00  1.28857e-07
 2.22750e+01  1.00000e+00  1.37294e-07
 2.23000e+01  1.00000e+00  1.45601e-07
 2.23250e+01  1.00000e+00  1.53643e-07
 2.23500e+01  1.00000e+00  1.61269e-07
 2.23750e+01  1.00000e+00  1.68305e-07
 2.24000e+01  1.00000e+00  1.74552e-07
 2.24250e+01  1.00000e+00  1.79786e-07
 2.24500e+01  1.00000e+00  1.83751e-07
 2.24750e+01  1.00000e+00  1.86166e-07
 2.25000e+01  1.00000e+00  1.86723e-07
 2.25250e+01  1.00000e+00  1.85098e-07
 2.25500e+01  1.00000e+00  1.80962e-07
 2.25750e+01  1.00000e+00  1.74002e-07
 2.26000e+01  1.00000e+00  1.63951e-07
 2.26250e+01  1.00000e+00  1.50629e-07
 2.26500e+01  9.99999e-01  1.33992e-07
 2.26750e+01  9.99999e-01  1.14206e-07
 2.27000e+01  9.99998e-01  9.17128e-08
 2.27250e+01  9.99997e-01  6.73104e-08
 2.27500e+01  9.99997e-01  4.22123e-08
 2.27750e+01  9.99996e-01  1.80757e-08
 2.28000e+01  9.99996e-01 -3.03767e-09
 2.28250e+01  9.99996e-01 -1.87965e-08
 2.28500e+01  9.99996e-01 -2.68596e-08
 2.28750e+01  9.99996e-01 -2.52564e-08
 2.29000e+01  9.99996e-01 -1.28478e-08
 2.29250e+01  9.99997e-01  1.02464e-08
 2.29500e+01  9.99997e-01  4.24107e-08
 2.29750e+01  9.99998e-01  8.06551e-08
 2.30000e+01  9.99999e-01  1.21161e-07
 2.30250e+01  9.99999e-01  1.60136e-07
 2.30500e+01  1.00000e+00  1.94668e-07
 2.30750e+01  1.00000e+00  2.23223e-07
 2.31000e+01  1.00000e+00  2.45602e-07
 2.31250e+01  1.00000e+00  2.62498e-07
 2.31500e+01  1.00000e+00  2.74939e-07
 2.31750e+01  1.00000e+00  2.83893e-07
 2.32000e+01  1.00000e+00  2.90099e-07
 2.32250e+01  1.00000e+00  2.94056e-07
 2.32500e+01  1.00000e+00  2.96089e-07
 2.32750e+01  1.00000e+00  2.96408e-07
 2.33000e+01  1.00000e+00  2.95136e-07
 2.33250e+01  1.00000e+00  2.92338e-07
 2.33500e+01  1.00000e+00  2.88025e-07
 2.33750e+01  1.00000e+00  2.82163e-07
 2.34000e+01  1.00000e+00  2.74679e-07
 2.34250e+01  1.00000e+00  2.65464e-07
 2.34500e+01  1.00000e+00  2.54376e-07
 2.34750e+01  1.00000e+00  2.41246e-07
 2.35000e+01  1.00000e+00  2.25883e-07
 2.35250e+01  9.99999e-01  2.08091e-07
 2.35500e+01  9.99999e-01  1.87679e-07
 2.35750e+01  9.99998e-01  1.64494e-07
 2.36000e+01  9.99998e-01  1.38464e-07
 2.36250e+01  9.99997e-01  1.09658e-07
 2.36500e+01  9.99997e-01  7.83896e-08
 2.36750e+01  9.99997e-01  4.53495e-08
 2.37000e+01  9.99997e-01  1.18081e-08
 2.37250e+01  9.99997e-01 -2.01272e-08
 2.37500e+01  9.99997e-01 -4.71762e-08
 2.37750e+01  9.99997e-01 -6.45376e-08
 2.38000e+01  9.99997e-01 -6.56016e-08
 2.38250e+01  9.99998e-01 -4.20265e-08
 2.38500e+01  9.99998e-01  1.53878e-08
 2.38750e+01  9.99999e-01  1.14175e-07
 2.39000e+01  1.00000e+00  2.55255e-07
 2.39250e+01  1.00000e+00  4.25432e-07
 2.39500e+01  1.00000e+00  5.90467e-07
 2.39750e+01  1.00000e+00  6.96849e-07
 2.40000e+01  1.00000e+00  6.92966e-07
 2.40250e+01  1.00000e+00  5.64788e-07
 2.40500e+01  1.00000e+00  3.51341e-07
 2.40750e+01  1.00000e+00  1.14026e-07
 2.41000e+01  1.00000e+00 -9.84321e-08
 2.41250e+01  1.00000e+00 -2.61740e-07
 2.41500e+01  1.00000e+00 -3.79042e-07
 2.41750e+01  1.00000e+00 -4.63172e-07
 2.42000e+01  1.00000e+00 -5.21728e-07
 2.42250e+01  1.00000e+00 -5.58825e-07
 2.42500e+01  1.00000e+00 -5.77239e-07
 2.42750e+01  1.00000e+00 -5.79383e-07
 2.43000e+01  1.00000e+00 -5.67434e-07
 2.43250e+01  1.00000e+00 -5.43561e-07
 2.43500e+01  1.00000e+00 -5.09853e-07
 2.43750e+01  9.99999e-01 -4.68396e-07
 2.44000e+01  9.99999e-01 -4.21182e-07
 2.44250e+01  9.99999e-01 -3.70142e-07
 2.44500e+01  9.99998e-01 -3.17061e-07
 2.44750e+01  9.99998e-01 -2.63600e-07
 2.45000e+01  9.99998e-01 -2.11226e-07
 2.45250e+01  9.99998e-01 -1.61237e-07
 2.45500e+01  9.99998e-01 -1.14702e-07
 2.45750e+01  9.99997e-01 -7.24909e-08
 2.46000e+01  9.99998e-01 -3.52373e-08
 2.46250e+01  9.99998e-01 -3.36670e-09
 2.46500e+01  9.99998e-01  2.29236e-08
 2.46750e+01  9.99998e-01  4.36281e-08
 2.47000e+01  9.99998e-01  5.89418e-08
 2.47250e+01  9.99999e-01  6.92176e-08
 2.47500e+01  9.99999e-01  7.49649e-08
 2.47750e+01  1.00000e+00  7.68013e-08
 2.48000e+01  1.00000e+00  7.54451e-08
 2.48250e+01  1.00000e+00  7.16635e-08
 2.48500e+01  1.00000e+00  6.62603e-08
 2.48750e+01  1.00000e+00  6.00242e-08
 2.49000e+01  1.00000e+00  5.37135e-08
 2.49250e+01  1.00000e+00  4.80048e-08
 2.49500e+01  1.00000e+00  4.34767e-08
 2.49750e+01  1.00000e+00  4.05613e-08
 2.50000e+01  1.00000e+00  3.95344e-08
