# r/r_s,   beta v_ii^eff   (both unitless)
5.000000000000000104e-03, 3.684136148790473442e+01
1.499999999999999944e-02, 3.684136148790473442e+01
2.499999999999999792e-02, 3.684136148790473442e+01
3.499999999999999639e-02, 3.684136148790473442e+01
4.499999999999999140e-02, 3.684136148790473442e+01
5.499999999999998640e-02, 3.684136148790473442e+01
6.499999999999998834e-02, 3.684136148790473442e+01
7.499999999999999722e-02, 3.684136148790473442e+01
8.499999999999999223e-02, 3.684136148790473442e+01
9.499999999999998723e-02, 3.684136148790473442e+01
1.049999999999999822e-01, 3.684136148790473442e+01
1.149999999999999911e-01, 3.684136148790473442e+01
1.249999999999999861e-01, 3.684136148790473442e+01
1.349999999999999811e-01, 3.684136148790473442e+01
1.449999999999999900e-01, 3.684136148790473442e+01
1.549999999999999711e-01, 3.684136148790473442e+01
1.649999999999999800e-01, 3.684136148790473442e+01
1.749999999999999889e-01, 3.684136148790473442e+01
1.849999999999999700e-01, 3.684136148790473442e+01
1.949999999999999789e-01, 3.684136148790473442e+01
2.049999999999999600e-01, 3.684136148790473442e+01
2.149999999999999689e-01, 3.684136148790473442e+01
2.249999999999999778e-01, 3.684136148790473442e+01
2.349999999999999589e-01, 3.684136148790473442e+01
2.449999999999999678e-01, 3.684136148790473442e+01
2.549999999999999489e-01, 3.684136148790473442e+01
2.649999999999999578e-01, 3.684136148790473442e+01
2.749999999999999667e-01, 3.684136148790473442e+01
2.849999999999999756e-01, 3.684136148790473442e+01
2.949999999999999845e-01, 3.684136148790473442e+01
3.049999999999999378e-01, 3.684136148790473442e+01
3.149999999999999467e-01, 3.684136148790473442e+01
3.249999999999999556e-01, 3.684136148790473442e+01
3.349999999999999645e-01, 3.684136148790473442e+01
3.449999999999999734e-01, 3.684136148790473442e+01
3.549999999999999267e-01, 3.684136148790473442e+01
3.649999999999999356e-01, 3.684136148790473442e+01
3.749999999999999445e-01, 3.684136148790473442e+01
3.849999999999999534e-01, 3.684136148790473442e+01
3.949999999999999623e-01, 3.684136148790473442e+01
4.049999999999999156e-01, 3.684136148790473442e+01
4.149999999999999245e-01, 3.684136148790473442e+01
4.249999999999999334e-01, 3.684136148790473442e+01
4.349999999999999423e-01, 3.684136148790473442e+01
4.449999999999999512e-01, 3.684136148790473442e+01
4.549999999999999600e-01, 3.684136148790473442e+01
4.649999999999999134e-01, 3.684136148790473442e+01
4.749999999999999223e-01, 3.753927185881678241e+01
4.849999999999999312e-01, 3.539846819264653988e+01
4.949999999999999400e-01, 3.352155489003533972e+01
5.049999999999998934e-01, 3.173443120036749576e+01
5.149999999999999023e-01, 3.005119824313344878e+01
5.249999999999999112e-01, 2.846310098034975056e+01
5.349999999999999201e-01, 2.696444376593117198e+01
5.449999999999999289e-01, 2.554940455540954503e+01
5.549999999999999378e-01, 2.421268771859864444e+01
5.649999999999999467e-01, 2.294938246668646542e+01
5.749999999999999556e-01, 2.175494352836417988e+01
5.849999999999999645e-01, 2.062515592845294421e+01
5.949999999999998623e-01, 1.955610684187223214e+01
6.049999999999998712e-01, 1.854416029703692814e+01
6.149999999999998801e-01, 1.758593417552607718e+01
6.249999999999998890e-01, 1.667827932705355565e+01
6.349999999999998979e-01, 1.581826075312722146e+01
6.449999999999999067e-01, 1.500314053627969280e+01
6.549999999999999156e-01, 1.423036234708909831e+01
6.649999999999999245e-01, 1.349753736406523608e+01
6.749999999999999334e-01, 1.280243145760857360e+01
6.849999999999999423e-01, 1.214295350917521255e+01
6.949999999999999512e-01, 1.151714475056482812e+01
7.049999999999998490e-01, 1.092316902206212959e+01
7.149999999999998579e-01, 1.035930385900542205e+01
7.249999999999998668e-01, 9.823932326569391194e+00
7.349999999999998757e-01, 9.315535531200136887e+00
7.449999999999998845e-01, 8.832685744820800267e+00
7.549999999999998934e-01, 8.374040084690118846e+00
7.649999999999999023e-01, 7.938334697743999691e+00
7.749999999999999112e-01, 7.524379403516161524e+00
7.849999999999999201e-01, 7.131052754392229964e+00
7.949999999999999289e-01, 6.757297476093564015e+00
8.049999999999998268e-01, 6.402116254971518039e+00
8.149999999999998357e-01, 6.064567841979537910e+00
8.249999999999998446e-01, 5.743763446133426598e+00
8.349999999999998535e-01, 5.438863392903701133e+00
8.449999999999998623e-01, 5.149074025347768035e+00
8.549999999999998712e-01, 4.873644827911492783e+00
8.649999999999998801e-01, 4.611865754734569833e+00
8.749999999999998890e-01, 4.363064746003142425e+00
8.849999999999998979e-01, 4.126605417425396105e+00
8.949999999999999067e-01, 3.901884909278049651e+00
9.049999999999999156e-01, 3.688331882698743680e+00
9.149999999999998135e-01, 3.485404651996144132e+00
9.249999999999998224e-01, 3.292589442728806048e+00
9.349999999999998312e-01, 3.109398766179093165e+00
9.449999999999998401e-01, 2.935369901630640932e+00
9.549999999999998490e-01, 2.770063478558974168e+00
9.649999999999998579e-01, 2.613062151474792927e+00
9.749999999999998668e-01, 2.463969360727473301e+00
9.849999999999998757e-01, 2.322408173090770855e+00
9.949999999999998845e-01, 2.188020196421085473e+00
1.004999999999999893e+00, 2.060464563106685798e+00
1.014999999999999680e+00, 1.939416977419593069e+00
1.024999999999999689e+00, 1.824568822244639454e+00
1.034999999999999698e+00, 1.715626320995920606e+00
1.044999999999999707e+00, 1.612309750842263245e+00
1.054999999999999716e+00, 1.514352703653038201e+00
1.064999999999999725e+00, 1.421501391344784260e+00
1.074999999999999734e+00, 1.333513992559692385e+00
1.084999999999999742e+00, 1.250160037839894045e+00
1.094999999999999751e+00, 1.171219830677734830e+00
1.104999999999999760e+00, 1.096483902022738377e+00
1.114999999999999769e+00, 1.025752496011530956e+00
1.124999999999999778e+00, 9.588350848583966357e-01
1.134999999999999787e+00, 8.955499110022633324e-01
1.144999999999999796e+00, 8.357235547512570362e-01
1.154999999999999805e+00, 7.791905257997268075e-01
1.164999999999999813e+00, 7.257928771152121206e-01
1.174999999999999822e+00, 6.753798398052714980e-01
1.184999999999999609e+00, 6.278074776770343757e-01
1.194999999999999618e+00, 5.829383602965974021e-01
1.204999999999999627e+00, 5.406412534416862314e-01
1.214999999999999636e+00, 5.007908259200024581e-01
1.224999999999999645e+00, 4.632673717980547723e-01
1.234999999999999654e+00, 4.279565471516184605e-01
1.244999999999999662e+00, 3.947491205098181410e-01
1.254999999999999671e+00, 3.635407362206908299e-01
1.264999999999999680e+00, 3.342316900174492900e-01
1.274999999999999689e+00, 3.067267161118380492e-01
1.284999999999999698e+00, 2.809347851843747579e-01
1.294999999999999707e+00, 2.567689126812998102e-01
1.304999999999999716e+00, 2.341459768646938500e-01
1.314999999999999725e+00, 2.129865460962122037e-01
1.324999999999999734e+00, 1.932147148658190094e-01
1.334999999999999742e+00, 1.747579481056087680e-01
1.344999999999999751e+00, 1.575469333550177931e-01
1.354999999999999760e+00, 1.415154403677742756e-01
1.364999999999999769e+00, 1.266001877730069392e-01
1.374999999999999778e+00, 1.127407164232039627e-01
1.384999999999999787e+00, 9.987926908009184257e-02
1.394999999999999574e+00, 8.796067610656355118e-02
1.404999999999999583e+00, 7.693224684821978188e-02
1.414999999999999591e+00, 6.674366640237136550e-02
1.424999999999999600e+00, 5.734689748548663091e-02
1.434999999999999609e+00, 4.869608712215614532e-02
1.444999999999999618e+00, 4.074747788994972919e-02
1.454999999999999627e+00, 3.345932346517355160e-02
1.464999999999999636e+00, 2.679180822435944798e-02
1.474999999999999645e+00, 2.070697066603718883e-02
1.484999999999999654e+00, 1.516863042632840552e-02
1.494999999999999662e+00, 1.014231867091922035e-02
1.504999999999999671e+00, 5.595211654681464530e-03
1.514999999999999680e+00, 1.496067248888094392e-03
1.524999999999999689e+00, -2.184835755390107659e-03
1.534999999999999698e+00, -5.475755750399324828e-03
1.544999999999999707e+00, -8.403543995350953866e-03
1.554999999999999716e+00, -1.099369804564542807e-02
1.564999999999999725e+00, -1.327041308393372976e-02
1.574999999999999734e+00, -1.525663130007576251e-02
1.584999999999999742e+00, -1.697408945804310121e-02
1.594999999999999751e+00, -1.844336477856090006e-02
1.604999999999999538e+00, -1.968391925708205814e-02
1.614999999999999547e+00, -2.071414252748701723e-02
1.624999999999999556e+00, -2.155139337279744771e-02
1.634999999999999565e+00, -2.221203997509237082e-02
1.644999999999999574e+00, -2.271149898801505529e-02
1.654999999999999583e+00, -2.306427350658731001e-02
1.664999999999999591e+00, -2.328399000068893943e-02
1.674999999999999600e+00, -2.338343427046038481e-02
1.684999999999999609e+00, -2.337458647428967973e-02
1.694999999999999618e+00, -2.326865527266192002e-02
1.704999999999999627e+00, -2.307611112443519463e-02
1.714999999999999636e+00, -2.280671876569033418e-02
1.724999999999999645e+00, -2.246956889551322833e-02
1.734999999999999654e+00, -2.207310908774730296e-02
1.744999999999999662e+00, -2.162517394301451817e-02
1.754999999999999671e+00, -2.113301449106285562e-02
1.764999999999999680e+00, -2.060332684986059329e-02
1.774999999999999689e+00, -2.004228014469999417e-02
1.784999999999999698e+00, -1.945554368802066003e-02
1.794999999999999707e+00, -1.884831341852356151e-02
1.804999999999999716e+00, -1.822533759658162208e-02
1.814999999999999725e+00, -1.759094175180107161e-02
1.824999999999999512e+00, -1.694905287788712328e-02
1.834999999999999520e+00, -1.630322286964228790e-02
1.844999999999999529e+00, -1.565665119699867144e-02
1.854999999999999538e+00, -1.501220681134486125e-02
1.864999999999999547e+00, -1.437244928010256509e-02
1.874999999999999556e+00, -1.373964914640404648e-02
1.884999999999999565e+00, -1.311580751185366378e-02
1.894999999999999574e+00, -1.250267484171862023e-02
1.904999999999999583e+00, -1.190176899325924575e-02
1.914999999999999591e+00, -1.131439246955215014e-02
1.924999999999999600e+00, -1.074164890274372647e-02
1.934999999999999609e+00, -1.018445877237551811e-02
1.944999999999999618e+00, -9.643574366097466821e-03
1.954999999999999627e+00, -9.119593991793243509e-03
1.964999999999999636e+00, -8.612975451774109587e-03
1.974999999999999645e+00, -8.124048791328768171e-03
1.984999999999999654e+00, -7.653028335400168664e-03
1.994999999999999662e+00, -7.200024028667709880e-03
2.004999999999999893e+00, -6.765052095598172305e-03
2.014999999999999680e+00, -6.348045038313730737e-03
2.024999999999999467e+00, -5.948860991215221272e-03
2.034999999999999698e+00, -5.567292452323326091e-03
2.044999999999999485e+00, -5.203074412127542403e-03
2.054999999999999716e+00, -4.855891901551334655e-03
2.064999999999999503e+00, -4.525386981156336030e-03
2.074999999999999734e+00, -4.211165194287838642e-03
2.084999999999999520e+00, -3.912801507147990743e-03
2.094999999999999751e+00, -3.629845759082865608e-03
2.104999999999999538e+00, -3.361827646435451566e-03
2.114999999999999769e+00, -3.108261263373289507e-03
2.124999999999999556e+00, -2.868649222970406920e-03
2.134999999999999787e+00, -2.642486381639524984e-03
2.144999999999999574e+00, -2.429263189734243156e-03
2.154999999999999361e+00, -2.228468690768821425e-03
2.164999999999999591e+00, -2.039593191222766055e-03
2.174999999999999378e+00, -1.862130622459670648e-03
2.184999999999999609e+00, -1.695580615620952136e-03
2.194999999999999396e+00, -1.539450309830645014e-03
2.204999999999999627e+00, -1.393255913257528122e-03
2.214999999999999414e+00, -1.256524035996096911e-03
2.224999999999999645e+00, -1.128792812876935892e-03
2.234999999999999432e+00, -1.009612833630949003e-03
2.244999999999999662e+00, -8.985478969822241480e-04
2.254999999999999449e+00, -7.951756044992375205e-04
2.264999999999999680e+00, -6.990878091988617093e-04
2.274999999999999467e+00, -6.098909331096677433e-04
2.284999999999999698e+00, -5.272061671616513900e-04
2.294999999999999485e+00, -4.506695660382101232e-04
2.304999999999999716e+00, -3.799320497542210684e-04
2.314999999999999503e+00, -3.146593230476356362e-04
2.324999999999999734e+00, -2.545317228217561234e-04
2.334999999999999520e+00, -1.992440032225900604e-04
2.344999999999999751e+00, -1.485050671506012165e-04
2.354999999999999538e+00, -1.020376524106803018e-04
2.364999999999999325e+00, -5.957797990383678632e-05
2.374999999999999556e+00, -2.087537079008272567e-05
2.384999999999999343e+00, 1.430816120332606411e-05
2.394999999999999574e+00, 4.619833662561703691e-05
2.404999999999999361e+00, 7.500905121935602660e-05
2.414999999999999591e+00, 1.009428262991989012e-04
2.424999999999999378e+00, 1.241912645218966327e-04
2.434999999999999609e+00, 1.449355073842896469e-04
2.444999999999999396e+00, 1.633466912918466601e-04
2.454999999999999627e+00, 1.795863993503364620e-04
2.464999999999999414e+00, 1.938071065201770610e-04
2.474999999999999645e+00, 2.061526160071838754e-04
2.484999999999999432e+00, 2.167584852038242221e-04
2.494999999999999662e+00, 2.257524396727444635e-04
2.504999999999999449e+00, 2.332547740573620576e-04
2.514999999999999680e+00, 2.393787389224286133e-04
2.524999999999999467e+00, 2.442309128979440989e-04
2.534999999999999698e+00, 2.479115595566262591e-04
2.544999999999999485e+00, 2.505149687614550286e-04
2.554999999999999716e+00, 2.521297822882606707e-04
2.564999999999999503e+00, 2.528393037501087612e-04
2.574999999999999289e+00, 2.527217929106791942e-04
2.584999999999999520e+00, 2.518507446316877677e-04
2.594999999999999307e+00, 2.502951527651501272e-04
2.604999999999999538e+00, 2.481197594046123146e-04
2.614999999999999325e+00, 2.453852899501431963e-04
2.624999999999999556e+00, 2.421486745246672137e-04
2.634999999999999343e+00, 2.384632562951439182e-04
2.644999999999999574e+00, 2.343789873180861585e-04
2.654999999999999361e+00, 2.299426125078087024e-04
2.664999999999999591e+00, 2.251978423932236503e-04
2.674999999999999378e+00, 2.201855152861986048e-04
2.684999999999999609e+00, 2.149437495248540664e-04
2.694999999999999396e+00, 2.095080864233109588e-04
2.704999999999999627e+00, 2.039116245647603493e-04
2.714999999999999414e+00, 1.981851460361163872e-04
2.724999999999999645e+00, 1.923572352268247687e-04
2.734999999999999432e+00, 1.864543907299865202e-04
2.744999999999999662e+00, 1.805011309198630703e-04
2.754999999999999449e+00, 1.745200937029230820e-04
2.764999999999999680e+00, 1.685321309411336871e-04
2.774999999999999467e+00, 1.625563979956029526e-04
2.784999999999999254e+00, 1.566104388304769002e-04
2.794999999999999485e+00, 1.507102670466990701e-04
2.804999999999999272e+00, 1.448704432262144792e-04
2.814999999999999503e+00, 1.391041489037063428e-04
2.824999999999999289e+00, 1.334232574674507066e-04
2.834999999999999520e+00, 1.278384022561310923e-04
2.844999999999999307e+00, 1.223590420816531021e-04
2.854999999999999538e+00, 1.169935243989245893e-04
2.864999999999999325e+00, 1.117491462930709362e-04
2.874999999999999556e+00, 1.066322134482926287e-04
2.884999999999999343e+00, 1.016480972290279700e-04
2.894999999999999574e+00, 9.680128998493849751e-05
2.904999999999999361e+00, 9.209545867063049368e-05
2.914999999999999591e+00, 8.753349686107213257e-05
2.924999999999999378e+00, 8.311757520352604234e-05
2.934999999999999609e+00, 7.884919036662847019e-05
2.944999999999999396e+00, 7.472921250360232970e-05
2.954999999999999627e+00, 7.075793125930693317e-05
2.964999999999999414e+00, 6.693510031428786394e-05
2.974999999999999645e+00, 6.325998048847120137e-05
2.984999999999999432e+00, 5.973138138495610178e-05
2.994999999999999218e+00, 5.634770157182927147e-05
3.004999999999999449e+00, 5.310696728666117195e-05
3.014999999999999236e+00, 5.000686965370929743e-05
3.024999999999999467e+00, 4.704480039382282625e-05
3.034999999999999254e+00, 4.421788601836028343e-05
3.044999999999999485e+00, 4.152302048867489992e-05
3.054999999999999272e+00, 3.895689632644853961e-05
3.064999999999999503e+00, 3.651603417542843844e-05
3.074999999999999289e+00, 3.419681080672493795e-05
3.084999999999999520e+00, 3.199548554781066548e-05
3.094999999999999307e+00, 2.990822516635467665e-05
3.104999999999999538e+00, 2.793112718908362033e-05
3.114999999999999325e+00, 2.606024168624529458e-05
3.124999999999999556e+00, 2.429159151863969496e-05
3.134999999999999343e+00, 2.262119108262282755e-05
3.144999999999999574e+00, 2.104506356884802004e-05
3.154999999999999361e+00, 1.955925677553024822e-05
3.164999999999999591e+00, 1.815985748519722762e-05
3.174999999999999378e+00, 1.684300447856151156e-05
3.184999999999999609e+00, 1.560490019422993042e-05
3.194999999999999396e+00, 1.444182110245514558e-05
3.204999999999999183e+00, 1.335012682826563525e-05
3.214999999999999414e+00, 1.232626808342265207e-05
3.224999999999999201e+00, 1.136679345462910697e-05
3.234999999999999432e+00, 1.046835511909767046e-05
3.244999999999999218e+00, 9.627713518139166104e-06
3.254999999999999449e+00, 8.841741082264448909e-06
3.264999999999999236e+00, 8.107425037996357823e-06
3.274999999999999467e+00, 7.421869380921564574e-06
3.284999999999999254e+00, 6.782296057191122655e-06
3.294999999999999485e+00, 6.186045430167695994e-06
3.304999999999999272e+00, 5.630576077258120024e-06
3.314999999999999503e+00, 5.113463999518010408e-06
3.324999999999999289e+00, 4.632401269859210899e-06
3.334999999999999520e+00, 4.185194210284438887e-06
3.344999999999999307e+00, 3.769761127279188002e-06
3.354999999999999538e+00, 3.384129679625267131e-06
3.364999999999999325e+00, 3.026433913554549965e-06
3.374999999999999556e+00, 2.694911021265938150e-06
3.384999999999999343e+00, 2.387897869059445871e-06
3.394999999999999574e+00, 2.103827345349392267e-06
3.404999999999999361e+00, 1.841224550957944878e-06
3.414999999999999591e+00, 1.598702896990836231e-06
3.424999999999999378e+00, 1.374960117037906868e-06
3.434999999999999165e+00, 1.168774257708686884e-06
3.444999999999999396e+00, 9.789996459157439962e-07
3.454999999999999183e+00, 8.045628878429727376e-07
3.464999999999999414e+00, 6.444589044781682402e-07
3.474999999999999201e+00, 4.977470419895938664e-07
3.484999999999999432e+00, 3.635472578605251220e-07
3.494999999999999218e+00, 2.410364205315210923e-07
3.504999999999999449e+00, 1.294447181810886444e-07
3.514999999999999236e+00, 2.805220319121275174e-08
3.524999999999999467e+00, -6.381452897488357201e-08
3.534999999999999254e+00, -1.467855072177781661e-07
3.544999999999999485e+00, -2.214504053119070726e-07
3.554999999999999272e+00, -2.883613970550581024e-07
3.564999999999999503e+00, -3.480358614854975330e-07
3.574999999999999289e+00, -4.009589135414628330e-07
3.584999999999999520e+00, -4.475857873153469418e-07
3.594999999999999307e+00, -4.883440509805079405e-07
3.604999999999999538e+00, -5.236356681291316068e-07
3.614999999999999325e+00, -5.538389075028515851e-07
3.624999999999999556e+00, -5.793101047924398977e-07
3.634999999999999343e+00, -6.003852796713539386e-07
3.644999999999999130e+00, -6.173816198293356067e-07
3.654999999999999361e+00, -6.305988304365715141e-07
3.664999999999999147e+00, -6.403203658697856349e-07
3.674999999999999378e+00, -6.468145406655825130e-07
3.684999999999999165e+00, -6.503355371714411581e-07
3.694999999999999396e+00, -6.511243051574803348e-07
3.704999999999999183e+00, -6.494093753269588459e-07
3.714999999999999414e+00, -6.454075820580204570e-07
3.724999999999999201e+00, -6.393247139106859184e-07
3.734999999999999432e+00, -6.313560800049605737e-07
3.744999999999999218e+00, -6.216870310293094379e-07
3.754999999999999449e+00, -6.104934074301028232e-07
3.764999999999999236e+00, -5.979419426035276208e-07
3.774999999999999467e+00, -5.841906262316846205e-07
3.784999999999999254e+00, -5.693890185828236541e-07
3.794999999999999485e+00, -5.536785410831636736e-07
3.804999999999999272e+00, -5.371927384590887214e-07
3.814999999999999503e+00, -5.200575076085402551e-07
3.824999999999999289e+00, -5.023913206949129351e-07
3.834999999999999520e+00, -4.843054257769319193e-07
3.844999999999999307e+00, -4.659040382076328618e-07
3.854999999999999094e+00, -4.472845201115632427e-07
3.864999999999999325e+00, -4.285375622992701819e-07
3.874999999999999112e+00, -4.097473546388840336e-07
3.884999999999999343e+00, -3.909917624661659805e-07
3.894999999999999130e+00, -3.723424954920392244e-07
3.904999999999999361e+00, -3.538652872371269610e-07
3.914999999999999147e+00, -3.356200745786408045e-07
3.924999999999999378e+00, -3.176611782796919057e-07
3.934999999999999165e+00, -3.000374915099039176e-07
3.944999999999999396e+00, -2.827926729474306618e-07
3.954999999999999183e+00, -2.659653438185589154e-07
3.964999999999999414e+00, -2.495892920522049959e-07
3.974999999999999201e+00, -2.336936752692802578e-07
3.984999999999999432e+00, -2.183032373865933335e-07
3.994999999999999218e+00, -2.034385225584058477e-07
4.004999999999999893e+00, -1.891160922349677340e-07
4.014999999999999680e+00, -1.753487480113358980e-07
4.024999999999999467e+00, -1.621457552228083767e-07
4.034999999999999254e+00, -1.495130648237683046e-07
4.044999999999999041e+00, -1.374535402521638063e-07
4.054999999999999716e+00, -1.259671797653296246e-07
4.064999999999999503e+00, -1.150513354183056725e-07
4.074999999999999289e+00, -1.047009378319849193e-07
4.084999999999999076e+00, -9.490870778015468232e-08
4.094999999999998863e+00, -8.566536988411851961e-08
4.104999999999999538e+00, -7.695985594196588439e-08
4.114999999999999325e+00, -6.877951442147691927e-08
4.124999999999999112e+00, -6.111029517217713564e-08
4.134999999999998899e+00, -5.393694382614796709e-08
4.144999999999999574e+00, -4.724317880460239885e-08
4.154999999999999361e+00, -4.101186655986735138e-08
4.164999999999999147e+00, -3.522518281890655439e-08
4.174999999999998934e+00, -2.986476814101617777e-08
4.184999999999999609e+00, -2.491187444417057584e-08
4.194999999999999396e+00, -2.034750277079763747e-08
4.204999999999999183e+00, -1.615252583818610824e-08
4.214999999999998970e+00, -1.230781182499180934e-08
4.224999999999999645e+00, -8.794326559623429074e-09
4.234999999999999432e+00, -5.593238371103589207e-09
4.244999999999999218e+00, -2.685999274127520708e-09
4.254999999999999005e+00, -5.443281421305470880e-11
4.264999999999999680e+00, 2.319202108461669576e-09
4.274999999999999467e+00, 4.452143629349140930e-09
4.284999999999999254e+00, 6.361077750692903376e-09
4.294999999999999041e+00, 8.062091926507291423e-09
4.304999999999998828e+00, 9.570636237568683896e-09
4.314999999999999503e+00, 1.090149518123391739e-08
4.324999999999999289e+00, 1.206876616748281741e-08
4.334999999999999076e+00, 1.308584041489644842e-08
4.344999999999998863e+00, 1.396539483101283396e-08
4.354999999999999538e+00, 1.471938675118170461e-08
4.364999999999999325e+00, 1.535905736101128571e-08
4.374999999999999112e+00, 1.589493358808424794e-08
4.384999999999998899e+00, 1.633684357352270869e-08
4.394999999999999574e+00, 1.669392500728032400e-08
4.404999999999999361e+00, 1.697464820153661222e-08
4.414999999999999147e+00, 1.718683229810996985e-08
4.424999999999998934e+00, 1.733767226959120542e-08
4.434999999999999609e+00, 1.743375967739701875e-08
4.444999999999999396e+00, 1.748111563579864310e-08
4.454999999999999183e+00, 1.748521269104037074e-08
4.464999999999998970e+00, 1.745101183936274836e-08
4.474999999999999645e+00, 1.738298680508103961e-08
4.484999999999999432e+00, 1.728515773140879355e-08
4.494999999999999218e+00, 1.716112094381325344e-08
4.504999999999999005e+00, 1.701408340894195424e-08
4.514999999999998792e+00, 1.684688551896874713e-08
4.524999999999999467e+00, 1.666203993198466394e-08
4.534999999999999254e+00, 1.646175375694277059e-08
4.544999999999999041e+00, 1.624796201876439576e-08
4.554999999999998828e+00, 1.602234915613019988e-08
4.564999999999999503e+00, 1.578638222055029575e-08
4.574999999999999289e+00, 1.554132740182797168e-08
4.584999999999999076e+00, 1.528828105438188216e-08
4.594999999999998863e+00, 1.502818503728377319e-08
4.604999999999999538e+00, 1.476185296664199583e-08
4.614999999999999325e+00, 1.448998306116108326e-08
4.624999999999999112e+00, 1.421318209275049954e-08
4.634999999999998899e+00, 1.393197419146261959e-08
4.644999999999999574e+00, 1.364682212822552099e-08
4.654999999999999361e+00, 1.335813552654873374e-08
4.664999999999999147e+00, 1.306628404619549996e-08
4.674999999999998934e+00, 1.277160631146738554e-08
4.684999999999999609e+00, 1.247442221827621349e-08
4.694999999999999396e+00, 1.217503496585338484e-08
4.704999999999999183e+00, 1.187374163705621046e-08
4.714999999999998970e+00, 1.157083762587011273e-08
4.724999999999998757e+00, 1.126662054372806667e-08
4.734999999999999432e+00, 1.096139152143412116e-08
4.744999999999999218e+00, 1.065546188597514456e-08
4.754999999999999005e+00, 1.034914928682909279e-08
4.764999999999998792e+00, 1.004278411930045137e-08
4.774999999999999467e+00, 9.736704482241520693e-09
4.784999999999999254e+00, 9.431260672646403324e-09
4.794999999999999041e+00, 9.126810043781543452e-09
4.804999999999998828e+00, 8.823719035476267590e-09
4.814999999999999503e+00, 8.522359178024627342e-09
4.824999999999999289e+00, 8.223107842846326052e-09
4.834999999999999076e+00, 7.926342441042866574e-09
4.844999999999998863e+00, 7.632442568437339432e-09
4.854999999999999538e+00, 7.341784183056390863e-09
4.864999999999999325e+00, 7.054738310809669302e-09
4.874999999999999112e+00, 6.771670008301369607e-09
4.884999999999998899e+00, 6.492933775584393795e-09
4.894999999999999574e+00, 6.218873088503296467e-09
4.904999999999999361e+00, 5.949817616089409129e-09
4.914999999999999147e+00, 5.686080772866015584e-09
4.924999999999998934e+00, 5.427958689127338615e-09
4.934999999999998721e+00, 5.175727226075749025e-09
4.944999999999999396e+00, 4.929642656199286453e-09
4.954999999999999183e+00, 4.689937454276853039e-09
4.964999999999998970e+00, 4.456822258998099050e-09
4.974999999999998757e+00, 4.230482309543247624e-09
4.984999999999999432e+00, 4.011078931902300505e-09
4.994999999999999218e+00, 3.798747518382974454e-09
5.004999999999999005e+00, 3.593598254297207355e-09
5.014999999999998792e+00, 3.395715790545654651e-09
5.024999999999999467e+00, 3.205158997192088070e-09
5.034999999999999254e+00, 3.021962351391254201e-09
5.044999999999999041e+00, 2.846134671677705806e-09
5.054999999999998828e+00, 2.677662298689715246e-09
5.064999999999999503e+00, 2.516507282451004718e-09
5.074999999999999289e+00, 2.362610548444377817e-09
5.084999999999999076e+00, 2.215891579818510260e-09
5.094999999999998863e+00, 2.076249780602775191e-09
5.104999999999999538e+00, 1.943566991510293010e-09
5.114999999999999325e+00, 1.817706739371872417e-09
5.124999999999999112e+00, 1.698517409674197426e-09
5.134999999999998899e+00, 1.585832866608273550e-09
5.144999999999998685e+00, 1.479473717296594763e-09
5.154999999999999361e+00, 1.379250618176088711e-09
5.164999999999999147e+00, 1.284962058434866491e-09
5.174999999999998934e+00, 1.196400779722363739e-09
5.184999999999998721e+00, 1.113350435871525001e-09
5.194999999999999396e+00, 1.035590417063146466e-09
5.204999999999999183e+00, 9.628953524887869271e-10
5.214999999999998970e+00, 8.950378423640595847e-10
5.224999999999998757e+00, 8.317876774487575290e-10
5.234999999999999432e+00, 7.729165413028265749e-10
5.244999999999999218e+00, 7.181944280247891301e-10
5.254999999999999005e+00, 6.673963528194468402e-10
5.264999999999998792e+00, 6.202973128531877062e-10
5.274999999999999467e+00, 5.766779032196457178e-10
5.284999999999999254e+00, 5.363234850889721456e-10
5.294999999999999041e+00, 4.990245694035962522e-10
5.304999999999998828e+00, 4.645766332533407886e-10
5.314999999999999503e+00, 4.327852166073438618e-10
5.324999999999999289e+00, 4.034591883873051867e-10
5.334999999999999076e+00, 3.764182416701833769e-10
5.344999999999998863e+00, 3.514872196682811522e-10
5.354999999999998650e+00, 3.285029776499499892e-10
5.364999999999999325e+00, 3.073064183413693059e-10
5.374999999999999112e+00, 2.877514669548169798e-10
5.384999999999998899e+00, 2.696968191172799054e-10
5.394999999999998685e+00, 2.530130563915789724e-10
5.404999999999999361e+00, 2.375766974489957771e-10
5.414999999999999147e+00, 2.232751860578341711e-10
5.424999999999998934e+00, 2.100021905740293623e-10
5.434999999999998721e+00, 1.976612314054843099e-10
5.444999999999999396e+00, 1.861623456910909032e-10
5.454999999999999183e+00, 1.754243565189363141e-10
5.464999999999998970e+00, 1.653721426663693882e-10
5.474999999999998757e+00, 1.559391708066905271e-10
5.484999999999999432e+00, 1.470643328964967456e-10
5.494999999999999218e+00, 1.386931538210477589e-10
5.504999999999999005e+00, 1.307769692573111132e-10
5.514999999999998792e+00, 1.232737506569477580e-10
5.524999999999999467e+00, 1.161449028112501204e-10
5.534999999999999254e+00, 1.093571326904268191e-10
5.544999999999999041e+00, 1.028817901843072889e-10
5.554999999999998828e+00, 9.669513624925595886e-11
5.564999999999998614e+00, 9.077507333389079648e-11
5.574999999999999289e+00, 8.510482243719876515e-11
5.584999999999999076e+00, 7.966878073117672661e-11
5.594999999999998863e+00, 7.445521825623748272e-11
5.604999999999998650e+00, 6.945337456670526259e-11
5.614999999999999325e+00, 6.465637998143234505e-11
5.624999999999999112e+00, 6.005625995288274219e-11
5.634999999999998899e+00, 5.564933952697083755e-11
5.644999999999998685e+00, 5.143114850764628730e-11
5.654999999999999361e+00, 4.739952611386064572e-11
5.664999999999999147e+00, 4.355136284023069723e-11
5.674999999999998934e+00, 3.988571245608666868e-11
5.684999999999998721e+00, 3.640046607978285852e-11
5.694999999999999396e+00, 3.309536256767349645e-11
5.704999999999999183e+00, 2.996800040855839529e-11
5.714999999999998970e+00, 2.701915655865501711e-11
5.724999999999998757e+00, 2.424569516985548671e-11
5.734999999999999432e+00, 2.164737412965029272e-11
5.744999999999999218e+00, 1.922151482509275137e-11
5.754999999999999005e+00, 1.696633503109920386e-11
5.764999999999998792e+00, 1.487917185904259927e-11
5.774999999999998579e+00, 1.295705474574219192e-11
5.784999999999999254e+00, 1.119581163888661024e-11
5.794999999999999041e+00, 9.593040627476115932e-12
5.804999999999998828e+00, 8.142786893708658241e-12
5.814999999999998614e+00, 6.841027756144982090e-12
5.824999999999999289e+00, 5.682550418173622220e-12
5.834999999999999076e+00, 4.661974296120657661e-12
5.844999999999998863e+00, 3.772617609545188440e-12
5.854999999999998650e+00, 3.009188342232324391e-12
5.864999999999999325e+00, 2.364534476624233737e-12
5.874999999999999112e+00, 1.832334775242147086e-12
5.884999999999998899e+00, 1.405235464056460264e-12
5.894999999999998685e+00, 1.076707606333473545e-12
5.904999999999999361e+00, 8.391409947480321478e-13
5.914999999999999147e+00, 6.856300398846819355e-13
5.924999999999998934e+00, 6.089626060221597567e-13
5.934999999999998721e+00, 6.019351903990008759e-13
5.944999999999999396e+00, 6.572844507641488303e-13
5.954999999999999183e+00, 7.680289730067771728e-13
5.964999999999998970e+00, 9.283043829618441156e-13
5.974999999999998757e+00, 1.130385702880940760e-12
5.984999999999998543e+00, 1.368202056201649457e-12
5.994999999999999218e+00, 1.635960880212196638e-12
6.004999999999999005e+00, 1.927618031768771182e-12
6.014999999999998792e+00, 2.237726533155156303e-12
6.024999999999998579e+00, 2.561216516946439379e-12
6.034999999999999254e+00, 2.892486615248799926e-12
6.044999999999999041e+00, 3.227896318200844671e-12
6.054999999999998828e+00, 3.562932092423214256e-12
6.064999999999998614e+00, 3.893326964921945852e-12
6.074999999999999289e+00, 4.216284491097090667e-12
6.084999999999999076e+00, 4.528543307381066997e-12
6.094999999999998863e+00, 4.826978442839591817e-12
6.104999999999998650e+00, 5.109474763876779889e-12
6.114999999999999325e+00, 5.373933157042635632e-12
6.124999999999999112e+00, 5.619022288984949678e-12
6.134999999999998899e+00, 5.842625472225895051e-12
6.144999999999998685e+00, 6.043960088132757300e-12
6.154999999999999361e+00, 6.222101870447118528e-12
6.164999999999999147e+00, 6.377039889055827367e-12
6.174999999999998934e+00, 6.507776164234714642e-12
6.184999999999998721e+00, 6.614596781785231968e-12
6.194999999999998508e+00, 6.697525152003975558e-12
6.204999999999999183e+00, 6.757849142747466425e-12
6.214999999999998970e+00, 6.794823667412882955e-12
6.224999999999998757e+00, 6.809399489990331997e-12
6.234999999999998543e+00, 6.803136104861860073e-12
6.244999999999999218e+00, 6.776566816676552699e-12
6.254999999999999005e+00, 6.730834462615636112e-12
6.264999999999998792e+00, 6.667304892623920291e-12
6.274999999999998579e+00, 6.587201716097448694e-12
6.284999999999999254e+00, 6.491573439546243635e-12
6.294999999999999041e+00, 6.381938424585400019e-12
6.304999999999998828e+00, 6.258759530674879064e-12
6.314999999999998614e+00, 6.124912405871488913e-12
6.324999999999999289e+00, 5.981530183747012057e-12
6.334999999999999076e+00, 5.828918987937816831e-12
6.344999999999998863e+00, 5.669378440897898143e-12
6.354999999999998650e+00, 5.503354353008054877e-12
6.364999999999999325e+00, 5.333527655544147410e-12
6.374999999999999112e+00, 5.159479478008264283e-12
6.384999999999998899e+00, 4.982853082105770728e-12
6.394999999999998685e+00, 4.805629075659869059e-12
6.404999999999998472e+00, 4.627766516486020790e-12
6.414999999999999147e+00, 4.450181752778652883e-12
6.424999999999998934e+00, 4.274284281243314384e-12
6.434999999999998721e+00, 4.100945716570421860e-12
6.444999999999998508e+00, 3.930366035615525527e-12
6.454999999999999183e+00, 3.763323051793430064e-12
6.464999999999998970e+00, 3.600331213529265684e-12
6.474999999999998757e+00, 3.442088851207165566e-12
6.484999999999998543e+00, 3.289295299792338329e-12
6.494999999999999218e+00, 3.141153447071309054e-12
6.504999999999999005e+00, 2.999523426524159124e-12
6.514999999999998792e+00, 2.863136321386012921e-12
6.524999999999998579e+00, 2.733436901778958476e-12
6.534999999999999254e+00, 2.609201756512661988e-12
6.544999999999999041e+00, 2.491143149239722493e-12
6.554999999999998828e+00, 2.379593455265126105e-12
6.564999999999998614e+00, 2.274217407089888310e-12
6.574999999999999289e+00, 2.174309532571581157e-12
6.584999999999999076e+00, 2.080645137272210741e-12
6.594999999999998863e+00, 1.992187160002696286e-12
6.604999999999998650e+00, 1.909934544198942704e-12
6.614999999999999325e+00, 1.832296008661733625e-12
6.624999999999999112e+00, 1.760056462824389351e-12
6.634999999999998899e+00, 1.692574447788921252e-12
6.644999999999998685e+00, 1.629680679573897585e-12
6.654999999999998472e+00, 1.570499282277902382e-12
6.664999999999999147e+00, 1.515928078320135850e-12
6.674999999999998934e+00, 1.464470601675431371e-12
6.684999999999998721e+00, 1.416817329779589010e-12
6.694999999999998508e+00, 1.372083282132861441e-12
6.704999999999999183e+00, 1.330239750088748696e-12
6.714999999999998970e+00, 1.291000784112224551e-12
6.724999999999998757e+00, 1.253972746486004007e-12
6.734999999999998543e+00, 1.218875971845583742e-12
6.744999999999999218e+00, 1.186102723723023291e-12
6.754999999999999005e+00, 1.154254301317524952e-12
6.764999999999998792e+00, 1.124139389278004273e-12
6.774999999999998579e+00, 1.095047303615369290e-12
6.784999999999999254e+00, 1.067064974368084644e-12
6.794999999999999041e+00, 1.040133417920412250e-12
6.804999999999998828e+00, 1.013838783238746517e-12
6.814999999999998614e+00, 9.877040943179064055e-13
6.824999999999999289e+00, 9.625963427424823692e-13
6.834999999999999076e+00, 9.372050962276341334e-13
6.844999999999998863e+00, 9.124839780290611244e-13
6.854999999999998650e+00, 8.877827324939801222e-13
6.864999999999998437e+00, 8.635115065279788150e-13
6.874999999999999112e+00, 8.388183539691923540e-13
6.884999999999998899e+00, 8.146839274240626422e-13
6.894999999999998685e+00, 7.902201482110190935e-13
6.904999999999998472e+00, 7.663857064309724911e-13
6.914999999999999147e+00, 7.417264690713940923e-13
6.924999999999998934e+00, 7.173527821884446423e-13
6.934999999999998721e+00, 6.929830181268321638e-13
6.944999999999998508e+00, 6.692636006681656168e-13
6.954999999999999183e+00, 6.448269337092142573e-13
6.964999999999998970e+00, 6.208368339550001530e-13
6.974999999999998757e+00, 5.968583023415049375e-13
6.984999999999998543e+00, 5.734919216507486416e-13
6.994999999999999218e+00, 5.497137840565301638e-13
7.004999999999999005e+00, 5.265239044914326932e-13
7.014999999999998792e+00, 5.036175827579557557e-13
7.024999999999998579e+00, 4.811610194258448539e-13
7.034999999999999254e+00, 4.587579193310569858e-13
7.044999999999999041e+00, 4.371875150920999549e-13
7.054999999999998828e+00, 4.158938456226150869e-13
7.064999999999998614e+00, 3.954881328619564004e-13
7.074999999999998401e+00, 3.747355840380778378e-13
7.084999999999999076e+00, 3.549123792233777226e-13
7.094999999999998863e+00, 3.357925041930237163e-13
7.104999999999998650e+00, 3.174699838393257824e-13
7.114999999999998437e+00, 2.994616997918067482e-13
7.124999999999999112e+00, 2.821635891313311641e-13
7.134999999999998899e+00, 2.656864427086087083e-13
7.144999999999998685e+00, 2.500699246413395764e-13
7.154999999999998472e+00, 2.349142881062207052e-13
7.164999999999999147e+00, 2.201170931503693964e-13
7.174999999999998934e+00, 2.065175103494652992e-13
7.184999999999998721e+00, 1.934480152723921649e-13
7.194999999999998508e+00, 1.811034734602591208e-13
7.204999999999999183e+00, 1.696173941403332714e-13
7.214999999999998970e+00, 1.587444971116387421e-13
7.224999999999998757e+00, 1.482177274972245923e-13
7.234999999999998543e+00, 1.384640008080561852e-13
7.244999999999999218e+00, 1.292711441846922647e-13
7.254999999999999005e+00, 1.213338183469011471e-13
7.264999999999998792e+00, 1.134518825346298300e-13
7.274999999999998579e+00, 1.060061537082992230e-13
7.284999999999998366e+00, 9.920617082546153570e-14
7.294999999999999041e+00, 9.316288080264697818e-14
7.304999999999998828e+00, 8.750642792104682184e-14
7.314999999999998614e+00, 8.226237971135526013e-14
7.324999999999998401e+00, 7.718883124007254936e-14
7.334999999999999076e+00, 7.294354832466918063e-14
7.344999999999998863e+00, 6.905588941645081672e-14
7.354999999999998650e+00, 6.554285428138039425e-14
7.364999999999998437e+00, 6.226414062030272731e-14
7.374999999999999112e+00, 5.940888864040843502e-14
7.384999999999998899e+00, 5.648238836504183906e-14
7.394999999999998685e+00, 5.404371227080489521e-14
7.404999999999998472e+00, 5.168153627483657871e-14
7.414999999999999147e+00, 4.997327919694712439e-14
7.424999999999998934e+00, 4.799890655863184247e-14
7.434999999999998721e+00, 4.652908614850409294e-14
7.444999999999998508e+00, 4.509805339866053490e-14
7.454999999999999183e+00, 4.391257328338195689e-14
7.464999999999998970e+00, 4.236189053214616321e-14
7.474999999999998757e+00, 4.120367672507705634e-14
7.484999999999998543e+00, 4.015240310399985065e-14
7.494999999999998330e+00, 3.927514129786349804e-14
7.504999999999999005e+00, 3.839266589805767681e-14
7.514999999999998792e+00, 3.724018050863640177e-14
7.524999999999998579e+00, 3.620492574966454279e-14
7.534999999999998366e+00, 3.559744277255838237e-14
7.544999999999999041e+00, 3.446180145385642675e-14
7.554999999999998828e+00, 3.388645376856857161e-14
7.564999999999998614e+00, 3.290854120783191783e-14
7.574999999999998401e+00, 3.214309886804056558e-14
7.584999999999999076e+00, 3.132849335956203445e-14
7.594999999999998863e+00, 3.054811306435026058e-14
7.604999999999998650e+00, 2.944715869775043422e-14
7.614999999999998437e+00, 2.871973056135714453e-14
7.624999999999999112e+00, 2.753999805431660958e-14
7.634999999999998899e+00, 2.691437364318351178e-14
7.644999999999998685e+00, 2.611399786470237926e-14
7.654999999999998472e+00, 2.525576650661066663e-14
7.664999999999999147e+00, 2.441658089609620376e-14
7.674999999999998934e+00, 2.334969175941522201e-14
7.684999999999998721e+00, 2.266607629633954259e-14
7.694999999999998508e+00, 2.156488735455288600e-14
7.704999999999998295e+00, 2.055403336486015726e-14
7.714999999999998970e+00, 1.992594091147699724e-14
7.724999999999998757e+00, 1.911541196081536424e-14
7.734999999999998543e+00, 1.822445241431204792e-14
7.744999999999998330e+00, 1.716511129410316764e-14
7.754999999999999005e+00, 1.671176909633729905e-14
7.764999999999998792e+00, 1.569386879837503940e-14
7.774999999999998579e+00, 1.471676854223480249e-14
7.784999999999998366e+00, 1.377818250362930421e-14
7.794999999999999041e+00, 1.312703857798221043e-14
7.804999999999998828e+00, 1.271299352089213944e-14
7.814999999999998614e+00, 1.171540470242812349e-14
7.824999999999998401e+00, 1.082937385535642273e-14
7.834999999999999076e+00, 1.019759273230664784e-14
7.844999999999998863e+00, 9.845347119638911794e-15
7.854999999999998650e+00, 8.991904356435382944e-15
7.864999999999998437e+00, 8.193411505726217142e-15
7.874999999999999112e+00, 7.854217400226248987e-15
7.884999999999998899e+00, 7.538786459954365405e-15
7.894999999999998685e+00, 6.889672157597790943e-15
7.904999999999998472e+00, 6.249021858436434678e-15
7.914999999999998259e+00, 5.989943861326702088e-15
7.924999999999998934e+00, 5.523125316430458373e-15
7.934999999999998721e+00, 5.262552200289703536e-15
7.944999999999998508e+00, 4.468307881555508092e-15
7.954999999999998295e+00, 4.541075502672279772e-15
7.964999999999998970e+00, 4.272258214855898829e-15
7.974999999999998757e+00, 3.942941016446728248e-15
7.984999999999998543e+00, 3.545753198791328517e-15
7.994999999999998330e+00, 3.350840210602265123e-15
8.004999999999999005e+00, 3.101295304616083666e-15
8.014999999999998792e+00, 2.930712954025095824e-15
8.025000000000000355e+00, 2.555416385254128265e-15
8.035000000000000142e+00, 2.550106951130166796e-15
8.044999999999999929e+00, 2.684453999861224118e-15
8.054999999999999716e+00, 2.228597768603235359e-15
8.064999999999999503e+00, 2.177206876794998068e-15
8.074999999999999289e+00, 1.954801151284305709e-15
8.084999999999999076e+00, 2.028245379672366164e-15
8.094999999999998863e+00, 1.912076375982157823e-15
8.105000000000000426e+00, 1.774985956279788782e-15
8.115000000000000213e+00, 1.619903538883527042e-15
8.125000000000000000e+00, 1.583135999701035773e-15
8.134999999999999787e+00, 1.560366468640168273e-15
8.144999999999999574e+00, 1.469536680560198940e-15
8.154999999999999361e+00, 1.137969944622855699e-15
8.164999999999999147e+00, 1.267822203093140726e-15
8.174999999999998934e+00, 1.116012283061402870e-15
8.184999999999998721e+00, 1.251710938295926939e-15
8.195000000000000284e+00, 9.921928083084222334e-16
8.205000000000000071e+00, 1.224920596428363703e-15
8.214999999999999858e+00, 9.118467304730071255e-16
8.224999999999999645e+00, 9.221365264209217686e-16
8.234999999999999432e+00, 8.897329567689083883e-16
8.244999999999999218e+00, 7.452046977433074838e-16
8.254999999999999005e+00, 9.709807872034594044e-16
8.264999999999998792e+00, 7.155481552009133059e-16
8.275000000000000355e+00, 6.813063189125661808e-16
8.285000000000000142e+00, 4.059020132074131677e-16
8.294999999999999929e+00, 2.295934419603004378e-16
8.304999999999999716e+00, 3.938828671487808620e-16
8.314999999999999503e+00, 4.464082669456366829e-16
8.324999999999999289e+00, 2.387054518299477771e-16
8.334999999999999076e+00, 2.670370363194892165e-16
8.344999999999998863e+00, 2.958953429533248223e-17
8.354999999999998650e+00, 7.251156570379466452e-17
8.365000000000000213e+00, 2.069730300571803218e-17
8.375000000000000000e+00, -6.399827577895810709e-17
8.384999999999999787e+00, -9.041999949578811199e-17
8.394999999999999574e+00, -4.259548697240584866e-17
8.404999999999999361e+00, -2.346855393413972745e-16
8.414999999999999147e+00, -1.003456771555018127e-16
8.424999999999998934e+00, -6.126893709955773867e-18
8.434999999999998721e+00, -2.665661389403750289e-16
8.445000000000000284e+00, -1.921928609929644165e-16
8.455000000000000071e+00, -2.675945031127907538e-16
8.464999999999999858e+00, -9.067764309554122862e-17
8.474999999999999645e+00, -3.239102694694911619e-16
8.484999999999999432e+00, -2.666944379621044537e-16
8.494999999999999218e+00, -2.870027543216857493e-16
8.504999999999999005e+00, -2.724919814393661141e-16
8.514999999999998792e+00, -4.115312022689631354e-16
8.525000000000000355e+00, -3.564899955047538349e-16
8.535000000000000142e+00, -3.455223415884642367e-16
8.544999999999999929e+00, -1.987377522275003867e-16
8.554999999999999716e+00, -3.429172983766285365e-16
8.564999999999999503e+00, -1.802572403238652653e-16
8.574999999999999289e+00, 7.920296055098112659e-17
8.584999999999999076e+00, 8.076775465935994011e-17
8.594999999999998863e+00, 2.456013455768920489e-16
8.604999999999998650e+00, 1.431700681644582356e-16
8.615000000000000213e+00, 2.320947302535423867e-16
8.625000000000000000e+00, 5.586679985173071642e-16
8.634999999999999787e+00, 7.240822371376269963e-16
8.644999999999999574e+00, 5.706286993025789232e-16
8.654999999999999361e+00, 9.332998184782475084e-16
8.664999999999999147e+00, 1.122637860801609712e-15
8.674999999999998934e+00, 1.461589172248181303e-15
8.684999999999998721e+00, 1.365894844173628472e-15
8.695000000000000284e+00, 1.899170770239554489e-15
8.705000000000000071e+00, 2.179898112226661793e-15
8.714999999999999858e+00, 2.380580969738413274e-15
8.724999999999999645e+00, 2.786199183895104398e-15
8.734999999999999432e+00, 3.108096894810113217e-15
8.744999999999999218e+00, 3.323747163643899332e-15
8.754999999999999005e+00, 3.733303035449028686e-15
8.764999999999998792e+00, 4.139299128043410572e-15
8.774999999999998579e+00, 4.393436464689870083e-15
8.785000000000000142e+00, 4.952492544090543239e-15
8.794999999999999929e+00, 5.352729923960748848e-15
8.804999999999999716e+00, 5.780459274459553160e-15
8.814999999999999503e+00, 6.421144773774888736e-15
8.824999999999999289e+00, 6.793732367398775757e-15
8.834999999999999076e+00, 7.340015903811722697e-15
8.844999999999998863e+00, 7.829237022183180381e-15
8.854999999999998650e+00, 8.497359946596751995e-15
8.865000000000000213e+00, 9.075915153749957059e-15
8.875000000000000000e+00, 9.876841631032619198e-15
8.884999999999999787e+00, 1.038420642550406459e-14
8.894999999999999574e+00, 1.103061773157502605e-14
8.904999999999999361e+00, 1.196765115051640108e-14
8.914999999999999147e+00, 1.248450142855842273e-14
8.924999999999998934e+00, 1.325329538838655409e-14
8.934999999999998721e+00, 1.413395538151945009e-14
8.945000000000000284e+00, 1.483548817719615280e-14
8.955000000000000071e+00, 1.563592133554201689e-14
8.964999999999999858e+00, 1.652222013619262562e-14
8.974999999999999645e+00, 1.736813473195003182e-14
8.984999999999999432e+00, 1.816115382414346882e-14
8.994999999999999218e+00, 1.920282518525430170e-14
9.004999999999999005e+00, 2.004063253750596137e-14
9.014999999999998792e+00, 2.106370503371111504e-14
9.024999999999998579e+00, 2.202104972204685818e-14
9.035000000000000142e+00, 2.310043509609401323e-14
9.044999999999999929e+00, 2.395173301636513903e-14
9.054999999999999716e+00, 2.483771293227216367e-14
9.064999999999999503e+00, 2.583305438703865675e-14
9.074999999999999289e+00, 2.685028014898988146e-14
9.084999999999999076e+00, 2.792665644841808296e-14
9.094999999999998863e+00, 2.896265507437119863e-14
9.104999999999998650e+00, 2.985919003327008162e-14
9.115000000000000213e+00, 3.082747002283399619e-14
9.125000000000000000e+00, 3.189207147572567679e-14
9.134999999999999787e+00, 3.289195930042721852e-14
9.144999999999999574e+00, 3.396329026795743448e-14
9.154999999999999361e+00, 3.468632380551446674e-14
9.164999999999999147e+00, 3.587581312956446882e-14
9.174999999999998934e+00, 3.675455912602159062e-14
9.184999999999998721e+00, 3.749582917374516712e-14
9.194999999999998508e+00, 3.833356768471752768e-14
9.205000000000000071e+00, 3.931660509587881294e-14
9.214999999999999858e+00, 3.970893511506162148e-14
9.224999999999999645e+00, 4.055347435430581330e-14
9.234999999999999432e+00, 4.129830615572025943e-14
9.244999999999999218e+00, 4.215153570815781907e-14
9.254999999999999005e+00, 4.257575430592379405e-14
9.264999999999998792e+00, 4.303574286847866294e-14
9.274999999999998579e+00, 4.366540316495793965e-14
9.285000000000000142e+00, 4.388018583217135972e-14
9.294999999999999929e+00, 4.422839553964058216e-14
9.304999999999999716e+00, 4.435753135547563908e-14
9.314999999999999503e+00, 4.454726484307136084e-14
9.324999999999999289e+00, 4.476107177134293581e-14
9.334999999999999076e+00, 4.469633434847529624e-14
9.344999999999998863e+00, 4.447484850405404450e-14
9.354999999999998650e+00, 4.427826784530381907e-14
9.365000000000000213e+00, 4.415477037624687369e-14
9.375000000000000000e+00, 4.344134665660547114e-14
9.384999999999999787e+00, 4.278991540894542646e-14
9.394999999999999574e+00, 4.210407723877192316e-14
9.404999999999999361e+00, 4.126381668140884863e-14
9.414999999999999147e+00, 4.044960892603658608e-14
9.424999999999998934e+00, 3.927779291630690415e-14
9.434999999999998721e+00, 3.788120898153892748e-14
9.444999999999998508e+00, 3.663135745592451359e-14
9.455000000000000071e+00, 3.495423164547047320e-14
9.464999999999999858e+00, 3.320925108150794273e-14
9.474999999999999645e+00, 3.117007488103119303e-14
9.484999999999999432e+00, 2.934978242032298547e-14
9.494999999999999218e+00, 2.690289643504974640e-14
9.504999999999999005e+00, 2.435435107249628962e-14
9.514999999999998792e+00, 2.152635541239877675e-14
9.524999999999998579e+00, 1.863326922872589349e-14
9.535000000000000142e+00, 1.599518783780067146e-14
9.544999999999999929e+00, 1.241587360895494436e-14
9.554999999999999716e+00, 8.997853523669889223e-15
9.564999999999999503e+00, 5.445331555556876034e-15
9.574999999999999289e+00, 1.286766061871258651e-15
9.584999999999999076e+00, -2.980924786310512786e-15
9.594999999999998863e+00, -7.475151982137916029e-15
9.604999999999998650e+00, -1.248926597482465776e-14
9.614999999999998437e+00, -1.696418006030965578e-14
9.625000000000000000e+00, -2.262699519042432546e-14
9.634999999999999787e+00, -2.780902532896252232e-14
9.644999999999999574e+00, -3.388221225315314723e-14
9.654999999999999361e+00, -4.013003040994272332e-14
9.664999999999999147e+00, -4.634154260090059001e-14
9.674999999999998934e+00, -5.318244598249623215e-14
9.684999999999998721e+00, -6.030668404719855897e-14
9.694999999999998508e+00, -6.759102972881132683e-14
9.705000000000000071e+00, -7.512229667817827025e-14
9.714999999999999858e+00, -8.328928837262923361e-14
9.724999999999999645e+00, -9.156148113313116561e-14
9.734999999999999432e+00, -1.005594128751031754e-13
9.744999999999999218e+00, -1.097127953965613130e-13
9.754999999999999005e+00, -1.190153608472561599e-13
9.764999999999998792e+00, -1.289814815335036024e-13
9.774999999999998579e+00, -1.392392848493042841e-13
9.785000000000000142e+00, -1.501169251648961252e-13
9.794999999999999929e+00, -1.612780239569635837e-13
9.804999999999999716e+00, -1.728542166289516193e-13
9.814999999999999503e+00, -1.848787645674131454e-13
9.824999999999999289e+00, -1.973502979174132017e-13
9.834999999999999076e+00, -2.105029332321826736e-13
9.844999999999998863e+00, -2.239960754244801823e-13
9.854999999999998650e+00, -2.378086256596327030e-13
9.864999999999998437e+00, -2.524291820794090097e-13
9.875000000000000000e+00, -2.670401642690611807e-13
9.884999999999999787e+00, -2.824930437633175685e-13
9.894999999999999574e+00, -2.990136114854682500e-13
9.904999999999999361e+00, -3.152527605866580106e-13
9.914999999999999147e+00, -3.325131280793894026e-13
9.924999999999998934e+00, -3.502523703298660997e-13
9.934999999999998721e+00, -3.688613488188616920e-13
9.944999999999998508e+00, -3.878645866877685646e-13
9.955000000000000071e+00, -4.073460082811195706e-13
9.964999999999999858e+00, -4.276442841412731434e-13
9.974999999999999645e+00, -4.487286430253652184e-13
9.984999999999999432e+00, -4.703966009372495050e-13
9.994999999999999218e+00, -4.926151461814584334e-13
