1.000000000000000021e-02 3.792334139587048458e+00
2.000000000000000042e-02 3.761189275325232284e+00
2.999999999999999889e-02 3.729301999306227966e+00
4.000000000000000083e-02 3.696693054414447843e+00
5.000000000000000278e-02 3.663386316360559558e+00
5.999999999999999778e-02 3.629408646073065459e+00
7.000000000000000666e-02 3.594789711618895822e+00
8.000000000000000167e-02 3.559561783022843429e+00
8.999999999999999667e-02 3.523759503831584539e+00
1.000000000000000056e-01 3.487419643614193099e+00
1.100000000000000006e-01 3.450580835801486224e+00
1.199999999999999956e-01 3.413283305342220686e+00
1.300000000000000044e-01 3.375568590601898400e+00
1.400000000000000133e-01 3.337479263761689463e+00
1.499999999999999944e-01 3.299058653706387290e+00
1.600000000000000033e-01 3.260350575039977272e+00
1.700000000000000122e-01 3.221399066455461035e+00
1.799999999999999933e-01 3.182248141231835525e+00
1.900000000000000022e-01 3.142941552155532836e+00
2.000000000000000111e-01 3.103522572683558245e+00
2.099999999999999922e-01 3.064033795696844642e+00
2.200000000000000011e-01 3.024516950747762944e+00
2.300000000000000100e-01 2.985012740295396760e+00
2.399999999999999911e-01 2.945560695053394795e+00
2.500000000000000000e-01 2.906199048252543271e+00
2.600000000000000089e-01 2.866964628345750832e+00
2.700000000000000178e-01 2.827892769457273747e+00
2.800000000000000266e-01 2.789017238698933809e+00
2.899999999999999800e-01 2.750370179341054211e+00
2.999999999999999889e-01 2.711982068731132234e+00
3.099999999999999978e-01 2.673881689794400440e+00
3.200000000000000067e-01 2.636096114922704903e+00
3.300000000000000155e-01 2.598650701056882451e+00
3.400000000000000244e-01 2.561569094788294532e+00
3.500000000000000333e-01 2.524873246343051658e+00
3.599999999999999867e-01 2.488583431363701415e+00
3.699999999999999956e-01 2.452718279464158879e+00
3.800000000000000044e-01 2.417294808601289091e+00
3.900000000000000133e-01 2.382328464378128174e+00
4.000000000000000222e-01 2.347833163467003104e+00
4.100000000000000311e-01 2.313821340413942718e+00
4.199999999999999845e-01 2.280303997157375306e+00
4.299999999999999933e-01 2.247290754663003653e+00
4.400000000000000022e-01 2.214789906142172971e+00
4.500000000000000111e-01 2.182808471382448712e+00
4.600000000000000200e-01 2.151352251776120994e+00
4.700000000000000289e-01 2.120425885684812162e+00
4.799999999999999822e-01 2.090032903826241739e+00
4.899999999999999911e-01 2.060175784412523470e+00
5.000000000000000000e-01 2.030856007808413910e+00
5.100000000000000089e-01 2.002074110512724658e+00
5.200000000000000178e-01 1.973829738297131708e+00
5.300000000000000266e-01 1.946121698363901142e+00
5.400000000000000355e-01 1.918948010408129790e+00
5.500000000000000444e-01 1.892305956491072028e+00
5.600000000000000533e-01 1.866192129649399067e+00
5.700000000000000622e-01 1.840602481181037309e+00
5.799999999999999600e-01 1.815532366561855460e+00
5.899999999999999689e-01 1.790976589959150767e+00
5.999999999999999778e-01 1.766929447317798996e+00
6.099999999999999867e-01 1.743384768003455543e+00
6.199999999999999956e-01 1.720335954994278715e+00
6.300000000000000044e-01 1.697776023618695618e+00
6.400000000000000133e-01 1.675697638841748160e+00
6.500000000000000222e-01 1.654093151106750481e+00
6.600000000000000311e-01 1.632954630742462943e+00
6.700000000000000400e-01 1.612273900948856253e+00
6.800000000000000488e-01 1.592042569376898697e+00
6.900000000000000577e-01 1.572252058319718815e+00
7.000000000000000666e-01 1.552893633534075502e+00
7.099999999999999645e-01 1.533958431712346249e+00
7.199999999999999734e-01 1.515437486626286301e+00
7.299999999999999822e-01 1.497321753964663715e+00
7.399999999999999911e-01 1.479602134887580300e+00
7.500000000000000000e-01 1.462269498320865280e+00
7.600000000000000089e-01 1.445314702014436792e+00
7.700000000000000178e-01 1.428728612388941555e+00
7.800000000000000266e-01 1.412502123195391368e+00
7.900000000000000355e-01 1.396626173012853300e+00
8.000000000000000444e-01 1.381091761609616109e+00
8.100000000000000533e-01 1.365889965193576083e+00
8.200000000000000622e-01 1.351011950577938769e+00
8.300000000000000711e-01 1.336448988288694295e+00
8.399999999999999689e-01 1.322192464640662202e+00
8.499999999999999778e-01 1.308233892809310239e+00
8.599999999999999867e-01 1.294564922925927064e+00
8.699999999999999956e-01 1.281177351224141336e+00
8.800000000000000044e-01 1.268063128266204487e+00
8.900000000000000133e-01 1.255214366277876303e+00
9.000000000000000222e-01 1.242623345621194142e+00
9.100000000000000311e-01 1.230282520434824889e+00
9.200000000000000400e-01 1.218184523472145120e+00
9.300000000000000488e-01 1.206322170167596797e+00
9.400000000000000577e-01 1.194688461962265302e+00
9.500000000000000666e-01 1.183276588920001871e+00
9.599999999999999645e-01 1.172079931665746866e+00
9.699999999999999734e-01 1.161092062678018566e+00
9.799999999999999822e-01 1.150306746967783678e+00
9.899999999999999911e-01 1.139717942176123211e+00
1.000000000000000000e+00 1.129319798123267438e+00
1.010000000000000009e+00 1.119106655841639597e+00
1.020000000000000018e+00 1.109073046125567563e+00
1.030000000000000027e+00 1.099213687630257841e+00
1.040000000000000036e+00 1.089523484552487487e+00
1.050000000000000044e+00 1.079997523925247949e+00
1.060000000000000053e+00 1.070631072558264840e+00
1.070000000000000062e+00 1.061419573655933757e+00
1.080000000000000071e+00 1.052358643143737948e+00
1.090000000000000080e+00 1.043444065733641235e+00
1.100000000000000089e+00 1.034671790758320498e+00
1.110000000000000098e+00 1.026037927803357119e+00
1.120000000000000107e+00 1.017538742165718046e+00
1.130000000000000115e+00 1.009170650165957861e+00
1.140000000000000124e+00 1.000930214340629565e+00
1.150000000000000133e+00 9.928141385403682628e-01
1.159999999999999920e+00 9.848192629580301283e-01
1.169999999999999929e+00 9.769425591101388306e-01
1.179999999999999938e+00 9.691811247936986673e-01
1.189999999999999947e+00 9.615321790392242773e-01
1.199999999999999956e+00 9.539930570795654985e-01
1.209999999999999964e+00 9.465612053528358327e-01
1.219999999999999973e+00 9.392341765564444778e-01
1.229999999999999982e+00 9.320096247679211521e-01
1.239999999999999991e+00 9.248853006469128779e-01
1.250000000000000000e+00 9.178590467314147183e-01
1.260000000000000009e+00 9.109287928400030543e-01
1.270000000000000018e+00 9.040925515905534615e-01
1.280000000000000027e+00 8.973484140446709167e-01
1.290000000000000036e+00 8.906945454858330447e-01
1.300000000000000044e+00 8.841291813380540709e-01
1.310000000000000053e+00 8.776506232307305089e-01
1.320000000000000062e+00 8.712572352142213816e-01
1.330000000000000071e+00 8.649474401296612935e-01
1.340000000000000080e+00 8.587197161355066832e-01
1.350000000000000089e+00 8.525725933923589128e-01
1.360000000000000098e+00 8.465046509067296610e-01
1.370000000000000107e+00 8.405145135335740925e-01
1.380000000000000115e+00 8.346008491366607718e-01
1.390000000000000124e+00 8.287623659051246428e-01
1.400000000000000133e+00 8.229978098239172368e-01
1.409999999999999920e+00 8.173059622952792980e-01
1.419999999999999929e+00 8.116856379078322137e-01
1.429999999999999938e+00 8.061356823494288948e-01
1.439999999999999947e+00 8.006549704594962957e-01
1.449999999999999956e+00 7.952424044162463845e-01
1.459999999999999964e+00 7.898969120538472666e-01
1.469999999999999973e+00 7.846174453043966990e-01
1.479999999999999982e+00 7.794029787593438341e-01
1.489999999999999991e+00 7.742525083448701384e-01
1.500000000000000000e+00 7.691650501056227496e-01
1.510000000000000009e+00 7.641396390911441294e-01
1.520000000000000018e+00 7.591753283393125606e-01
1.530000000000000027e+00 7.542711879511193596e-01
1.540000000000000036e+00 7.494263042511590811e-01
1.550000000000000044e+00 7.446397790282730522e-01
1.560000000000000053e+00 7.399107288508939284e-01
1.570000000000000062e+00 7.352382844517559857e-01
1.580000000000000071e+00 7.306215901767832976e-01
1.590000000000000080e+00 7.260598034931271538e-01
1.600000000000000089e+00 7.215520945514962703e-01
1.610000000000000098e+00 7.170976457981198537e-01
1.620000000000000107e+00 7.126956516318767587e-01
1.630000000000000115e+00 7.083453181023291467e-01
1.640000000000000124e+00 7.040458626446213231e-01
1.650000000000000133e+00 6.997965138474073754e-01
1.660000000000000142e+00 6.955965112502050518e-01
1.669999999999999929e+00 6.914451051667805936e-01
1.679999999999999938e+00 6.873415565313945041e-01
1.689999999999999947e+00 6.832851367649560581e-01
1.699999999999999956e+00 6.792751276583411935e-01
1.709999999999999964e+00 6.753108212703404778e-01
1.719999999999999973e+00 6.713915198379095672e-01
1.729999999999999982e+00 6.675165356965852004e-01
1.739999999999999991e+00 6.636851912091257244e-01
1.750000000000000000e+00 6.598968187006097885e-01
1.760000000000000009e+00 6.561507603984111370e-01
1.770000000000000018e+00 6.524463683756241972e-01
1.780000000000000027e+00 6.487830044966773624e-01
1.790000000000000036e+00 6.451600403640175285e-01
1.800000000000000044e+00 6.415768572648919976e-01
1.810000000000000053e+00 6.380328461173793153e-01
1.820000000000000062e+00 6.345274074149475085e-01
1.830000000000000071e+00 6.310599511689333196e-01
1.840000000000000080e+00 6.276298968484279595e-01
1.850000000000000089e+00 6.242366733171694770e-01
1.860000000000000098e+00 6.208797187671167839e-01
1.870000000000000107e+00 6.175584806484627487e-01
1.880000000000000115e+00 6.142724155959231602e-01
1.890000000000000124e+00 6.110209893511935331e-01
1.900000000000000133e+00 6.078036766815322345e-01
1.910000000000000142e+00 6.046199612944764823e-01
1.919999999999999929e+00 6.014693357487457259e-01
1.929999999999999938e+00 5.983513013614221165e-01
1.939999999999999947e+00 5.952653681115394058e-01
1.949999999999999956e+00 5.922110545402325954e-01
1.959999999999999964e+00 5.891878876476319693e-01
1.969999999999999973e+00 5.861954027867031236e-01
1.979999999999999982e+00 5.832331435542451592e-01
1.989999999999999991e+00 5.803006616792844019e-01
2.000000000000000000e+00 5.773975169090940218e-01
2.010000000000000231e+00 5.745232768930893519e-01
2.020000000000000018e+00 5.716775170648458193e-01
2.030000000000000249e+00 5.688598205224854043e-01
2.040000000000000036e+00 5.660697779076832026e-01
2.049999999999999822e+00 5.633069872835333447e-01
2.060000000000000053e+00 5.605710540115184104e-01
2.069999999999999840e+00 5.578615906278109327e-01
2.080000000000000071e+00 5.551782167191343653e-01
2.089999999999999858e+00 5.525205587984023392e-01
2.100000000000000089e+00 5.498882501803383782e-01
2.109999999999999876e+00 5.472809308572793574e-01
2.120000000000000107e+00 5.446982473753450016e-01
2.129999999999999893e+00 5.421398527111542798e-01
2.140000000000000124e+00 5.396054061492485676e-01
2.149999999999999911e+00 5.370945731603783413e-01
2.160000000000000142e+00 5.346070252807961776e-01
2.169999999999999929e+00 5.321424399926852900e-01
2.180000000000000160e+00 5.297005006058449483e-01
2.189999999999999947e+00 5.272808961407429162e-01
2.200000000000000178e+00 5.248833212130294967e-01
2.209999999999999964e+00 5.225074759196088880e-01
2.220000000000000195e+00 5.201530657263380153e-01
2.229999999999999982e+00 5.178198013574278891e-01
2.240000000000000213e+00 5.155073986866043345e-01
2.250000000000000000e+00 5.132155786300801603e-01
2.260000000000000231e+00 5.109440670413807339e-01
2.270000000000000018e+00 5.086925946080593786e-01
2.280000000000000249e+00 5.064608967503299031e-01
2.290000000000000036e+00 5.042487135216359162e-01
2.300000000000000266e+00 5.020557895111746882e-01
2.310000000000000053e+00 4.998818737483800567e-01
2.319999999999999840e+00 4.977267196093716484e-01
2.330000000000000071e+00 4.955900847253658092e-01
2.339999999999999858e+00 4.934717308930444135e-01
2.350000000000000089e+00 4.913714239868670619e-01
2.359999999999999876e+00 4.892889338733183435e-01
2.370000000000000107e+00 4.872240343270655694e-01
2.379999999999999893e+00 4.851765029490133219e-01
2.390000000000000124e+00 4.831461210862236233e-01
2.399999999999999911e+00 4.811326737536841813e-01
2.410000000000000142e+00 4.791359495578896843e-01
2.419999999999999929e+00 4.771557406222116104e-01
2.430000000000000160e+00 4.751918425140204683e-01
2.439999999999999947e+00 4.732440541735339345e-01
2.450000000000000178e+00 4.713121778443515875e-01
2.459999999999999964e+00 4.693960190056454818e-01
2.470000000000000195e+00 4.674953863059702619e-01
2.479999999999999982e+00 4.656100914986572858e-01
2.490000000000000213e+00 4.637399493787573990e-01
2.500000000000000000e+00 4.618847777214964423e-01
2.510000000000000231e+00 4.600443972222064692e-01
2.520000000000000018e+00 4.582186314376991421e-01
2.530000000000000249e+00 4.564073067290424501e-01
2.540000000000000036e+00 4.546102522057089979e-01
2.550000000000000266e+00 4.528272996710568377e-01
2.560000000000000053e+00 4.510582835691134829e-01
2.569999999999999840e+00 4.493030409326231878e-01
2.580000000000000071e+00 4.475614113323296839e-01
2.589999999999999858e+00 4.458332368274569579e-01
2.600000000000000089e+00 4.441183619173591501e-01
2.609999999999999876e+00 4.424166334943080425e-01
2.620000000000000107e+00 4.407279007973834428e-01
2.629999999999999893e+00 4.390520153674423165e-01
2.640000000000000124e+00 4.373888310031324167e-01
2.649999999999999911e+00 4.357382037179265422e-01
2.660000000000000142e+00 4.340999916981437834e-01
2.669999999999999929e+00 4.324740552619379397e-01
2.680000000000000160e+00 4.308602568192194116e-01
2.689999999999999947e+00 4.292584608324925277e-01
2.700000000000000178e+00 4.276685337785766650e-01
2.709999999999999964e+00 4.260903441111926759e-01
2.720000000000000195e+00 4.245237622243879794e-01
2.729999999999999982e+00 4.229686604167795516e-01
2.740000000000000213e+00 4.214249128565914493e-01
2.750000000000000000e+00 4.198923955474678782e-01
2.760000000000000231e+00 4.183709862950378833e-01
2.770000000000000018e+00 4.168605646742157833e-01
2.780000000000000249e+00 4.153610119972151460e-01
2.790000000000000036e+00 4.138722112822582067e-01
2.800000000000000266e+00 4.123940472229643550e-01
2.810000000000000053e+00 4.109264061583971506e-01
2.819999999999999840e+00 4.094691760437561556e-01
2.830000000000000071e+00 4.080222464216942124e-01
2.839999999999999858e+00 4.065855083942468418e-01
2.850000000000000089e+00 4.051588545953558329e-01
2.859999999999999876e+00 4.037421791639750346e-01
2.870000000000000107e+00 4.023353777177399726e-01
2.879999999999999893e+00 4.009383473271909137e-01
2.890000000000000124e+00 3.995509864905344433e-01
2.899999999999999911e+00 3.981731951089285682e-01
2.910000000000000142e+00 3.968048744622812984e-01
2.919999999999999929e+00 3.954459271855489955e-01
2.930000000000000160e+00 3.940962572455217749e-01
2.939999999999999947e+00 3.927557699180849182e-01
2.950000000000000178e+00 3.914243717659457444e-01
2.959999999999999964e+00 3.901019706168127321e-01
2.970000000000000195e+00 3.887884755420183414e-01
2.979999999999999982e+00 3.874837968355733242e-01
2.990000000000000213e+00 3.861878459936438635e-01
3.000000000000000000e+00 3.849005356944405487e-01
3.010000000000000231e+00 3.836217797785098638e-01
3.020000000000000018e+00 3.823514932294191926e-01
3.030000000000000249e+00 3.810895921548256293e-01
3.040000000000000036e+00 3.798359937679208764e-01
3.050000000000000266e+00 3.785906163692414617e-01
3.060000000000000053e+00 3.773533793288390559e-01
3.070000000000000284e+00 3.761242030687994564e-01
3.080000000000000071e+00 3.749030090461042963e-01
3.089999999999999858e+00 3.736897197358269862e-01
3.100000000000000089e+00 3.724842586146560053e-01
3.109999999999999876e+00 3.712865501447373262e-01
3.120000000000000107e+00 3.700965197578288124e-01
3.129999999999999893e+00 3.689140938397612035e-01
3.140000000000000124e+00 3.677391997151958636e-01
3.149999999999999911e+00 3.665717656326761831e-01
3.160000000000000142e+00 3.654117207499633091e-01
3.169999999999999929e+00 3.642589951196512077e-01
3.180000000000000160e+00 3.631135196750547300e-01
3.189999999999999947e+00 3.619752262163651868e-01
3.200000000000000178e+00 3.608440473970658813e-01
3.209999999999999964e+00 3.597199167106036599e-01
3.220000000000000195e+00 3.586027684773103741e-01
3.229999999999999982e+00 3.574925378315688129e-01
3.240000000000000213e+00 3.563891607092165570e-01
3.250000000000000000e+00 3.552925738351854767e-01
3.260000000000000231e+00 3.542027147113689378e-01
3.270000000000000018e+00 3.531195216047125496e-01
3.280000000000000249e+00 3.520429335355250711e-01
3.290000000000000036e+00 3.509728902660029237e-01
3.300000000000000266e+00 3.499093322889654245e-01
3.310000000000000053e+00 3.488522008167931898e-01
3.320000000000000284e+00 3.478014377705707649e-01
3.330000000000000071e+00 3.467569857694234314e-01
3.339999999999999858e+00 3.457187881200466384e-01
3.350000000000000089e+00 3.446867888064262808e-01
3.359999999999999876e+00 3.436609324797406106e-01
3.370000000000000107e+00 3.426411644484442243e-01
3.379999999999999893e+00 3.416274306685294637e-01
3.390000000000000124e+00 3.406196777339596249e-01
3.399999999999999911e+00 3.396178528672728625e-01
3.410000000000000142e+00 3.386219039103516293e-01
3.419999999999999929e+00 3.376317793153551516e-01
3.430000000000000160e+00 3.366474281358106113e-01
3.439999999999999947e+00 3.356688000178612574e-01
3.450000000000000178e+00 3.346958451916663968e-01
3.459999999999999964e+00 3.337285144629518197e-01
3.470000000000000195e+00 3.327667592047061640e-01
3.479999999999999982e+00 3.318105313490220531e-01
3.490000000000000213e+00 3.308597833790768439e-01
3.500000000000000000e+00 3.299144683212519857e-01
3.510000000000000231e+00 3.289745397373871616e-01
3.520000000000000018e+00 3.280399517171678214e-01
3.530000000000000249e+00 3.271106588706405582e-01
3.540000000000000036e+00 3.261866163208577141e-01
3.550000000000000266e+00 3.252677796966461088e-01
3.560000000000000053e+00 3.243541051254970053e-01
3.570000000000000284e+00 3.234455492265769783e-01
3.580000000000000071e+00 3.225420691038560217e-01
3.589999999999999858e+00 3.216436223393499549e-01
3.600000000000000089e+00 3.207501669864771809e-01
3.609999999999999876e+00 3.198616615635243021e-01
3.620000000000000107e+00 3.189780650472224810e-01
3.629999999999999893e+00 3.180993368664277177e-01
3.640000000000000124e+00 3.172254368959072646e-01
3.649999999999999911e+00 3.163563254502283484e-01
3.660000000000000142e+00 3.154919632777453686e-01
3.669999999999999929e+00 3.146323115546887372e-01
3.680000000000000160e+00 3.137773318793465882e-01
3.689999999999999947e+00 3.129269862663443535e-01
3.700000000000000178e+00 3.120812371410159325e-01
3.709999999999999964e+00 3.112400473338652329e-01
3.720000000000000195e+00 3.104033800751184735e-01
3.729999999999999982e+00 3.095711989893643046e-01
3.740000000000000213e+00 3.087434680902781947e-01
3.750000000000000000e+00 3.079201517754341366e-01
3.760000000000000231e+00 3.071012148211962889e-01
3.770000000000000018e+00 3.062866223776945507e-01
3.780000000000000249e+00 3.054763399638776855e-01
3.790000000000000036e+00 3.046703334626473247e-01
3.800000000000000266e+00 3.038685691160666336e-01
3.810000000000000053e+00 3.030710135206453604e-01
3.820000000000000284e+00 3.022776336226996041e-01
3.830000000000000071e+00 3.014883967137834131e-01
3.839999999999999858e+00 3.007032704261923817e-01
3.850000000000000089e+00 2.999222227285371911e-01
3.859999999999999876e+00 2.991452219213860952e-01
3.870000000000000107e+00 2.983722366329742970e-01
3.879999999999999893e+00 2.976032358149813262e-01
3.890000000000000124e+00 2.968381887383720330e-01
3.899999999999999911e+00 2.960770649893023077e-01
3.910000000000000142e+00 2.953198344650876384e-01
3.919999999999999929e+00 2.945664673702332315e-01
3.930000000000000160e+00 2.938169342125250827e-01
3.939999999999999947e+00 2.930712057991800568e-01
3.950000000000000178e+00 2.923292532330553639e-01
3.959999999999999964e+00 2.915910479089146579e-01
3.970000000000000195e+00 2.908565615097505885e-01
3.979999999999999982e+00 2.901257660031638097e-01
3.990000000000000213e+00 2.893986336377954438e-01
4.000000000000000000e+00 2.886751369398137257e-01
4.009999999999999787e+00 2.879552487094522162e-01
4.020000000000000462e+00 2.872389420176012509e-01
4.030000000000000249e+00 2.865261902024495710e-01
4.040000000000000036e+00 2.858169668661744711e-01
4.049999999999999822e+00 2.851112458716832943e-01
4.060000000000000497e+00 2.844090013394015570e-01
4.070000000000000284e+00 2.837102076441088139e-01
4.080000000000000071e+00 2.830148394118214838e-01
4.089999999999999858e+00 2.823228715167205860e-01
4.099999999999999645e+00 2.816342790781254934e-01
4.110000000000000320e+00 2.809490374575107641e-01
4.120000000000000107e+00 2.802671222555674357e-01
4.129999999999999893e+00 2.795885093093066209e-01
4.139999999999999680e+00 2.789131746892045682e-01
4.150000000000000355e+00 2.782410946963901899e-01
4.160000000000000142e+00 2.775722458598720577e-01
4.169999999999999929e+00 2.769066049338057556e-01
4.179999999999999716e+00 2.762441488948008117e-01
4.190000000000000391e+00 2.755848549392653224e-01
4.200000000000000178e+00 2.749287004807895451e-01
4.209999999999999964e+00 2.742756631475663509e-01
4.219999999999999751e+00 2.736257207798475366e-01
4.230000000000000426e+00 2.729788514274379962e-01
4.240000000000000213e+00 2.723350333472237539e-01
4.250000000000000000e+00 2.716942450007356902e-01
4.259999999999999787e+00 2.710564650517477414e-01
4.270000000000000462e+00 2.704216723639077391e-01
4.280000000000000249e+00 2.697898459984032771e-01
4.290000000000000036e+00 2.691609652116583873e-01
4.299999999999999822e+00 2.685350094530637999e-01
4.310000000000000497e+00 2.679119583627376233e-01
4.320000000000000284e+00 2.672917917693183321e-01
4.330000000000000071e+00 2.666744896877873972e-01
4.339999999999999858e+00 2.660600323173223924e-01
4.350000000000000533e+00 2.654484000391795218e-01
4.360000000000000320e+00 2.648395734146060110e-01
4.370000000000000107e+00 2.642335331827800893e-01
4.379999999999999893e+00 2.636302602587793364e-01
4.389999999999999680e+00 2.630297357315786178e-01
4.400000000000000355e+00 2.624319408620721106e-01
4.410000000000000142e+00 2.618368570811256402e-01
4.419999999999999929e+00 2.612444659876525521e-01
4.429999999999999716e+00 2.606547493467177290e-01
4.440000000000000391e+00 2.600676890876658653e-01
4.450000000000000178e+00 2.594832673022764435e-01
4.459999999999999964e+00 2.589014662429417468e-01
4.469999999999999751e+00 2.583222683208704629e-01
4.480000000000000426e+00 2.577456561043156014e-01
4.490000000000000213e+00 2.571716123168248935e-01
4.500000000000000000e+00 2.566001198355158386e-01
4.509999999999999787e+00 2.560311616893727327e-01
4.520000000000000462e+00 2.554647210575669014e-01
4.530000000000000249e+00 2.549007812677989704e-01
4.540000000000000036e+00 2.543393257946626740e-01
4.549999999999999822e+00 2.537803382580312017e-01
4.560000000000000497e+00 2.532238024214634731e-01
4.570000000000000284e+00 2.526697021906328944e-01
4.580000000000000071e+00 2.521180216117749340e-01
4.589999999999999858e+00 2.515687448701567352e-01
4.600000000000000533e+00 2.510218562885653260e-01
4.610000000000000320e+00 2.504773403258162001e-01
4.620000000000000107e+00 2.499351815752812733e-01
4.629999999999999893e+00 2.493953647634355730e-01
4.639999999999999680e+00 2.488578747484231357e-01
4.650000000000000355e+00 2.483226965186405844e-01
4.660000000000000142e+00 2.477898151913404678e-01
4.669999999999999929e+00 2.472592160112511150e-01
4.679999999999999716e+00 2.467308843492143078e-01
4.690000000000000391e+00 2.462048057008416613e-01
4.700000000000000178e+00 2.456809656851864643e-01
4.709999999999999964e+00 2.451593500434339212e-01
4.719999999999999751e+00 2.446399446376065212e-01
4.730000000000000426e+00 2.441227354492875590e-01
4.740000000000000213e+00 2.436077085783594776e-01
4.750000000000000000e+00 2.430948502417585588e-01
4.759999999999999787e+00 2.425841467722453237e-01
4.770000000000000462e+00 2.420755846171909198e-01
4.780000000000000249e+00 2.415691503373774973e-01
4.790000000000000036e+00 2.410648306058149060e-01
4.799999999999999822e+00 2.405626122065716854e-01
4.810000000000000497e+00 2.400624820336200171e-01
4.820000000000000284e+00 2.395644270896964134e-01
4.830000000000000071e+00 2.390684344851750354e-01
4.839999999999999858e+00 2.385744914369563874e-01
4.850000000000000533e+00 2.380825852673685850e-01
4.860000000000000320e+00 2.375927034030829443e-01
4.870000000000000107e+00 2.371048333740428116e-01
4.879999999999999893e+00 2.366189628124050481e-01
4.889999999999999680e+00 2.361350794514951446e-01
4.900000000000000355e+00 2.356531711247750183e-01
4.910000000000000142e+00 2.351732257648231628e-01
4.919999999999999929e+00 2.346952314023269537e-01
4.929999999999999716e+00 2.342191761650885551e-01
4.940000000000000391e+00 2.337450482770407345e-01
4.950000000000000178e+00 2.332728360572772497e-01
4.959999999999999964e+00 2.328025279190923946e-01
4.969999999999999751e+00 2.323341123690335630e-01
4.980000000000000426e+00 2.318675780059656077e-01
4.990000000000000213e+00 2.314029135201450815e-01
5.000000000000000000e+00 2.309401076923066343e-01
5.009999999999999787e+00 2.304791493927598744e-01
5.020000000000000462e+00 2.300200275804973604e-01
5.030000000000000249e+00 2.295627313023132221e-01
5.040000000000000036e+00 2.291072496919311918e-01
5.049999999999999822e+00 2.286535719691455415e-01
5.060000000000000497e+00 2.282016874389686534e-01
5.070000000000000284e+00 2.277515854907924686e-01
5.080000000000000071e+00 2.273032555975563196e-01
5.089999999999999858e+00 2.268566873149275021e-01
5.100000000000000533e+00 2.264118702804894800e-01
5.110000000000000320e+00 2.259687942129405824e-01
5.120000000000000107e+00 2.255274489113019976e-01
5.129999999999999893e+00 2.250878242541346774e-01
5.139999999999999680e+00 2.246499101987655123e-01
5.150000000000000355e+00 2.242136967805231085e-01
5.160000000000000142e+00 2.237791741119813660e-01
5.169999999999999929e+00 2.233463323822128255e-01
5.179999999999999716e+00 2.229151618560500092e-01
5.190000000000000391e+00 2.224856528733557548e-01
5.200000000000000178e+00 2.220577958483016534e-01
5.209999999999999964e+00 2.216315812686551201e-01
5.219999999999999751e+00 2.212069996950737916e-01
5.230000000000000426e+00 2.207840417604096106e-01
5.240000000000000213e+00 2.203626981690193776e-01
5.250000000000000000e+00 2.199429596960839617e-01
5.259999999999999787e+00 2.195248171869345344e-01
5.270000000000000462e+00 2.191082615563878788e-01
5.280000000000000249e+00 2.186932837880879443e-01
5.290000000000000036e+00 2.182798749338552002e-01
5.299999999999999822e+00 2.178680261130434004e-01
5.310000000000000497e+00 2.174577285119039805e-01
5.320000000000000284e+00 2.170489733829573387e-01
5.330000000000000071e+00 2.166417520443708333e-01
5.339999999999999858e+00 2.162360558793444409e-01
5.350000000000000533e+00 2.158318763355024927e-01
5.360000000000000320e+00 2.154292049242933771e-01
5.370000000000000107e+00 2.150280332203948763e-01
5.379999999999999893e+00 2.146283528611264146e-01
5.389999999999999680e+00 2.142301555458684115e-01
5.400000000000000355e+00 2.138334330354870194e-01
5.410000000000000142e+00 2.134381771517666060e-01
5.419999999999999929e+00 2.130443797768470648e-01
5.429999999999999716e+00 2.126520328526684822e-01
5.440000000000000391e+00 2.122611283804215487e-01
5.450000000000000178e+00 2.118716584200034947e-01
5.459999999999999964e+00 2.114836150894812139e-01
5.469999999999999751e+00 2.110969905645587175e-01
5.480000000000000426e+00 2.107117770780519983e-01
5.490000000000000213e+00 2.103279669193685031e-01
5.500000000000000000e+00 2.099455524339924328e-01
5.509999999999999787e+00 2.095645260229767048e-01
5.520000000000000462e+00 2.091848801424386617e-01
5.530000000000000249e+00 2.088066073030628023e-01
5.540000000000000036e+00 2.084297000696078983e-01
5.549999999999999822e+00 2.080541510604203559e-01
5.560000000000000497e+00 2.076799529469517125e-01
5.570000000000000284e+00 2.073070984532824346e-01
5.580000000000000071e+00 2.069355803556499063e-01
5.589999999999999858e+00 2.065653914819825521e-01
5.600000000000000533e+00 2.061965247114374289e-01
5.610000000000000320e+00 2.058289729739442853e-01
5.620000000000000107e+00 2.054627292497537283e-01
5.629999999999999893e+00 2.050977865689900537e-01
5.639999999999999680e+00 2.047341380112094600e-01
5.650000000000000355e+00 2.043717767049623713e-01
5.660000000000000142e+00 2.040106958273607274e-01
5.669999999999999929e+00 2.036508886036498822e-01
5.679999999999999716e+00 2.032923483067844428e-01
5.690000000000000391e+00 2.029350682570094377e-01
5.700000000000000178e+00 2.025790418214453992e-01
5.709999999999999964e+00 2.022242624136778855e-01
5.719999999999999751e+00 2.018707234933511674e-01
5.730000000000000426e+00 2.015184185657666605e-01
5.740000000000000213e+00 2.011673411814848822e-01
5.750000000000000000e+00 2.008174849359319891e-01
5.759999999999999787e+00 2.004688434690103660e-01
5.770000000000000462e+00 2.001214104647132674e-01
5.780000000000000249e+00 1.997751796507433453e-01
5.790000000000000036e+00 1.994301447981349229e-01
5.799999999999999822e+00 1.990862997208812379e-01
5.810000000000000497e+00 1.987436382755637110e-01
5.820000000000000284e+00 1.984021543609867655e-01
5.830000000000000071e+00 1.980618419178155343e-01
5.839999999999999858e+00 1.977226949282174795e-01
5.850000000000000533e+00 1.973847074155074821e-01
5.860000000000000320e+00 1.970478734437970669e-01
5.870000000000000107e+00 1.967121871176467085e-01
5.879999999999999893e+00 1.963776425817218840e-01
5.889999999999999680e+00 1.960442340204525957e-01
5.900000000000000355e+00 1.957119556576965291e-01
5.910000000000000142e+00 1.953808017564054034e-01
5.919999999999999929e+00 1.950507666182947630e-01
5.929999999999999716e+00 1.947218445835170730e-01
5.940000000000000391e+00 1.943940300303383384e-01
5.950000000000000178e+00 1.940673173748176938e-01
5.959999999999999964e+00 1.937417010704904630e-01
5.969999999999999751e+00 1.934171756080540761e-01
5.980000000000000426e+00 1.930937355150575685e-01
5.990000000000000213e+00 1.927713753555939380e-01
6.000000000000000000e+00 1.924500897299954438e-01
6.009999999999999787e+00 1.921298732745323201e-01
6.020000000000000462e+00 1.918107206611141535e-01
6.030000000000000249e+00 1.914926265969945640e-01
6.040000000000000036e+00 1.911755858244781614e-01
6.049999999999999822e+00 1.908595931206315266e-01
6.060000000000000497e+00 1.905446432969957193e-01
6.070000000000000284e+00 1.902307311993030048e-01
6.080000000000000071e+00 1.899178517071949401e-01
6.089999999999999858e+00 1.896059997339445691e-01
6.100000000000000533e+00 1.892951702261804481e-01
6.110000000000000320e+00 1.889853581636136981e-01
6.120000000000000107e+00 1.886765585587679983e-01
6.129999999999999893e+00 1.883687664567114395e-01
6.140000000000000568e+00 1.880619769347920411e-01
6.150000000000000355e+00 1.877561851023749340e-01
6.160000000000000142e+00 1.874513861005827065e-01
6.169999999999999929e+00 1.871475751020379441e-01
6.179999999999999716e+00 1.868447473106082668e-01
6.190000000000000391e+00 1.865428979611542248e-01
6.200000000000000178e+00 1.862420223192792212e-01
6.209999999999999964e+00 1.859421156810818487e-01
6.219999999999999751e+00 1.856431733729109190e-01
6.230000000000000426e+00 1.853451907511226293e-01
6.240000000000000213e+00 1.850481632018402267e-01
6.250000000000000000e+00 1.847520861407155601e-01
6.259999999999999787e+00 1.844569550126936297e-01
6.270000000000000462e+00 1.841627652917786628e-01
6.280000000000000249e+00 1.838695124808030490e-01
6.290000000000000036e+00 1.835771921111978011e-01
6.299999999999999822e+00 1.832857997427660146e-01
6.310000000000000497e+00 1.829953309634576308e-01
6.320000000000000284e+00 1.827057813891471427e-01
6.330000000000000071e+00 1.824171466634127436e-01
6.339999999999999858e+00 1.821294224573179188e-01
6.350000000000000533e+00 1.818426044691950905e-01
6.360000000000000320e+00 1.815566884244312063e-01
6.370000000000000107e+00 1.812716700752553534e-01
6.379999999999999893e+00 1.809875452005283158e-01
6.390000000000000568e+00 1.807043096055344633e-01
6.400000000000000355e+00 1.804219591217749719e-01
6.410000000000000142e+00 1.801404896067636263e-01
6.419999999999999929e+00 1.798598969438240103e-01
6.429999999999999716e+00 1.795801770418889165e-01
6.440000000000000391e+00 1.793013258353014228e-01
6.450000000000000178e+00 1.790233392836181603e-01
6.459999999999999964e+00 1.787462133714138313e-01
6.469999999999999751e+00 1.784699441080880022e-01
6.480000000000000426e+00 1.781945275276737573e-01
6.490000000000000213e+00 1.779199596886475443e-01
6.500000000000000000e+00 1.776462366737414089e-01
6.509999999999999787e+00 1.773733545897566710e-01
6.520000000000000462e+00 1.771013095673792670e-01
6.530000000000000249e+00 1.768300977609969793e-01
6.540000000000000036e+00 1.765597153485179704e-01
6.549999999999999822e+00 1.762901585311915931e-01
6.560000000000000497e+00 1.760214235334302546e-01
6.570000000000000284e+00 1.757535066026331971e-01
6.580000000000000071e+00 1.754864040090118038e-01
6.589999999999999858e+00 1.752201120454166539e-01
6.600000000000000533e+00 1.749546270271656878e-01
6.610000000000000320e+00 1.746899452918746487e-01
6.620000000000000107e+00 1.744260631992884947e-01
6.629999999999999893e+00 1.741629771311143104e-01
6.640000000000000568e+00 1.739006834908563837e-01
6.650000000000000355e+00 1.736391787036518364e-01
6.660000000000000142e+00 1.733784592161086158e-01
6.669999999999999929e+00 1.731185214961442342e-01
6.679999999999999716e+00 1.728593620328264246e-01
6.690000000000000391e+00 1.726009773362151278e-01
6.700000000000000178e+00 1.723433639372056458e-01
6.709999999999999964e+00 1.720865183873735715e-01
6.719999999999999751e+00 1.718304372588207729e-01
6.730000000000000426e+00 1.715751171440229317e-01
6.740000000000000213e+00 1.713205546556785530e-01
6.750000000000000000e+00 1.710667464265588356e-01
6.759999999999999787e+00 1.708136891093596510e-01
6.770000000000000462e+00 1.705613793765539399e-01
6.780000000000000249e+00 1.703098139202462447e-01
6.790000000000000036e+00 1.700589894520277978e-01
6.799999999999999822e+00 1.698089027028334974e-01
6.810000000000000497e+00 1.695595504227998540e-01
6.820000000000000284e+00 1.693109293811240756e-01
6.830000000000000071e+00 1.690630363659247071e-01
6.839999999999999858e+00 1.688158681841031017e-01
6.850000000000000533e+00 1.685694216612065033e-01
6.860000000000000320e+00 1.683236936412920992e-01
6.870000000000000107e+00 1.680786809867923504e-01
6.879999999999999893e+00 1.678343805783812093e-01
6.890000000000000568e+00 1.675907893148421424e-01
6.900000000000000355e+00 1.673479041129364575e-01
6.910000000000000142e+00 1.671057219072736855e-01
6.919999999999999929e+00 1.668642396501822112e-01
6.929999999999999716e+00 1.666234543115815980e-01
6.940000000000000391e+00 1.663833628788559116e-01
6.950000000000000178e+00 1.661439623567280144e-01
6.959999999999999964e+00 1.659052497671349713e-01
6.969999999999999751e+00 1.656672221491045927e-01
6.980000000000000426e+00 1.654298765586330322e-01
6.990000000000000213e+00 1.651932100685634119e-01
7.000000000000000000e+00 1.649572197684654185e-01
7.009999999999999787e+00 1.647219027645160372e-01
7.020000000000000462e+00 1.644872561793813692e-01
7.030000000000000249e+00 1.642532771520991697e-01
7.040000000000000036e+00 1.640199628379626351e-01
7.049999999999999822e+00 1.637873104084051901e-01
7.060000000000000497e+00 1.635553170508861898e-01
7.070000000000000284e+00 1.633239799687773997e-01
7.080000000000000071e+00 1.630932963812508352e-01
7.089999999999999858e+00 1.628632635231672399e-01
7.100000000000000533e+00 1.626338786449655627e-01
7.110000000000000320e+00 1.624051390125534899e-01
7.120000000000000107e+00 1.621770419071987546e-01
7.129999999999999893e+00 1.619495846254214444e-01
7.140000000000000568e+00 1.617227644788871987e-01
7.150000000000000355e+00 1.614965787943013487e-01
7.160000000000000142e+00 1.612710249133036955e-01
7.169999999999999929e+00 1.610461001923646496e-01
7.179999999999999716e+00 1.608218020026816741e-01
7.190000000000000391e+00 1.605981277300770615e-01
7.200000000000000178e+00 1.603750747748963756e-01
7.209999999999999964e+00 1.601526405519076157e-01
7.219999999999999751e+00 1.599308224902013797e-01
7.230000000000000426e+00 1.597096180330918325e-01
7.240000000000000213e+00 1.594890246380184784e-01
7.250000000000000000e+00 1.592690397764487953e-01
7.259999999999999787e+00 1.590496609337814782e-01
7.270000000000000462e+00 1.588308856092507937e-01
7.280000000000000249e+00 1.586127113158314894e-01
7.290000000000000036e+00 1.583951355801444805e-01
7.299999999999999822e+00 1.581781559423634798e-01
7.310000000000000497e+00 1.579617699561221833e-01
7.320000000000000284e+00 1.577459751884225381e-01
7.330000000000000071e+00 1.575307692195433429e-01
7.339999999999999858e+00 1.573161496429499873e-01
7.350000000000000533e+00 1.571021140652044679e-01
7.360000000000000320e+00 1.568886601058767372e-01
7.370000000000000107e+00 1.566757853974562464e-01
7.379999999999999893e+00 1.564634875852645712e-01
7.390000000000000568e+00 1.562517643273683976e-01
7.400000000000000355e+00 1.560406132944935631e-01
7.410000000000000142e+00 1.558300321699396251e-01
7.419999999999999929e+00 1.556200186494949567e-01
7.429999999999999716e+00 1.554105704413529798e-01
7.440000000000000391e+00 1.552016852660285662e-01
7.450000000000000178e+00 1.549933608562754916e-01
7.459999999999999964e+00 1.547855949570043632e-01
7.469999999999999751e+00 1.545783853252011009e-01
7.480000000000000426e+00 1.543717297298465574e-01
7.490000000000000213e+00 1.541656259518360828e-01
7.500000000000000000e+00 1.539600717839003097e-01
7.509999999999999787e+00 1.537550650305262445e-01
7.520000000000000462e+00 1.535506035078792741e-01
7.530000000000000249e+00 1.533466850437253670e-01
7.540000000000000036e+00 1.531433074773543845e-01
7.549999999999999822e+00 1.529404686595035867e-01
7.560000000000000497e+00 1.527381664522819982e-01
7.570000000000000284e+00 1.525363987290953571e-01
7.580000000000000071e+00 1.523351633745714806e-01
7.589999999999999858e+00 1.521344582844864346e-01
7.600000000000000533e+00 1.519342813656910374e-01
7.610000000000000320e+00 1.517346305360383896e-01
7.620000000000000107e+00 1.515355037243112934e-01
7.629999999999999893e+00 1.513368988701509765e-01
7.640000000000000568e+00 1.511388139239858430e-01
7.650000000000000355e+00 1.509412468469610025e-01
7.660000000000000142e+00 1.507441956108683812e-01
7.669999999999999929e+00 1.505476581980771666e-01
7.679999999999999716e+00 1.503516326014650850e-01
7.690000000000000391e+00 1.501561168243500388e-01
7.700000000000000178e+00 1.499611088804223002e-01
7.709999999999999964e+00 1.497666067936772871e-01
7.719999999999999751e+00 1.495726085983486719e-01
7.730000000000000426e+00 1.493791123388424069e-01
7.740000000000000213e+00 1.491861160696707767e-01
7.750000000000000000e+00 1.489936178553873392e-01
7.759999999999999787e+00 1.488016157705221165e-01
7.770000000000000462e+00 1.486101078995175906e-01
7.780000000000000249e+00 1.484190923366647541e-01
7.790000000000000036e+00 1.482285671860400222e-01
7.799999999999999822e+00 1.480385305614425606e-01
7.810000000000000497e+00 1.478489805863318629e-01
7.820000000000000284e+00 1.476599153937662168e-01
7.830000000000000071e+00 1.474713331263412253e-01
7.839999999999999858e+00 1.472832319361290776e-01
7.850000000000000533e+00 1.470956099846180420e-01
7.860000000000000320e+00 1.469084654426529024e-01
7.870000000000000107e+00 1.467217964903750616e-01
7.879999999999999893e+00 1.465356013171639216e-01
7.890000000000000568e+00 1.463498781215781530e-01
7.900000000000000355e+00 1.461646251112976580e-01
7.910000000000000142e+00 1.459798405030659496e-01
7.919999999999999929e+00 1.457955225226327811e-01
7.930000000000000604e+00 1.456116694046975246e-01
7.940000000000000391e+00 1.454282793928528550e-01
7.950000000000000178e+00 1.452453507395284893e-01
7.959999999999999964e+00 1.450628817059361197e-01
7.969999999999999751e+00 1.448808705620139858e-01
7.980000000000000426e+00 1.446993155863723624e-01
7.990000000000000213e+00 1.445182150662392417e-01
8.000000000000000000e+00 1.443375672974064605e-01
8.009999999999999787e+00 1.441573705841762421e-01
8.019999999999999574e+00 1.439776232393082112e-01
8.029999999999999361e+00 1.437983235839666030e-01
8.040000000000000924e+00 1.436194699476680825e-01
8.050000000000000711e+00 1.434410606682300082e-01
8.060000000000000497e+00 1.432630940917185569e-01
8.070000000000000284e+00 1.430855685723979587e-01
8.080000000000000071e+00 1.429084824726796488e-01
8.089999999999999858e+00 1.427318341630718912e-01
8.099999999999999645e+00 1.425556220221298465e-01
8.109999999999999432e+00 1.423798444364058891e-01
8.120000000000000995e+00 1.422044998004004246e-01
8.130000000000000782e+00 1.420295865165130955e-01
8.140000000000000568e+00 1.418551029949940423e-01
8.150000000000000355e+00 1.416810476538958863e-01
8.160000000000000142e+00 1.415074189190259346e-01
8.169999999999999929e+00 1.413342152238986071e-01
8.179999999999999716e+00 1.411614350096884463e-01
8.189999999999999503e+00 1.409890767251833488e-01
8.199999999999999289e+00 1.408171388267380197e-01
8.210000000000000853e+00 1.406456197782279538e-01
8.220000000000000639e+00 1.404745180510038327e-01
8.230000000000000426e+00 1.403038321238458952e-01
8.240000000000000213e+00 1.401335604829188897e-01
8.250000000000000000e+00 1.399637016217274710e-01
8.259999999999999787e+00 1.397942540410716250e-01
8.269999999999999574e+00 1.396252162490026205e-01
8.279999999999999361e+00 1.394565867607792109e-01
8.290000000000000924e+00 1.392883640988240579e-01
8.300000000000000711e+00 1.391205467926809047e-01
8.310000000000000497e+00 1.389531333789713052e-01
8.320000000000000284e+00 1.387861224013523520e-01
8.330000000000000071e+00 1.386195124104743770e-01
8.339999999999999858e+00 1.384533019639390405e-01
8.349999999999999645e+00 1.382874896262576980e-01
8.359999999999999432e+00 1.381220739688100163e-01
8.370000000000000995e+00 1.379570535698030620e-01
8.380000000000000782e+00 1.377924270142305008e-01
8.390000000000000568e+00 1.376281928938321297e-01
8.400000000000000355e+00 1.374643498070537428e-01
8.410000000000000142e+00 1.373008963590073295e-01
8.419999999999999929e+00 1.371378311614313283e-01
8.429999999999999716e+00 1.369751528326514367e-01
8.439999999999999503e+00 1.368128599975416693e-01
8.449999999999999289e+00 1.366509512874854171e-01
8.460000000000000853e+00 1.364894253403370616e-01
8.470000000000000639e+00 1.363282808003838664e-01
8.480000000000000426e+00 1.361675163183079795e-01
8.490000000000000213e+00 1.360071305511486028e-01
8.500000000000000000e+00 1.358471221622648828e-01
8.509999999999999787e+00 1.356874898212986624e-01
8.519999999999999574e+00 1.355282322041375109e-01
8.529999999999999361e+00 1.353693479928782806e-01
8.540000000000000924e+00 1.352108358757905526e-01
8.550000000000000711e+00 1.350526945472808604e-01
8.560000000000000497e+00 1.348949227078564961e-01
8.570000000000000284e+00 1.347375190640900389e-01
8.580000000000000071e+00 1.345804823285841056e-01
8.589999999999999858e+00 1.344238112199361845e-01
8.599999999999999645e+00 1.342675044627036907e-01
8.609999999999999432e+00 1.341115607873695492e-01
8.620000000000000995e+00 1.339559789303076121e-01
8.630000000000000782e+00 1.338007576337487403e-01
8.640000000000000568e+00 1.336458956457467206e-01
8.650000000000000355e+00 1.334913917201446809e-01
8.660000000000000142e+00 1.333372446165417557e-01
8.669999999999999929e+00 1.331834531002597244e-01
8.679999999999999716e+00 1.330300159423100925e-01
8.689999999999999503e+00 1.328769319193615073e-01
8.700000000000001066e+00 1.327241998137070611e-01
8.710000000000000853e+00 1.325718184132320954e-01
8.720000000000000639e+00 1.324197865113820316e-01
8.730000000000000426e+00 1.322681029071307579e-01
8.740000000000000213e+00 1.321167664049487100e-01
8.750000000000000000e+00 1.319657758147716187e-01
8.759999999999999787e+00 1.318151299519693675e-01
8.769999999999999574e+00 1.316648276373149073e-01
8.779999999999999361e+00 1.315148676969535024e-01
8.790000000000000924e+00 1.313652489623721720e-01
8.800000000000000711e+00 1.312159702703694919e-01
8.810000000000000497e+00 1.310670304630251748e-01
8.820000000000000284e+00 1.309184283876702604e-01
8.830000000000000071e+00 1.307701628968574725e-01
8.839999999999999858e+00 1.306222328483316319e-01
8.849999999999999645e+00 1.304746371050002074e-01
8.859999999999999432e+00 1.303273745349042556e-01
8.870000000000000995e+00 1.301804440111895556e-01
8.880000000000000782e+00 1.300338444120778814e-01
8.890000000000000568e+00 1.298875746208381921e-01
8.900000000000000355e+00 1.297416335257585984e-01
8.910000000000000142e+00 1.295960200201180246e-01
8.919999999999999929e+00 1.294507330021582581e-01
8.929999999999999716e+00 1.293057713750561666e-01
8.939999999999999503e+00 1.291611340468961366e-01
8.950000000000001066e+00 1.290168199306426511e-01
8.960000000000000853e+00 1.288728279441128943e-01
8.970000000000000639e+00 1.287291570099499960e-01
8.980000000000000426e+00 1.285858060555959415e-01
8.990000000000000213e+00 1.284427740132649265e-01
9.000000000000000000e+00 1.283000598199168507e-01
9.009999999999999787e+00 1.281576624172310330e-01
9.019999999999999574e+00 1.280155807515800104e-01
9.029999999999999361e+00 1.278738137740035308e-01
9.040000000000000924e+00 1.277323604401826851e-01
9.050000000000000711e+00 1.275912197104145385e-01
9.060000000000000497e+00 1.274503905495862621e-01
9.070000000000000284e+00 1.273098719271501256e-01
9.080000000000000071e+00 1.271696628170981835e-01
9.089999999999999858e+00 1.270297621979374625e-01
9.099999999999999645e+00 1.268901690526650361e-01
9.109999999999999432e+00 1.267508823687433228e-01
9.120000000000000995e+00 1.266119011380758275e-01
9.130000000000000782e+00 1.264732243569826331e-01
9.140000000000000568e+00 1.263348510261763369e-01
9.150000000000000355e+00 1.261967801507378750e-01
9.160000000000000142e+00 1.260590107400929860e-01
9.169999999999999929e+00 1.259215418079882021e-01
9.179999999999999716e+00 1.257843723724675067e-01
9.189999999999999503e+00 1.256475014558489367e-01
9.200000000000001066e+00 1.255109280847012676e-01
9.210000000000000853e+00 1.253746512898210042e-01
9.220000000000000639e+00 1.252386701062094820e-01
9.230000000000000426e+00 1.251029835730499973e-01
9.240000000000000213e+00 1.249675907336852410e-01
9.250000000000000000e+00 1.248324906355947755e-01
9.259999999999999787e+00 1.246976823303727333e-01
9.269999999999999574e+00 1.245631648737056812e-01
9.279999999999999361e+00 1.244289373253504027e-01
9.290000000000000924e+00 1.242949987491120956e-01
9.300000000000000711e+00 1.241613482128227364e-01
9.310000000000000497e+00 1.240279847883191816e-01
9.320000000000000284e+00 1.238949075514218373e-01
9.330000000000000071e+00 1.237621155819133428e-01
9.339999999999999858e+00 1.236296079635173101e-01
9.349999999999999645e+00 1.234973837838772015e-01
9.359999999999999432e+00 1.233654421345354441e-01
9.370000000000000995e+00 1.232337821109126541e-01
9.380000000000000782e+00 1.231024028122869596e-01
9.390000000000000568e+00 1.229713033417733359e-01
9.400000000000000355e+00 1.228404828063033583e-01
9.410000000000000142e+00 1.227099403166048430e-01
9.419999999999999929e+00 1.225796749871817110e-01
9.429999999999999716e+00 1.224496859362939200e-01
9.439999999999999503e+00 1.223199722859376753e-01
9.450000000000001066e+00 1.221905331618255569e-01
9.460000000000000853e+00 1.220613676933669650e-01
9.470000000000000639e+00 1.219324750136485114e-01
9.480000000000000426e+00 1.218038542594147150e-01
9.490000000000000213e+00 1.216755045710486427e-01
9.500000000000000000e+00 1.215474250925527994e-01
9.509999999999999787e+00 1.214196149715301293e-01
9.519999999999999574e+00 1.212920733591650868e-01
9.529999999999999361e+00 1.211647994102047904e-01
9.540000000000000924e+00 1.210377922829404124e-01
9.550000000000000711e+00 1.209110511391886522e-01
9.560000000000000497e+00 1.207845751442731957e-01
9.570000000000000284e+00 1.206583634670064381e-01
9.580000000000000071e+00 1.205324152796713594e-01
9.589999999999999858e+00 1.204067297580033030e-01
9.599999999999999645e+00 1.202813060811720597e-01
9.609999999999999432e+00 1.201561434317639648e-01
9.620000000000000995e+00 1.200312409957641907e-01
9.630000000000000782e+00 1.199065979625391076e-01
9.640000000000000568e+00 1.197822135248186315e-01
9.650000000000000355e+00 1.196580868786789043e-01
9.660000000000000142e+00 1.195342172235250022e-01
9.669999999999999929e+00 1.194106037620736027e-01
9.679999999999999716e+00 1.192872457003359143e-01
9.689999999999999503e+00 1.191641422476007739e-01
9.700000000000001066e+00 1.190412926164176877e-01
9.710000000000000853e+00 1.189186960225799700e-01
9.720000000000000639e+00 1.187963516851081869e-01
9.730000000000000426e+00 1.186742588262334613e-01
9.740000000000000213e+00 1.185524166713810834e-01
9.750000000000000000e+00 1.184308244491540235e-01
9.759999999999999787e+00 1.183094813913167648e-01
9.769999999999999574e+00 1.181883867327790938e-01
9.779999999999999361e+00 1.180675397115799330e-01
9.790000000000000924e+00 1.179469395688714506e-01
9.800000000000000711e+00 1.178265855489032260e-01
9.810000000000000497e+00 1.177064768990062904e-01
9.820000000000000284e+00 1.175866128695775559e-01
9.830000000000000071e+00 1.174669927140642445e-01
9.839999999999999858e+00 1.173476156889483313e-01
9.849999999999999645e+00 1.172284810537311400e-01
9.859999999999999432e+00 1.171095880709180220e-01
9.870000000000000995e+00 1.169909360060031878e-01
9.880000000000000782e+00 1.168725241274546078e-01
9.890000000000000568e+00 1.167543517066988445e-01
9.900000000000000355e+00 1.166364180181062027e-01
9.910000000000000142e+00 1.165187223389759358e-01
9.919999999999999929e+00 1.164012639495213414e-01
9.929999999999999716e+00 1.162840421328551616e-01
9.939999999999999503e+00 1.161670561749750114e-01
9.950000000000001066e+00 1.160503053647489041e-01
9.960000000000000853e+00 1.159337889939007632e-01
9.970000000000000639e+00 1.158175063569961416e-01
9.980000000000000426e+00 1.157014567514280112e-01
9.990000000000000213e+00 1.155856394774025658e-01
1.000000000000000000e+01 1.154700538379251629e-01
