T[eV] κe[W/(keVcm)](SMT) κe[W/(keVcm)](modSMT)
2.00000e-02 5.32033e+05 1.56642e+05
2.02785e-02 5.37845e+05 1.58420e+05
2.05609e-02 5.43726e+05 1.60219e+05
2.08472e-02 5.49674e+05 1.62040e+05
2.11375e-02 5.55692e+05 1.63882e+05
2.14319e-02 5.61779e+05 1.65748e+05
2.17303e-02 5.67938e+05 1.67636e+05
2.20329e-02 5.74168e+05 1.69547e+05
2.23397e-02 5.80471e+05 1.71482e+05
2.26508e-02 5.86847e+05 1.73440e+05
2.29662e-02 5.93298e+05 1.75422e+05
2.32861e-02 5.99824e+05 1.77428e+05
2.36103e-02 6.06426e+05 1.79459e+05
2.39391e-02 6.13106e+05 1.81515e+05
2.42725e-02 6.19864e+05 1.83596e+05
2.46105e-02 6.26702e+05 1.85703e+05
2.49532e-02 6.33619e+05 1.87836e+05
2.53007e-02 6.40618e+05 1.89994e+05
2.56530e-02 6.47699e+05 1.92180e+05
2.60102e-02 6.54864e+05 1.94392e+05
2.63724e-02 6.62112e+05 1.96632e+05
2.67397e-02 6.69447e+05 1.98900e+05
2.71120e-02 6.76867e+05 2.01195e+05
2.74896e-02 6.84376e+05 2.03519e+05
2.78724e-02 6.91973e+05 2.05872e+05
2.82605e-02 6.99659e+05 2.08254e+05
2.86541e-02 7.07437e+05 2.10666e+05
2.90531e-02 7.15307e+05 2.13108e+05
2.94577e-02 7.23270e+05 2.15580e+05
2.98679e-02 7.31328e+05 2.18083e+05
3.02838e-02 7.39481e+05 2.20617e+05
3.07055e-02 7.47732e+05 2.23182e+05
3.11331e-02 7.56080e+05 2.25780e+05
3.15666e-02 7.64528e+05 2.28411e+05
3.20062e-02 7.73076e+05 2.31074e+05
3.24519e-02 7.81727e+05 2.33771e+05
3.29038e-02 7.90481e+05 2.36501e+05
3.33620e-02 7.99339e+05 2.39266e+05
3.38266e-02 8.08303e+05 2.42066e+05
3.42976e-02 8.17375e+05 2.44901e+05
3.47752e-02 8.26555e+05 2.47772e+05
3.52595e-02 8.35845e+05 2.50679e+05
3.57505e-02 8.45247e+05 2.53622e+05
3.62484e-02 8.54762e+05 2.56603e+05
3.67531e-02 8.64391e+05 2.59622e+05
3.72649e-02 8.74136e+05 2.62679e+05
3.77839e-02 8.83999e+05 2.65775e+05
3.83100e-02 8.93980e+05 2.68910e+05
3.88435e-02 9.04082e+05 2.72085e+05
3.93844e-02 9.14305e+05 2.75300e+05
3.99328e-02 9.24653e+05 2.78557e+05
4.04889e-02 9.35125e+05 2.81855e+05
4.10528e-02 9.45725e+05 2.85195e+05
4.16244e-02 9.56453e+05 2.88577e+05
4.22041e-02 9.67311e+05 2.92004e+05
4.27918e-02 9.78301e+05 2.95474e+05
4.33877e-02 9.89424e+05 2.98988e+05
4.39919e-02 1.00068e+06 3.02548e+05
4.46045e-02 1.01208e+06 3.06153e+05
4.52256e-02 1.02361e+06 3.09805e+05
4.58554e-02 1.03529e+06 3.13504e+05
4.64939e-02 1.04711e+06 3.17251e+05
4.71414e-02 1.05907e+06 3.21046e+05
4.77979e-02 1.07118e+06 3.24890e+05
4.84635e-02 1.08344e+06 3.28784e+05
4.91383e-02 1.09584e+06 3.32728e+05
4.98226e-02 1.10840e+06 3.36724e+05
5.05164e-02 1.12112e+06 3.40771e+05
5.12199e-02 1.13399e+06 3.44871e+05
5.19331e-02 1.14702e+06 3.49025e+05
5.26563e-02 1.16021e+06 3.53232e+05
5.33896e-02 1.17356e+06 3.57495e+05
5.41330e-02 1.18708e+06 3.61813e+05
5.48869e-02 1.20076e+06 3.66188e+05
5.56512e-02 1.21461e+06 3.70620e+05
5.64262e-02 1.22864e+06 3.75111e+05
5.72119e-02 1.24284e+06 3.79660e+05
5.80086e-02 1.25721e+06 3.84269e+05
5.88164e-02 1.27176e+06 3.88938e+05
5.96354e-02 1.28650e+06 3.93670e+05
6.04659e-02 1.30142e+06 3.98463e+05
6.13079e-02 1.31652e+06 4.03320e+05
6.21616e-02 1.33181e+06 4.08241e+05
6.30273e-02 1.34729e+06 4.13228e+05
6.39050e-02 1.36297e+06 4.18280e+05
6.47949e-02 1.37884e+06 4.23400e+05
6.56971e-02 1.39491e+06 4.28588e+05
6.66120e-02 1.41118e+06 4.33844e+05
6.75396e-02 1.42766e+06 4.39171e+05
6.84801e-02 1.44434e+06 4.44569e+05
6.94337e-02 1.46123e+06 4.50038e+05
7.04006e-02 1.47834e+06 4.55581e+05
7.13810e-02 1.49566e+06 4.61199e+05
7.23750e-02 1.51320e+06 4.66891e+05
7.33828e-02 1.53096e+06 4.72660e+05
7.44047e-02 1.54894e+06 4.78507e+05
7.54408e-02 1.56715e+06 4.84432e+05
7.64914e-02 1.58560e+06 4.90437e+05
7.75566e-02 1.60427e+06 4.96523e+05
7.86366e-02 1.62319e+06 5.02691e+05
7.97316e-02 1.64234e+06 5.08943e+05
8.08419e-02 1.66174e+06 5.15280e+05
8.19677e-02 1.68138e+06 5.21702e+05
8.31091e-02 1.70128e+06 5.28212e+05
8.42664e-02 1.72142e+06 5.34810e+05
8.54399e-02 1.74183e+06 5.41498e+05
8.66297e-02 1.76250e+06 5.48277e+05
8.78360e-02 1.78343e+06 5.55149e+05
8.90592e-02 1.80463e+06 5.62114e+05
9.02994e-02 1.82610e+06 5.69175e+05
9.15568e-02 1.84784e+06 5.76333e+05
9.28318e-02 1.86987e+06 5.83589e+05
9.41245e-02 1.89218e+06 5.90945e+05
9.54352e-02 1.91478e+06 5.98402e+05
9.67642e-02 1.93767e+06 6.05962e+05
9.81117e-02 1.96085e+06 6.13626e+05
9.94779e-02 1.98433e+06 6.21396e+05
1.00863e-01 2.00812e+06 6.29274e+05
1.02268e-01 2.03222e+06 6.37260e+05
1.03692e-01 2.05663e+06 6.45358e+05
1.05136e-01 2.08135e+06 6.53568e+05
1.06600e-01 2.10640e+06 6.61892e+05
1.08084e-01 2.13177e+06 6.70333e+05
1.09589e-01 2.15747e+06 6.78891e+05
1.11116e-01 2.18351e+06 6.87568e+05
1.12663e-01 2.20989e+06 6.96367e+05
1.14232e-01 2.23662e+06 7.05290e+05
1.15822e-01 2.26369e+06 7.14337e+05
1.17435e-01 2.29112e+06 7.23512e+05
1.19071e-01 2.31890e+06 7.32815e+05
1.20729e-01 2.34706e+06 7.42250e+05
1.22410e-01 2.37558e+06 7.51818e+05
1.24115e-01 2.40448e+06 7.61521e+05
1.25843e-01 2.43376e+06 7.71362e+05
1.27595e-01 2.46342e+06 7.81342e+05
1.29372e-01 2.49348e+06 7.91463e+05
1.31174e-01 2.52394e+06 8.01729e+05
1.33000e-01 2.55480e+06 8.12140e+05
1.34852e-01 2.58606e+06 8.22700e+05
1.36730e-01 2.61775e+06 8.33411e+05
1.38634e-01 2.64985e+06 8.44275e+05
1.40565e-01 2.68238e+06 8.55294e+05
1.42522e-01 2.71535e+06 8.66472e+05
1.44507e-01 2.74875e+06 8.77810e+05
1.46519e-01 2.78260e+06 8.89311e+05
1.48560e-01 2.81691e+06 9.00977e+05
1.50628e-01 2.85167e+06 9.12812e+05
1.52726e-01 2.88690e+06 9.24818e+05
1.54853e-01 2.92260e+06 9.36998e+05
1.57009e-01 2.95878e+06 9.49354e+05
1.59196e-01 2.99545e+06 9.61889e+05
1.61412e-01 3.03261e+06 9.74607e+05
1.63660e-01 3.07027e+06 9.87509e+05
1.65939e-01 3.10844e+06 1.00060e+06
1.68250e-01 3.14713e+06 1.01388e+06
1.70593e-01 3.18634e+06 1.02736e+06
1.72968e-01 3.22609e+06 1.04103e+06
1.75377e-01 3.26637e+06 1.05491e+06
1.77819e-01 3.30720e+06 1.06898e+06
1.80296e-01 3.34858e+06 1.08327e+06
1.82806e-01 3.39053e+06 1.09776e+06
1.85352e-01 3.43305e+06 1.11247e+06
1.87933e-01 3.47615e+06 1.12740e+06
1.90550e-01 3.51985e+06 1.14255e+06
1.93203e-01 3.56413e+06 1.15792e+06
1.95894e-01 3.60903e+06 1.17352e+06
1.98622e-01 3.65454e+06 1.18935e+06
2.01388e-01 3.70068e+06 1.20542e+06
2.04192e-01 3.74745e+06 1.22173e+06
2.07036e-01 3.79487e+06 1.23828e+06
2.09919e-01 3.84294e+06 1.25508e+06
2.12842e-01 3.89168e+06 1.27213e+06
2.15806e-01 3.94109e+06 1.28944e+06
2.18811e-01 3.99119e+06 1.30701e+06
2.21858e-01 4.04198e+06 1.32484e+06
2.24947e-01 4.09347e+06 1.34294e+06
2.28080e-01 4.14568e+06 1.36132e+06
2.31256e-01 4.19862e+06 1.37997e+06
2.34476e-01 4.25230e+06 1.39891e+06
2.37742e-01 4.30672e+06 1.41814e+06
2.41052e-01 4.36191e+06 1.43765e+06
2.44409e-01 4.41787e+06 1.45747e+06
2.47812e-01 4.47461e+06 1.47758e+06
2.51263e-01 4.53215e+06 1.49801e+06
2.54762e-01 4.59050e+06 1.51874e+06
2.58310e-01 4.64967e+06 1.53980e+06
2.61907e-01 4.70967e+06 1.56118e+06
2.65554e-01 4.77052e+06 1.58289e+06
2.69252e-01 4.83223e+06 1.60493e+06
2.73002e-01 4.89481e+06 1.62731e+06
2.76803e-01 4.95828e+06 1.65004e+06
2.80658e-01 5.02265e+06 1.67312e+06
2.84566e-01 5.08794e+06 1.69656e+06
2.88529e-01 5.15415e+06 1.72037e+06
2.92547e-01 5.22131e+06 1.74454e+06
2.96621e-01 5.28942e+06 1.76909e+06
3.00751e-01 5.35851e+06 1.79403e+06
3.04939e-01 5.42858e+06 1.81935e+06
3.09186e-01 5.49966e+06 1.84508e+06
3.13491e-01 5.57176e+06 1.87120e+06
3.17857e-01 5.64490e+06 1.89774e+06
3.22283e-01 5.71908e+06 1.92470e+06
3.26771e-01 5.79433e+06 1.95208e+06
3.31321e-01 5.87067e+06 1.97989e+06
3.35935e-01 5.94812e+06 2.00815e+06
3.40613e-01 6.02668e+06 2.03685e+06
3.45356e-01 6.10638e+06 2.06601e+06
3.50165e-01 6.18723e+06 2.09563e+06
3.55042e-01 6.26926e+06 2.12573e+06
3.59986e-01 6.35248e+06 2.15631e+06
3.64999e-01 6.43691e+06 2.18737e+06
3.70081e-01 6.52258e+06 2.21894e+06
3.75235e-01 6.60949e+06 2.25101e+06
3.80460e-01 6.69768e+06 2.28360e+06
3.85758e-01 6.78716e+06 2.31671e+06
3.91130e-01 6.87795e+06 2.35036e+06
3.96577e-01 6.97007e+06 2.38455e+06
4.02099e-01 7.06354e+06 2.41930e+06
4.07699e-01 7.15840e+06 2.45460e+06
4.13376e-01 7.25465e+06 2.49049e+06
4.19132e-01 7.35232e+06 2.52696e+06
4.24969e-01 7.45144e+06 2.56402e+06
4.30887e-01 7.55202e+06 2.60169e+06
4.36887e-01 7.65410e+06 2.63997e+06
4.42971e-01 7.75769e+06 2.67888e+06
4.49140e-01 7.86282e+06 2.71843e+06
4.55394e-01 7.96952e+06 2.75864e+06
4.61736e-01 8.07780e+06 2.79950e+06
4.68165e-01 8.18771e+06 2.84104e+06
4.74685e-01 8.29925e+06 2.88327e+06
4.81295e-01 8.41247e+06 2.92620e+06
4.87997e-01 8.52739e+06 2.96984e+06
4.94793e-01 8.64403e+06 3.01420e+06
5.01683e-01 8.76242e+06 3.05931e+06
5.08669e-01 8.88260e+06 3.10517e+06
5.15753e-01 9.00458e+06 3.15179e+06
5.22935e-01 9.12841e+06 3.19920e+06
5.30217e-01 9.25411e+06 3.24740e+06
5.37600e-01 9.38172e+06 3.29641e+06
5.45087e-01 9.51126e+06 3.34624e+06
5.52677e-01 9.64276e+06 3.39692e+06
5.60373e-01 9.77627e+06 3.44845e+06
5.68177e-01 9.91181e+06 3.50085e+06
5.76089e-01 1.00494e+07 3.55414e+06
5.84111e-01 1.01891e+07 3.60834e+06
5.92245e-01 1.03310e+07 3.66346e+06
6.00492e-01 1.04750e+07 3.71951e+06
6.08854e-01 1.06212e+07 3.77653e+06
6.17333e-01 1.07696e+07 3.83452e+06
6.25930e-01 1.09204e+07 3.89350e+06
6.34646e-01 1.10734e+07 3.95350e+06
6.43484e-01 1.12289e+07 4.01452e+06
6.52444e-01 1.13867e+07 4.07660e+06
6.61530e-01 1.15470e+07 4.13974e+06
6.70742e-01 1.17097e+07 4.20398e+06
6.80082e-01 1.18750e+07 4.26933e+06
6.89553e-01 1.20428e+07 4.33581e+06
6.99155e-01 1.22132e+07 4.40344e+06
7.08891e-01 1.23863e+07 4.47225e+06
7.18763e-01 1.25621e+07 4.54226e+06
7.28772e-01 1.27406e+07 4.61349e+06
7.38920e-01 1.29219e+07 4.68597e+06
7.49210e-01 1.31060e+07 4.75971e+06
7.59643e-01 1.32931e+07 4.83475e+06
7.70221e-01 1.34830e+07 4.91111e+06
7.80947e-01 1.36760e+07 4.98880e+06
7.91822e-01 1.38719e+07 5.06787e+06
8.02848e-01 1.40710e+07 5.14833e+06
8.14028e-01 1.42732e+07 5.23022e+06
8.25364e-01 1.44786e+07 5.31355e+06
8.36858e-01 1.46872e+07 5.39836e+06
8.48511e-01 1.48991e+07 5.48468e+06
8.60327e-01 1.51144e+07 5.57253e+06
8.72308e-01 1.53331e+07 5.66195e+06
8.84455e-01 1.55553e+07 5.75296e+06
8.96771e-01 1.57810e+07 5.84560e+06
9.09259e-01 1.60103e+07 5.93990e+06
9.21921e-01 1.62432e+07 6.03588e+06
9.34759e-01 1.64799e+07 6.13359e+06
9.47776e-01 1.67203e+07 6.23306e+06
9.60974e-01 1.69646e+07 6.33431e+06
9.74356e-01 1.72128e+07 6.43739e+06
9.87924e-01 1.74650e+07 6.54234e+06
1.00168e+00 1.77212e+07 6.64917e+06
1.01563e+00 1.79815e+07 6.75795e+06
1.02977e+00 1.82460e+07 6.86869e+06
1.04411e+00 1.85148e+07 6.98145e+06
1.05865e+00 1.87879e+07 7.09625e+06
1.07340e+00 1.90654e+07 7.21314e+06
1.08834e+00 1.93474e+07 7.33217e+06
1.10350e+00 1.96340e+07 7.45337e+06
1.11887e+00 1.99251e+07 7.57678e+06
1.13445e+00 2.02210e+07 7.70244e+06
1.15024e+00 2.05217e+07 7.83042e+06
1.16626e+00 2.08273e+07 7.96073e+06
1.18250e+00 2.11378e+07 8.09344e+06
1.19897e+00 2.14534e+07 8.22859e+06
1.21566e+00 2.17742e+07 8.36623e+06
1.23259e+00 2.21001e+07 8.50641e+06
1.24976e+00 2.24314e+07 8.64916e+06
1.26716e+00 2.27680e+07 8.79456e+06
1.28481e+00 2.31102e+07 8.94264e+06
1.30270e+00 2.34579e+07 9.09347e+06
1.32084e+00 2.38114e+07 9.24709e+06
1.33923e+00 2.41706e+07 9.40355e+06
1.35788e+00 2.45357e+07 9.56292e+06
1.37679e+00 2.49068e+07 9.72526e+06
1.39596e+00 2.52840e+07 9.89061e+06
1.41540e+00 2.56673e+07 1.00590e+07
1.43511e+00 2.60570e+07 1.02306e+07
1.45510e+00 2.64531e+07 1.04054e+07
1.47536e+00 2.68557e+07 1.05834e+07
1.49590e+00 2.72649e+07 1.07647e+07
1.51674e+00 2.76808e+07 1.09495e+07
1.53786e+00 2.81036e+07 1.11377e+07
1.55927e+00 2.85334e+07 1.13294e+07
1.58099e+00 2.89703e+07 1.15247e+07
1.60300e+00 2.94144e+07 1.17236e+07
1.62532e+00 2.98658e+07 1.19263e+07
1.64796e+00 3.03246e+07 1.21328e+07
1.67091e+00 3.07911e+07 1.23432e+07
1.69417e+00 3.12652e+07 1.25575e+07
1.71777e+00 3.17472e+07 1.27759e+07
1.74169e+00 3.22372e+07 1.29983e+07
1.76594e+00 3.27352e+07 1.32250e+07
1.79053e+00 3.32415e+07 1.34558e+07
1.81547e+00 3.37562e+07 1.36911e+07
1.84075e+00 3.42794e+07 1.39307e+07
1.86638e+00 3.48113e+07 1.41749e+07
1.89237e+00 3.53520e+07 1.44237e+07
1.91872e+00 3.59016e+07 1.46771e+07
1.94544e+00 3.64603e+07 1.49354e+07
1.97253e+00 3.70283e+07 1.51985e+07
2.00000e+00 3.76056e+07 1.54665e+07
2.02785e+00 3.81926e+07 1.57396e+07
2.05609e+00 3.87892e+07 1.60178e+07
2.08472e+00 3.93957e+07 1.63013e+07
2.11375e+00 4.00123e+07 1.65901e+07
2.14319e+00 4.06391e+07 1.68844e+07
2.17303e+00 4.12762e+07 1.71842e+07
2.20329e+00 4.19239e+07 1.74896e+07
2.23397e+00 4.25823e+07 1.78008e+07
2.26508e+00 4.32515e+07 1.81178e+07
2.29662e+00 4.39319e+07 1.84409e+07
2.32861e+00 4.46234e+07 1.87699e+07
2.36103e+00 4.53263e+07 1.91052e+07
2.39391e+00 4.60409e+07 1.94468e+07
2.42725e+00 4.67672e+07 1.97948e+07
2.46105e+00 4.75055e+07 2.01493e+07
2.49532e+00 4.82559e+07 2.05105e+07
2.53007e+00 4.90186e+07 2.08784e+07
2.56530e+00 4.97939e+07 2.12532e+07
2.60102e+00 5.05819e+07 2.16351e+07
2.63724e+00 5.13827e+07 2.20241e+07
2.67397e+00 5.21967e+07 2.24204e+07
2.71120e+00 5.30240e+07 2.28241e+07
2.74896e+00 5.38649e+07 2.32353e+07
2.78724e+00 5.47194e+07 2.36542e+07
2.82605e+00 5.55878e+07 2.40809e+07
2.86541e+00 5.64704e+07 2.45156e+07
2.90531e+00 5.73673e+07 2.49583e+07
2.94577e+00 5.82787e+07 2.54093e+07
2.98679e+00 5.92048e+07 2.58687e+07
3.02838e+00 6.01460e+07 2.63366e+07
3.07055e+00 6.11023e+07 2.68132e+07
3.11331e+00 6.20740e+07 2.72987e+07
3.15666e+00 6.30613e+07 2.77931e+07
3.20062e+00 6.40644e+07 2.82967e+07
3.24519e+00 6.50836e+07 2.88096e+07
3.29038e+00 6.61190e+07 2.93320e+07
3.33620e+00 6.71709e+07 2.98640e+07
3.38266e+00 6.82396e+07 3.04059e+07
3.42976e+00 6.93251e+07 3.09577e+07
3.47752e+00 7.04279e+07 3.15197e+07
3.52595e+00 7.15479e+07 3.20921e+07
3.57505e+00 7.26857e+07 3.26750e+07
3.62484e+00 7.38412e+07 3.32686e+07
3.67531e+00 7.50148e+07 3.38732e+07
3.72649e+00 7.62066e+07 3.44888e+07
3.77839e+00 7.74170e+07 3.51158e+07
3.83100e+00 7.86461e+07 3.57543e+07
3.88435e+00 7.98942e+07 3.64045e+07
3.93844e+00 8.11615e+07 3.70666e+07
3.99328e+00 8.24481e+07 3.77409e+07
4.04889e+00 8.37544e+07 3.84275e+07
4.10528e+00 8.50806e+07 3.91268e+07
4.16244e+00 8.64268e+07 3.98389e+07
4.22041e+00 8.77934e+07 4.05640e+07
4.27918e+00 8.91804e+07 4.13025e+07
4.33877e+00 9.05882e+07 4.20545e+07
4.39919e+00 9.20170e+07 4.28204e+07
4.46045e+00 9.34670e+07 4.36004e+07
4.52256e+00 9.49383e+07 4.43947e+07
4.58554e+00 9.64312e+07 4.52036e+07
4.64939e+00 9.79460e+07 4.60275e+07
4.71414e+00 9.94828e+07 4.68666e+07
4.77979e+00 1.01042e+08 4.77213e+07
4.84635e+00 1.02623e+08 4.85917e+07
4.91383e+00 1.04227e+08 4.94784e+07
4.98226e+00 1.05854e+08 5.03815e+07
5.05164e+00 1.07505e+08 5.13015e+07
5.12199e+00 1.09178e+08 5.22388e+07
5.19331e+00 1.10876e+08 5.31939e+07
5.26563e+00 1.12597e+08 5.41670e+07
5.33896e+00 1.14343e+08 5.51587e+07
5.41330e+00 1.16114e+08 5.61692e+07
5.48869e+00 1.17909e+08 5.71992e+07
5.56512e+00 1.19729e+08 5.82489e+07
5.64262e+00 1.21575e+08 5.93189e+07
5.72119e+00 1.23446e+08 6.04096e+07
5.80086e+00 1.25342e+08 6.15215e+07
5.88164e+00 1.27265e+08 6.26552e+07
5.96354e+00 1.29214e+08 6.38112e+07
6.04659e+00 1.31189e+08 6.49899e+07
6.13079e+00 1.33191e+08 6.61921e+07
6.21616e+00 1.35220e+08 6.74182e+07
6.30273e+00 1.37276e+08 6.86688e+07
6.39050e+00 1.39360e+08 6.99447e+07
6.47949e+00 1.41472e+08 7.12464e+07
6.56971e+00 1.43611e+08 7.25747e+07
6.66120e+00 1.45779e+08 7.39301e+07
6.75396e+00 1.47976e+08 7.53135e+07
6.84801e+00 1.50202e+08 7.67255e+07
6.94337e+00 1.52457e+08 7.81670e+07
7.04006e+00 1.54742e+08 7.96387e+07
7.13810e+00 1.57057e+08 8.11414e+07
7.23750e+00 1.59402e+08 8.26761e+07
7.33828e+00 1.61779e+08 8.42435e+07
7.44047e+00 1.64186e+08 8.58447e+07
7.54408e+00 1.66626e+08 8.74804e+07
7.64914e+00 1.69098e+08 8.91517e+07
7.75566e+00 1.71602e+08 9.08596e+07
7.86366e+00 1.74140e+08 9.26052e+07
7.97316e+00 1.76711e+08 9.43893e+07
8.08419e+00 1.79317e+08 9.62133e+07
8.19677e+00 1.81958e+08 9.80782e+07
8.31091e+00 1.84634e+08 9.99851e+07
8.42664e+00 1.87347e+08 1.01935e+08
8.54399e+00 1.90097e+08 1.03930e+08
8.66297e+00 1.92885e+08 1.05970e+08
8.78360e+00 1.95712e+08 1.08058e+08
8.90592e+00 1.98578e+08 1.10194e+08
9.02994e+00 2.01484e+08 1.12379e+08
9.15568e+00 2.04432e+08 1.14616e+08
9.28318e+00 2.07423e+08 1.16905e+08
9.41245e+00 2.10457e+08 1.19249e+08
9.54352e+00 2.13536e+08 1.21648e+08
9.67642e+00 2.16660e+08 1.24105e+08
9.81117e+00 2.19832e+08 1.26620e+08
9.94779e+00 2.23052e+08 1.29196e+08
1.00863e+01 2.26326e+08 1.31835e+08
1.02268e+01 2.29669e+08 1.34542e+08
1.03692e+01 2.33084e+08 1.37318e+08
1.05136e+01 2.36575e+08 1.40166e+08
1.06600e+01 2.40145e+08 1.43088e+08
1.08084e+01 2.43795e+08 1.46085e+08
1.09589e+01 2.47530e+08 1.49159e+08
1.11116e+01 2.51351e+08 1.52311e+08
1.12663e+01 2.55262e+08 1.55544e+08
1.14232e+01 2.59266e+08 1.58860e+08
1.15822e+01 2.63365e+08 1.62260e+08
1.17435e+01 2.67563e+08 1.65747e+08
1.19071e+01 2.71862e+08 1.69321e+08
1.20729e+01 2.76266e+08 1.72986e+08
1.22410e+01 2.80778e+08 1.76744e+08
1.24115e+01 2.85399e+08 1.80595e+08
1.25843e+01 2.90135e+08 1.84543e+08
1.27595e+01 2.94986e+08 1.88589e+08
1.29372e+01 2.99957e+08 1.92736e+08
1.31174e+01 3.05050e+08 1.96985e+08
1.33000e+01 3.10268e+08 2.01340e+08
1.34852e+01 3.15614e+08 2.05801e+08
1.36730e+01 3.21091e+08 2.10372e+08
1.38634e+01 3.26701e+08 2.15056e+08
1.40565e+01 3.32448e+08 2.19853e+08
1.42522e+01 3.38333e+08 2.24767e+08
1.44507e+01 3.44359e+08 2.29801e+08
1.46519e+01 3.50530e+08 2.34956e+08
1.48560e+01 3.56847e+08 2.40236e+08
1.50628e+01 3.63312e+08 2.45644e+08
1.52726e+01 3.69929e+08 2.51181e+08
1.54853e+01 3.76699e+08 2.56851e+08
1.57009e+01 3.83625e+08 2.62655e+08
1.59196e+01 3.90708e+08 2.68589e+08
1.61412e+01 3.97950e+08 2.74657e+08
1.63660e+01 4.05353e+08 2.80865e+08
1.65939e+01 4.12919e+08 2.87217e+08
1.68250e+01 4.20649e+08 2.93718e+08
1.70593e+01 4.28544e+08 3.00373e+08
1.72968e+01 4.36606e+08 3.07186e+08
1.75377e+01 4.44836e+08 3.14161e+08
1.77819e+01 4.53234e+08 3.21304e+08
1.80296e+01 4.61802e+08 3.28619e+08
1.82806e+01 4.70539e+08 3.36110e+08
1.85352e+01 4.79446e+08 3.43781e+08
1.87933e+01 4.88523e+08 3.51639e+08
1.90550e+01 4.97769e+08 3.59686e+08
1.93203e+01 5.07185e+08 3.67928e+08
1.95894e+01 5.16770e+08 3.76369e+08
1.98622e+01 5.26523e+08 3.85015e+08
2.01388e+01 5.36450e+08 3.93870e+08
2.04192e+01 5.46599e+08 4.02944e+08
2.07036e+01 5.56982e+08 4.12243e+08
2.09919e+01 5.67605e+08 4.21770e+08
2.12842e+01 5.78473e+08 4.31534e+08
2.15806e+01 5.89586e+08 4.41537e+08
2.18811e+01 6.00928e+08 4.51787e+08
2.21858e+01 6.12514e+08 4.62288e+08
2.24947e+01 6.24356e+08 4.73047e+08
2.28080e+01 6.36469e+08 4.84070e+08
2.31256e+01 6.48864e+08 4.95362e+08
2.34476e+01 6.61553e+08 5.06930e+08
2.37742e+01 6.74546e+08 5.18780e+08
2.41052e+01 6.87853e+08 5.30918e+08
2.44409e+01 7.01484e+08 5.43351e+08
2.47812e+01 7.15450e+08 5.56086e+08
2.51263e+01 7.29758e+08 5.69129e+08
2.54762e+01 7.44419e+08 5.82488e+08
2.58310e+01 7.59441e+08 5.96170e+08
2.61907e+01 7.74833e+08 6.10182e+08
2.65554e+01 7.90604e+08 6.24532e+08
2.69252e+01 8.06763e+08 6.39227e+08
2.73002e+01 8.23318e+08 6.54275e+08
2.76803e+01 8.40277e+08 6.69685e+08
2.80658e+01 8.57651e+08 6.85465e+08
2.84566e+01 8.75447e+08 7.01622e+08
2.88529e+01 8.93675e+08 7.18167e+08
2.92547e+01 9.12343e+08 7.35107e+08
2.96621e+01 9.31461e+08 7.52452e+08
3.00751e+01 9.51039e+08 7.70212e+08
3.04939e+01 9.71085e+08 7.88395e+08
3.09186e+01 9.91610e+08 8.07011e+08
3.13491e+01 1.01262e+09 8.26072e+08
3.17857e+01 1.03413e+09 8.45585e+08
3.22283e+01 1.05615e+09 8.65563e+08
3.26771e+01 1.07869e+09 8.86017e+08
3.31321e+01 1.10176e+09 9.06956e+08
3.35935e+01 1.12537e+09 9.28392e+08
3.40613e+01 1.14953e+09 9.50337e+08
3.45356e+01 1.17425e+09 9.72802e+08
3.50165e+01 1.19955e+09 9.95801e+08
3.55042e+01 1.22544e+09 1.01934e+09
3.59986e+01 1.25192e+09 1.04344e+09
3.64999e+01 1.27901e+09 1.06811e+09
3.70081e+01 1.30673e+09 1.09337e+09
3.75235e+01 1.33508e+09 1.11922e+09
3.80460e+01 1.36409e+09 1.14568e+09
3.85758e+01 1.39375e+09 1.17277e+09
3.91130e+01 1.42409e+09 1.20050e+09
3.96577e+01 1.45512e+09 1.22888e+09
4.02099e+01 1.48686e+09 1.25793e+09
4.07699e+01 1.51931e+09 1.28766e+09
4.13376e+01 1.55250e+09 1.31810e+09
4.19132e+01 1.58643e+09 1.34925e+09
4.24969e+01 1.62113e+09 1.38114e+09
4.30887e+01 1.65660e+09 1.41377e+09
4.36887e+01 1.69287e+09 1.44717e+09
4.42971e+01 1.72994e+09 1.48136e+09
4.49140e+01 1.76784e+09 1.51634e+09
4.55394e+01 1.80658e+09 1.55215e+09
4.61736e+01 1.84618e+09 1.58880e+09
4.68165e+01 1.88665e+09 1.62630e+09
4.74685e+01 1.92801e+09 1.66468e+09
4.81295e+01 1.97027e+09 1.70396e+09
4.87997e+01 2.01346e+09 1.74416e+09
4.94793e+01 2.05759e+09 1.78529e+09
5.01683e+01 2.10267e+09 1.82738e+09
5.08669e+01 2.14876e+09 1.87046e+09
5.15753e+01 2.19590e+09 1.91455e+09
5.22935e+01 2.24410e+09 1.95967e+09
5.30217e+01 2.29339e+09 2.00586e+09
5.37600e+01 2.34379e+09 2.05313e+09
5.45087e+01 2.39533e+09 2.10150e+09
5.52677e+01 2.44803e+09 2.15101e+09
5.60373e+01 2.50192e+09 2.20169e+09
5.68177e+01 2.55702e+09 2.25355e+09
5.76089e+01 2.61336e+09 2.30663e+09
5.84111e+01 2.67096e+09 2.36095e+09
5.92245e+01 2.72986e+09 2.41655e+09
6.00492e+01 2.79008e+09 2.47345e+09
6.08854e+01 2.85164e+09 2.53168e+09
6.17333e+01 2.91459e+09 2.59127e+09
6.25930e+01 2.97895e+09 2.65227e+09
6.34646e+01 3.04474e+09 2.71469e+09
6.43484e+01 3.11201e+09 2.77857e+09
6.52444e+01 3.18078e+09 2.84395e+09
6.61530e+01 3.25108e+09 2.91085e+09
6.70742e+01 3.32295e+09 2.97932e+09
6.80082e+01 3.39641e+09 3.04940e+09
6.89553e+01 3.47152e+09 3.12111e+09
6.99155e+01 3.54829e+09 3.19449e+09
7.08891e+01 3.62676e+09 3.26960e+09
7.18763e+01 3.70697e+09 3.34645e+09
7.28772e+01 3.78896e+09 3.42510e+09
7.38920e+01 3.87276e+09 3.50559e+09
7.49210e+01 3.95842e+09 3.58795e+09
7.59643e+01 4.04596e+09 3.67224e+09
7.70221e+01 4.13543e+09 3.75849e+09
7.80947e+01 4.22687e+09 3.84676e+09
7.91822e+01 4.32031e+09 3.93708e+09
8.02848e+01 4.41580e+09 4.02950e+09
8.14028e+01 4.51339e+09 4.12408e+09
8.25364e+01 4.61311e+09 4.22087e+09
8.36858e+01 4.71500e+09 4.31991e+09
8.48511e+01 4.81911e+09 4.42125e+09
8.60327e+01 4.92549e+09 4.52496e+09
8.72308e+01 5.03417e+09 4.63108e+09
8.84455e+01 5.14521e+09 4.73968e+09
8.96771e+01 5.25865e+09 4.85081e+09
9.09259e+01 5.37454e+09 4.96453e+09
9.21921e+01 5.49293e+09 5.08090e+09
9.34759e+01 5.61387e+09 5.19998e+09
9.47776e+01 5.73740e+09 5.32185e+09
9.60974e+01 5.86358e+09 5.44657e+09
9.74356e+01 5.99245e+09 5.57420e+09
9.87924e+01 6.12409e+09 5.70483e+09
1.00168e+02 6.25852e+09 5.83852e+09
1.01563e+02 6.39594e+09 5.97536e+09
1.02977e+02 6.53647e+09 6.11545e+09
1.04411e+02 6.68019e+09 6.25884e+09
1.05865e+02 6.82717e+09 6.40564e+09
1.07340e+02 6.97750e+09 6.55591e+09
1.08834e+02 7.13126e+09 6.70975e+09
1.10350e+02 7.28852e+09 6.86724e+09
1.11887e+02 7.44938e+09 7.02847e+09
1.13445e+02 7.61391e+09 7.19354e+09
1.15024e+02 7.78221e+09 7.36253e+09
1.16626e+02 7.95437e+09 7.53554e+09
1.18250e+02 8.13049e+09 7.71267e+09
1.19897e+02 8.31065e+09 7.89403e+09
1.21566e+02 8.49495e+09 8.07971e+09
1.23259e+02 8.68350e+09 8.26983e+09
1.24976e+02 8.87640e+09 8.46448e+09
1.26716e+02 9.07375e+09 8.66380e+09
1.28481e+02 9.27567e+09 8.86788e+09
1.30270e+02 9.48225e+09 9.07629e+09
1.32084e+02 9.69362e+09 9.29100e+09
1.33923e+02 9.90990e+09 9.51185e+09
1.35788e+02 1.01312e+10 9.73879e+09
1.37679e+02 1.03576e+10 9.97183e+09
1.39596e+02 1.05893e+10 1.02110e+10
1.41540e+02 1.08266e+10 1.04562e+10
1.43511e+02 1.10716e+10 1.07075e+10
1.45510e+02 1.13235e+10 1.09650e+10
1.47536e+02 1.15822e+10 1.12287e+10
1.49590e+02 1.18476e+10 1.14987e+10
1.51674e+02 1.21195e+10 1.17749e+10
1.53786e+02 1.23981e+10 1.20576e+10
1.55927e+02 1.26831e+10 1.23466e+10
1.58099e+02 1.29745e+10 1.26423e+10
1.60300e+02 1.32725e+10 1.29446e+10
1.62532e+02 1.35769e+10 1.32536e+10
1.64796e+02 1.38879e+10 1.35695e+10
1.67091e+02 1.42054e+10 1.38925e+10
1.69417e+02 1.45297e+10 1.42226e+10
1.71777e+02 1.48606e+10 1.45599e+10
1.74169e+02 1.51985e+10 1.49048e+10
1.76594e+02 1.55433e+10 1.52572e+10
1.79053e+02 1.58953e+10 1.56175e+10
1.81547e+02 1.62546e+10 1.59858e+10
1.84075e+02 1.66213e+10 1.63623e+10
1.86638e+02 1.69956e+10 1.67472e+10
1.89237e+02 1.73778e+10 1.71407e+10
1.91872e+02 1.77681e+10 1.75430e+10
1.94544e+02 1.81666e+10 1.79545e+10
1.97253e+02 1.85736e+10 1.83753e+10
2.00000e+02 1.89894e+10 1.88057e+10
2.02785e+02 1.94142e+10 1.92459e+10
2.05609e+02 1.98483e+10 1.96963e+10
2.08472e+02 2.02921e+10 2.01570e+10
2.11375e+02 2.07458e+10 2.06284e+10
2.14319e+02 2.12097e+10 2.11109e+10
2.17303e+02 2.16841e+10 2.16045e+10
2.20329e+02 2.21693e+10 2.21098e+10
2.23397e+02 2.26656e+10 2.26270e+10
2.26508e+02 2.31734e+10 2.31565e+10
2.29662e+02 2.36930e+10 2.36985e+10
2.32861e+02 2.42247e+10 2.42534e+10
2.36103e+02 2.47688e+10 2.48217e+10
2.39391e+02 2.53257e+10 2.54035e+10
2.42725e+02 2.58959e+10 2.59994e+10
2.46105e+02 2.64795e+10 2.66097e+10
2.49532e+02 2.70770e+10 2.72347e+10
2.53007e+02 2.76888e+10 2.78749e+10
2.56530e+02 2.83153e+10 2.85307e+10
2.60102e+02 2.89568e+10 2.92025e+10
2.63724e+02 2.96137e+10 2.98906e+10
2.67397e+02 3.02865e+10 3.05957e+10
2.71120e+02 3.09756e+10 3.13180e+10
2.74896e+02 3.16814e+10 3.20581e+10
2.78724e+02 3.24044e+10 3.28164e+10
2.82605e+02 3.31449e+10 3.35934e+10
2.86541e+02 3.39035e+10 3.43896e+10
2.90531e+02 3.46805e+10 3.52055e+10
2.94577e+02 3.54766e+10 3.60416e+10
2.98679e+02 3.62922e+10 3.68985e+10
3.02838e+02 3.71277e+10 3.77767e+10
3.07055e+02 3.79838e+10 3.86768e+10
3.11331e+02 3.88609e+10 3.95992e+10
3.15666e+02 3.97595e+10 4.05447e+10
3.20062e+02 4.06803e+10 4.15139e+10
3.24519e+02 4.16237e+10 4.25073e+10
3.29038e+02 4.25905e+10 4.35256e+10
3.33620e+02 4.35811e+10 4.45695e+10
3.38266e+02 4.45963e+10 4.56396e+10
3.42976e+02 4.56365e+10 4.67367e+10
3.47752e+02 4.67026e+10 4.78615e+10
3.52595e+02 4.77951e+10 4.90147e+10
3.57505e+02 4.89147e+10 5.01970e+10
3.62484e+02 5.00622e+10 5.14093e+10
3.67531e+02 5.12383e+10 5.26524e+10
3.72649e+02 5.24436e+10 5.39272e+10
3.77839e+02 5.36791e+10 5.52344e+10
3.83100e+02 5.49456e+10 5.65750e+10
3.88435e+02 5.62437e+10 5.79499e+10
3.93844e+02 5.75744e+10 5.93600e+10
3.99328e+02 5.89385e+10 6.08064e+10
4.04889e+02 6.03370e+10 6.22901e+10
4.10528e+02 6.17707e+10 6.38121e+10
4.16244e+02 6.32407e+10 6.53735e+10
4.22041e+02 6.47478e+10 6.69754e+10
4.27918e+02 6.62933e+10 6.86190e+10
4.33877e+02 6.78780e+10 7.03055e+10
4.39919e+02 6.95031e+10 7.20363e+10
4.46045e+02 7.11697e+10 7.38125e+10
4.52256e+02 7.28791e+10 7.56355e+10
4.58554e+02 7.46323e+10 7.75067e+10
4.64939e+02 7.64308e+10 7.94277e+10
4.71414e+02 7.82757e+10 8.13999e+10
4.77979e+02 8.01684e+10 8.34248e+10
4.84635e+02 8.21103e+10 8.55042e+10
4.91383e+02 8.41029e+10 8.76398e+10
4.98226e+02 8.61478e+10 8.98333e+10
5.05164e+02 8.82460e+10 9.20859e+10
5.12199e+02 9.03982e+10 9.43977e+10
5.19331e+02 9.26059e+10 9.67702e+10
5.26563e+02 9.48705e+10 9.92050e+10
5.33896e+02 9.71934e+10 1.01704e+11
5.41330e+02 9.95764e+10 1.04269e+11
5.48869e+02 1.02021e+11 1.06901e+11
5.56512e+02 1.04529e+11 1.09603e+11
5.64262e+02 1.07102e+11 1.12376e+11
5.72119e+02 1.09741e+11 1.15222e+11
5.80086e+02 1.12449e+11 1.18144e+11
5.88164e+02 1.15228e+11 1.21144e+11
5.96354e+02 1.18078e+11 1.24223e+11
6.04659e+02 1.21004e+11 1.27384e+11
6.13079e+02 1.24005e+11 1.30629e+11
6.21616e+02 1.27085e+11 1.33961e+11
6.30273e+02 1.30245e+11 1.37382e+11
6.39050e+02 1.33489e+11 1.40894e+11
6.47949e+02 1.36817e+11 1.44500e+11
6.56971e+02 1.40234e+11 1.48204e+11
6.66120e+02 1.43740e+11 1.52006e+11
6.75396e+02 1.47338e+11 1.55912e+11
6.84801e+02 1.51032e+11 1.59923e+11
6.94337e+02 1.54823e+11 1.64042e+11
7.04006e+02 1.58716e+11 1.68273e+11
7.13810e+02 1.62711e+11 1.72620e+11
7.23750e+02 1.66813e+11 1.77084e+11
7.33828e+02 1.71025e+11 1.81671e+11
7.44047e+02 1.75349e+11 1.86383e+11
7.54408e+02 1.79789e+11 1.91224e+11
7.64914e+02 1.84349e+11 1.96199e+11
7.75566e+02 1.89031e+11 2.01311e+11
7.86366e+02 1.93840e+11 2.06565e+11
7.97316e+02 1.98779e+11 2.11965e+11
8.08419e+02 2.03852e+11 2.17515e+11
8.19677e+02 2.09063e+11 2.23220e+11
8.31091e+02 2.14417e+11 2.29085e+11
8.42664e+02 2.19917e+11 2.35116e+11
8.54399e+02 2.25569e+11 2.41317e+11
8.66297e+02 2.31376e+11 2.47694e+11
8.78360e+02 2.37344e+11 2.54253e+11
8.90592e+02 2.43478e+11 2.60999e+11
9.02994e+02 2.49782e+11 2.67940e+11
9.15568e+02 2.56263e+11 2.75081e+11
9.28318e+02 2.62927e+11 2.82429e+11
9.41245e+02 2.69778e+11 2.89993e+11
9.54352e+02 2.76824e+11 2.97778e+11
9.67642e+02 2.84070e+11 3.05793e+11
9.81117e+02 2.91523e+11 3.14046e+11
9.94779e+02 2.99191e+11 3.22545e+11
1.00863e+03 3.07079e+11 3.31298e+11
1.02268e+03 3.15187e+11 3.40301e+11
1.03692e+03 3.23521e+11 3.49562e+11
1.05136e+03 3.32088e+11 3.59088e+11
1.06600e+03 3.40894e+11 3.68887e+11
1.08084e+03 3.49947e+11 3.78967e+11
1.09589e+03 3.59253e+11 3.89336e+11
1.11116e+03 3.68820e+11 4.00004e+11
1.12663e+03 3.78655e+11 4.10978e+11
1.14232e+03 3.88767e+11 4.22269e+11
1.15822e+03 3.99163e+11 4.33886e+11
1.17435e+03 4.09852e+11 4.45838e+11
1.19071e+03 4.20843e+11 4.58135e+11
1.20729e+03 4.32143e+11 4.70789e+11
1.22410e+03 4.43762e+11 4.83809e+11
1.24115e+03 4.55710e+11 4.97206e+11
1.25843e+03 4.67996e+11 5.10992e+11
1.27595e+03 4.80630e+11 5.25179e+11
1.29372e+03 4.93622e+11 5.39779e+11
1.31174e+03 5.06983e+11 5.54803e+11
1.33000e+03 5.20724e+11 5.70266e+11
1.34852e+03 5.34855e+11 5.86179e+11
1.36730e+03 5.49389e+11 6.02557e+11
1.38634e+03 5.64337e+11 6.19414e+11
1.40565e+03 5.79711e+11 6.36764e+11
1.42522e+03 5.95524e+11 6.54623e+11
1.44507e+03 6.11789e+11 6.73004e+11
1.46519e+03 6.28518e+11 6.91925e+11
1.48560e+03 6.45727e+11 7.11401e+11
1.50628e+03 6.63429e+11 7.31450e+11
1.52726e+03 6.81638e+11 7.52089e+11
1.54853e+03 7.00370e+11 7.73335e+11
1.57009e+03 7.19640e+11 7.95208e+11
1.59196e+03 7.39464e+11 8.17726e+11
1.61412e+03 7.59858e+11 8.40908e+11
1.63660e+03 7.80840e+11 8.64776e+11
1.65939e+03 8.02427e+11 8.89349e+11
1.68250e+03 8.24636e+11 9.14649e+11
1.70593e+03 8.47486e+11 9.40700e+11
1.72968e+03 8.70997e+11 9.67522e+11
1.75377e+03 8.95187e+11 9.95140e+11
1.77819e+03 9.20078e+11 1.02358e+12
1.80296e+03 9.45690e+11 1.05286e+12
1.82806e+03 9.72044e+11 1.08302e+12
1.85352e+03 9.99162e+11 1.11407e+12
1.87933e+03 1.02707e+12 1.14605e+12
1.90550e+03 1.05578e+12 1.17898e+12
1.93203e+03 1.08534e+12 1.21289e+12
1.95894e+03 1.11575e+12 1.24782e+12
1.98622e+03 1.14705e+12 1.28379e+12
2.01388e+03 1.17926e+12 1.32083e+12
2.04192e+03 1.21240e+12 1.35899e+12
2.07036e+03 1.24652e+12 1.39828e+12
2.09919e+03 1.28163e+12 1.43876e+12
2.12842e+03 1.31777e+12 1.48044e+12
2.15806e+03 1.35497e+12 1.52338e+12
2.18811e+03 1.39326e+12 1.56761e+12
2.21858e+03 1.43266e+12 1.61317e+12
2.24947e+03 1.47322e+12 1.66010e+12
2.28080e+03 1.51498e+12 1.70844e+12
2.31256e+03 1.55795e+12 1.75824e+12
2.34476e+03 1.60219e+12 1.80954e+12
2.37742e+03 1.64773e+12 1.86238e+12
2.41052e+03 1.69461e+12 1.91682e+12
2.44409e+03 1.74287e+12 1.97291e+12
2.47812e+03 1.79256e+12 2.03069e+12
2.51263e+03 1.84370e+12 2.09021e+12
2.54762e+03 1.89636e+12 2.15154e+12
2.58310e+03 1.95056e+12 2.21472e+12
2.61907e+03 2.00637e+12 2.27982e+12
2.65554e+03 2.06383e+12 2.34690e+12
2.69252e+03 2.12299e+12 2.41600e+12
2.73002e+03 2.18390e+12 2.48721e+12
2.76803e+03 2.24661e+12 2.56057e+12
2.80658e+03 2.31118e+12 2.63617e+12
2.84566e+03 2.37766e+12 2.71407e+12
2.88529e+03 2.44612e+12 2.79433e+12
2.92547e+03 2.51660e+12 2.87704e+12
2.96621e+03 2.58919e+12 2.96227e+12
3.00751e+03 2.66392e+12 3.05010e+12
3.04939e+03 2.74089e+12 3.14060e+12
3.09186e+03 2.82014e+12 3.23387e+12
3.13491e+03 2.90175e+12 3.32998e+12
3.17857e+03 2.98579e+12 3.42903e+12
3.22283e+03 3.07234e+12 3.53111e+12
3.26771e+03 3.16146e+12 3.63631e+12
3.31321e+03 3.25325e+12 3.74473e+12
3.35935e+03 3.34778e+12 3.85647e+12
3.40613e+03 3.44514e+12 3.97163e+12
3.45356e+03 3.54540e+12 4.09032e+12
3.50165e+03 3.64866e+12 4.21265e+12
3.55042e+03 3.75502e+12 4.33873e+12
3.59986e+03 3.86456e+12 4.46869e+12
3.64999e+03 3.97738e+12 4.60263e+12
3.70081e+03 4.09358e+12 4.74069e+12
3.75235e+03 4.21327e+12 4.88300e+12
3.80460e+03 4.33655e+12 5.02968e+12
3.85758e+03 4.46354e+12 5.18088e+12
3.91130e+03 4.59434e+12 5.33673e+12
3.96577e+03 4.72907e+12 5.49738e+12
4.02099e+03 4.86785e+12 5.66299e+12
4.07699e+03 5.01082e+12 5.83370e+12
4.13376e+03 5.15808e+12 6.00968e+12
4.19132e+03 5.30979e+12 6.19109e+12
4.24969e+03 5.46606e+12 6.37810e+12
4.30887e+03 5.62705e+12 6.57089e+12
4.36887e+03 5.79290e+12 6.76963e+12
4.42971e+03 5.96375e+12 6.97453e+12
4.49140e+03 6.13977e+12 7.18576e+12
4.55394e+03 6.32111e+12 7.40353e+12
4.61736e+03 6.50793e+12 7.62804e+12
4.68165e+03 6.70040e+12 7.85951e+12
4.74685e+03 6.89869e+12 8.09815e+12
4.81295e+03 7.10300e+12 8.34419e+12
4.87997e+03 7.31349e+12 8.59786e+12
4.94793e+03 7.53037e+12 8.85941e+12
5.01683e+03 7.75382e+12 9.12907e+12
5.08669e+03 7.98405e+12 9.40711e+12
5.15753e+03 8.22128e+12 9.69379e+12
5.22935e+03 8.46571e+12 9.98938e+12
5.30217e+03 8.71757e+12 1.02942e+13
5.37600e+03 8.97708e+12 1.06084e+13
5.45087e+03 9.24450e+12 1.09325e+13
5.52677e+03 9.52005e+12 1.12666e+13
5.60373e+03 9.80399e+12 1.16112e+13
5.68177e+03 1.00966e+13 1.19665e+13
5.76089e+03 1.03981e+13 1.23328e+13
5.84111e+03 1.07088e+13 1.27106e+13
5.92245e+03 1.10290e+13 1.31002e+13
6.00492e+03 1.13589e+13 1.35019e+13
6.08854e+03 1.16990e+13 1.39162e+13
6.17333e+03 1.20494e+13 1.43434e+13
6.25930e+03 1.24105e+13 1.47840e+13
6.34646e+03 1.27827e+13 1.52383e+13
6.43484e+03 1.31663e+13 1.57069e+13
6.52444e+03 1.35616e+13 1.61901e+13
6.61530e+03 1.39690e+13 1.66884e+13
6.70742e+03 1.43889e+13 1.72023e+13
6.80082e+03 1.48216e+13 1.77324e+13
6.89553e+03 1.52676e+13 1.82790e+13
6.99155e+03 1.57274e+13 1.88428e+13
7.08891e+03 1.62012e+13 1.94242e+13
7.18763e+03 1.66895e+13 2.00239e+13
7.28772e+03 1.71929e+13 2.06424e+13
7.38920e+03 1.77118e+13 2.12804e+13
7.49210e+03 1.82466e+13 2.19383e+13
7.59643e+03 1.87978e+13 2.26169e+13
7.70221e+03 1.93660e+13 2.33169e+13
7.80947e+03 1.99517e+13 2.40388e+13
7.91822e+03 2.05555e+13 2.47835e+13
8.02848e+03 2.11778e+13 2.55515e+13
8.14028e+03 2.18194e+13 2.63438e+13
8.25364e+03 2.24807e+13 2.71610e+13
8.36858e+03 2.31624e+13 2.80039e+13
8.48511e+03 2.38652e+13 2.88733e+13
8.60327e+03 2.45896e+13 2.97702e+13
8.72308e+03 2.53365e+13 3.06953e+13
8.84455e+03 2.61064e+13 3.16496e+13
8.96771e+03 2.69001e+13 3.26340e+13
9.09259e+03 2.77184e+13 3.36495e+13
9.21921e+03 2.85620e+13 3.46970e+13
9.34759e+03 2.94318e+13 3.57776e+13
9.47776e+03 3.03284e+13 3.68923e+13
9.60974e+03 3.12528e+13 3.80422e+13
9.74356e+03 3.22059e+13 3.92285e+13
9.87924e+03 3.31886e+13 4.04522e+13
1.00168e+04 3.42017e+13 4.17147e+13
1.01563e+04 3.52463e+13 4.30171e+13
1.02977e+04 3.63233e+13 4.43608e+13
1.04411e+04 3.74337e+13 4.57469e+13
1.05865e+04 3.85787e+13 4.71770e+13
1.07340e+04 3.97592e+13 4.86523e+13
1.08834e+04 4.09765e+13 5.01744e+13
1.10350e+04 4.22316e+13 5.17447e+13
1.11887e+04 4.35257e+13 5.33648e+13
1.13445e+04 4.48602e+13 5.50363e+13
1.15024e+04 4.62362e+13 5.67608e+13
1.16626e+04 4.76551e+13 5.85400e+13
1.18250e+04 4.91182e+13 6.03757e+13
1.19897e+04 5.06269e+13 6.22697e+13
1.21566e+04 5.21827e+13 6.42239e+13
1.23259e+04 5.37871e+13 6.62401e+13
1.24976e+04 5.54415e+13 6.83204e+13
1.26716e+04 5.71475e+13 7.04668e+13
1.28481e+04 5.89069e+13 7.26815e+13
1.30270e+04 6.07213e+13 7.49666e+13
1.32084e+04 6.25923e+13 7.73245e+13
1.33923e+04 6.45219e+13 7.97573e+13
1.35788e+04 6.65119e+13 8.22677e+13
1.37679e+04 6.85641e+13 8.48579e+13
1.39596e+04 7.06806e+13 8.75307e+13
1.41540e+04 7.28634e+13 9.02886e+13
1.43511e+04 7.51146e+13 9.31344e+13
1.45510e+04 7.74363e+13 9.60709e+13
1.47536e+04 7.98308e+13 9.91011e+13
1.49590e+04 8.23004e+13 1.02228e+14
1.51674e+04 8.48475e+13 1.05455e+14
1.53786e+04 8.74746e+13 1.08784e+14
1.55927e+04 9.01841e+13 1.12220e+14
1.58099e+04 9.29788e+13 1.15766e+14
1.60300e+04 9.58613e+13 1.19424e+14
1.62532e+04 9.88343e+13 1.23200e+14
1.64796e+04 1.01901e+14 1.27097e+14
1.67091e+04 1.05064e+14 1.31117e+14
1.69417e+04 1.08326e+14 1.35267e+14
1.71777e+04 1.11692e+14 1.39549e+14
1.74169e+04 1.15163e+14 1.43968e+14
1.76594e+04 1.18743e+14 1.48529e+14
1.79053e+04 1.22437e+14 1.53236e+14
1.81547e+04 1.26246e+14 1.58093e+14
1.84075e+04 1.30176e+14 1.63106e+14
1.86638e+04 1.34230e+14 1.68279e+14
1.89237e+04 1.38412e+14 1.73619e+14
1.91872e+04 1.42725e+14 1.79129e+14
1.94544e+04 1.47175e+14 1.84816e+14
1.97253e+04 1.51765e+14 1.90685e+14
2.00000e+04 1.56501e+14 1.96743e+14
