T[eV]        κe[W/(keVcm)]
5.00000e-02 1.80654e+06
5.04981e-02 1.82158e+06
5.10012e-02 1.83675e+06
5.15093e-02 1.85206e+06
5.20225e-02 1.86750e+06
5.25408e-02 1.88308e+06
5.30642e-02 1.89880e+06
5.35929e-02 1.91467e+06
5.41268e-02 1.93067e+06
5.46661e-02 1.94683e+06
5.52107e-02 1.96312e+06
5.57608e-02 1.97956e+06
5.63163e-02 1.99615e+06
5.68774e-02 2.01290e+06
5.74440e-02 2.02979e+06
5.80163e-02 2.04683e+06
5.85943e-02 2.06403e+06
5.91781e-02 2.08139e+06
5.97676e-02 2.09890e+06
6.03631e-02 2.11657e+06
6.09645e-02 2.13440e+06
6.15718e-02 2.15239e+06
6.21852e-02 2.17055e+06
6.28048e-02 2.18887e+06
6.34305e-02 2.20736e+06
6.40624e-02 2.22602e+06
6.47007e-02 2.24485e+06
6.53453e-02 2.26384e+06
6.59963e-02 2.28302e+06
6.66538e-02 2.30236e+06
6.73178e-02 2.32189e+06
6.79885e-02 2.34159e+06
6.86658e-02 2.36148e+06
6.93499e-02 2.38154e+06
7.00408e-02 2.40179e+06
7.07386e-02 2.42223e+06
7.14434e-02 2.44285e+06
7.21552e-02 2.46367e+06
7.28740e-02 2.48467e+06
7.36000e-02 2.50587e+06
7.43333e-02 2.52726e+06
7.50739e-02 2.54886e+06
7.58218e-02 2.57065e+06
7.65772e-02 2.59264e+06
7.73401e-02 2.61484e+06
7.81106e-02 2.63724e+06
7.88888e-02 2.65985e+06
7.96748e-02 2.68266e+06
8.04685e-02 2.70569e+06
8.12702e-02 2.72894e+06
8.20799e-02 2.75240e+06
8.28976e-02 2.77608e+06
8.37235e-02 2.79997e+06
8.45576e-02 2.82410e+06
8.54000e-02 2.84844e+06
8.62509e-02 2.87302e+06
8.71102e-02 2.89782e+06
8.79780e-02 2.92285e+06
8.88545e-02 2.94812e+06
8.97397e-02 2.97363e+06
9.06338e-02 2.99937e+06
9.15367e-02 3.02536e+06
9.24487e-02 3.05159e+06
9.33697e-02 3.07807e+06
9.43000e-02 3.10479e+06
9.52394e-02 3.13177e+06
9.61883e-02 3.15900e+06
9.71466e-02 3.18649e+06
9.81144e-02 3.21423e+06
9.90919e-02 3.24224e+06
1.00079e-01 3.27052e+06
1.01076e-01 3.29906e+06
1.02083e-01 3.32787e+06
1.03100e-01 3.35695e+06
1.04127e-01 3.38631e+06
1.05165e-01 3.41595e+06
1.06212e-01 3.44587e+06
1.07271e-01 3.47608e+06
1.08339e-01 3.50657e+06
1.09419e-01 3.53736e+06
1.10509e-01 3.56843e+06
1.11610e-01 3.59981e+06
1.12722e-01 3.63148e+06
1.13845e-01 3.66345e+06
1.14979e-01 3.69574e+06
1.16124e-01 3.72833e+06
1.17281e-01 3.76123e+06
1.18450e-01 3.79445e+06
1.19630e-01 3.82798e+06
1.20822e-01 3.86184e+06
1.22025e-01 3.89603e+06
1.23241e-01 3.93054e+06
1.24469e-01 3.96539e+06
1.25709e-01 4.00057e+06
1.26961e-01 4.03610e+06
1.28226e-01 4.07196e+06
1.29504e-01 4.10817e+06
1.30794e-01 4.14474e+06
1.32097e-01 4.18166e+06
1.33413e-01 4.21893e+06
1.34742e-01 4.25657e+06
1.36085e-01 4.29457e+06
1.37440e-01 4.33294e+06
1.38810e-01 4.37169e+06
1.40193e-01 4.41081e+06
1.41589e-01 4.45032e+06
1.43000e-01 4.49021e+06
1.44425e-01 4.53049e+06
1.45863e-01 4.57116e+06
1.47317e-01 4.61223e+06
1.48784e-01 4.65370e+06
1.50267e-01 4.69558e+06
1.51764e-01 4.73788e+06
1.53276e-01 4.78058e+06
1.54803e-01 4.82371e+06
1.56345e-01 4.86726e+06
1.57902e-01 4.91124e+06
1.59476e-01 4.95565e+06
1.61064e-01 5.00051e+06
1.62669e-01 5.04580e+06
1.64290e-01 5.09154e+06
1.65926e-01 5.13774e+06
1.67580e-01 5.18439e+06
1.69249e-01 5.23151e+06
1.70935e-01 5.27909e+06
1.72638e-01 5.32715e+06
1.74358e-01 5.37568e+06
1.76095e-01 5.42470e+06
1.77850e-01 5.47420e+06
1.79621e-01 5.52420e+06
1.81411e-01 5.57470e+06
1.83218e-01 5.62570e+06
1.85044e-01 5.67722e+06
1.86887e-01 5.72924e+06
1.88749e-01 5.78179e+06
1.90630e-01 5.83487e+06
1.92529e-01 5.88848e+06
1.94447e-01 5.94263e+06
1.96384e-01 5.99732e+06
1.98341e-01 6.05257e+06
2.00317e-01 6.10837e+06
2.02312e-01 6.16473e+06
2.04328e-01 6.22167e+06
2.06364e-01 6.27917e+06
2.08419e-01 6.33727e+06
2.10496e-01 6.39595e+06
2.12593e-01 6.45522e+06
2.14711e-01 6.51510e+06
2.16850e-01 6.57558e+06
2.19011e-01 6.63668e+06
2.21192e-01 6.69840e+06
2.23396e-01 6.76075e+06
2.25622e-01 6.82374e+06
2.27870e-01 6.88737e+06
2.30140e-01 6.95165e+06
2.32433e-01 7.01659e+06
2.34748e-01 7.08219e+06
2.37087e-01 7.14846e+06
2.39449e-01 7.21542e+06
2.41835e-01 7.28306e+06
2.44244e-01 7.35140e+06
2.46677e-01 7.42045e+06
2.49135e-01 7.49020e+06
2.51617e-01 7.56067e+06
2.54124e-01 7.63188e+06
2.56655e-01 7.70381e+06
2.59212e-01 7.77649e+06
2.61795e-01 7.84993e+06
2.64403e-01 7.92412e+06
2.67037e-01 7.99909e+06
2.69698e-01 8.07484e+06
2.72384e-01 8.15137e+06
2.75098e-01 8.22870e+06
2.77839e-01 8.30683e+06
2.80607e-01 8.38578e+06
2.83403e-01 8.46556e+06
2.86226e-01 8.54617e+06
2.89078e-01 8.62762e+06
2.91958e-01 8.70993e+06
2.94866e-01 8.79310e+06
2.97804e-01 8.87714e+06
3.00771e-01 8.96206e+06
3.03767e-01 9.04788e+06
3.06794e-01 9.13460e+06
3.09850e-01 9.22224e+06
3.12937e-01 9.31080e+06
3.16055e-01 9.40030e+06
3.19204e-01 9.49074e+06
3.22384e-01 9.58215e+06
3.25595e-01 9.67452e+06
3.28839e-01 9.76787e+06
3.32115e-01 9.86221e+06
3.35424e-01 9.95755e+06
3.38766e-01 1.00539e+07
3.42141e-01 1.01513e+07
3.45550e-01 1.02497e+07
3.48992e-01 1.03492e+07
3.52469e-01 1.04497e+07
3.55981e-01 1.05514e+07
3.59527e-01 1.06541e+07
3.63109e-01 1.07579e+07
3.66727e-01 1.08628e+07
3.70380e-01 1.09688e+07
3.74070e-01 1.10760e+07
3.77797e-01 1.11844e+07
3.81561e-01 1.12939e+07
3.85362e-01 1.14046e+07
3.89201e-01 1.15164e+07
3.93079e-01 1.16295e+07
3.96995e-01 1.17439e+07
4.00950e-01 1.18594e+07
4.04945e-01 1.19762e+07
4.08979e-01 1.20943e+07
4.13054e-01 1.22137e+07
4.17169e-01 1.23344e+07
4.21325e-01 1.24563e+07
4.25522e-01 1.25797e+07
4.29762e-01 1.27043e+07
4.34043e-01 1.28303e+07
4.38368e-01 1.29577e+07
4.42735e-01 1.30865e+07
4.47146e-01 1.32168e+07
4.51601e-01 1.33484e+07
4.56100e-01 1.34815e+07
4.60644e-01 1.36160e+07
4.65233e-01 1.37521e+07
4.69868e-01 1.38896e+07
4.74549e-01 1.40287e+07
4.79277e-01 1.41693e+07
4.84052e-01 1.43114e+07
4.88874e-01 1.44551e+07
4.93745e-01 1.46004e+07
4.98664e-01 1.47474e+07
5.03632e-01 1.48959e+07
5.08649e-01 1.50462e+07
5.13717e-01 1.51980e+07
5.18835e-01 1.53516e+07
5.24004e-01 1.55069e+07
5.29224e-01 1.56640e+07
5.34497e-01 1.58227e+07
5.39822e-01 1.59833e+07
5.45200e-01 1.61457e+07
5.50632e-01 1.63099e+07
5.56117e-01 1.64759e+07
5.61658e-01 1.66438e+07
5.67253e-01 1.68136e+07
5.72905e-01 1.69853e+07
5.78613e-01 1.71589e+07
5.84377e-01 1.73346e+07
5.90199e-01 1.75121e+07
5.96079e-01 1.76917e+07
6.02018e-01 1.78734e+07
6.08015e-01 1.80571e+07
6.14073e-01 1.82429e+07
6.20191e-01 1.84308e+07
6.26369e-01 1.86208e+07
6.32610e-01 1.88130e+07
6.38912e-01 1.90074e+07
6.45277e-01 1.92040e+07
6.51706e-01 1.94029e+07
6.58199e-01 1.96040e+07
6.64756e-01 1.98075e+07
6.71379e-01 2.00133e+07
6.78068e-01 2.02214e+07
6.84823e-01 2.04319e+07
6.91646e-01 2.06449e+07
6.98537e-01 2.08603e+07
7.05496e-01 2.10782e+07
7.12525e-01 2.12986e+07
7.19623e-01 2.15216e+07
7.26793e-01 2.17471e+07
7.34033e-01 2.19753e+07
7.41346e-01 2.22061e+07
7.48732e-01 2.24395e+07
7.56192e-01 2.26757e+07
7.63725e-01 2.29147e+07
7.71334e-01 2.31564e+07
7.79019e-01 2.34009e+07
7.86780e-01 2.36483e+07
7.94618e-01 2.38986e+07
8.02535e-01 2.41518e+07
8.10530e-01 2.44079e+07
8.18605e-01 2.46671e+07
8.26761e-01 2.49293e+07
8.34998e-01 2.51946e+07
8.43316e-01 2.54630e+07
8.51718e-01 2.57346e+07
8.60204e-01 2.60093e+07
8.68774e-01 2.62873e+07
8.77429e-01 2.65686e+07
8.86170e-01 2.68532e+07
8.94999e-01 2.71412e+07
9.03916e-01 2.74326e+07
9.12921e-01 2.77274e+07
9.22016e-01 2.80257e+07
9.31202e-01 2.83276e+07
9.40479e-01 2.86331e+07
9.49849e-01 2.89422e+07
9.59312e-01 2.92549e+07
9.68869e-01 2.95714e+07
9.78522e-01 2.98917e+07
9.88271e-01 3.02158e+07
9.98117e-01 3.05438e+07
1.00806e+00 3.08757e+07
1.01810e+00 3.12116e+07
1.02825e+00 3.15515e+07
1.03849e+00 3.18955e+07
1.04884e+00 3.22437e+07
1.05929e+00 3.25960e+07
1.06984e+00 3.29525e+07
1.08050e+00 3.33134e+07
1.09126e+00 3.36786e+07
1.10213e+00 3.40482e+07
1.11311e+00 3.44223e+07
1.12420e+00 3.48009e+07
1.13540e+00 3.51841e+07
1.14672e+00 3.55720e+07
1.15814e+00 3.59645e+07
1.16968e+00 3.63618e+07
1.18133e+00 3.67640e+07
1.19310e+00 3.71710e+07
1.20499e+00 3.75830e+07
1.21699e+00 3.80000e+07
1.22912e+00 3.84221e+07
1.24136e+00 3.88493e+07
1.25373e+00 3.92818e+07
1.26622e+00 3.97195e+07
1.27884e+00 4.01626e+07
1.29158e+00 4.06111e+07
1.30444e+00 4.10652e+07
1.31744e+00 4.15248e+07
1.33056e+00 4.19900e+07
1.34382e+00 4.24610e+07
1.35721e+00 4.29378e+07
1.37073e+00 4.34204e+07
1.38439e+00 4.39089e+07
1.39818e+00 4.44035e+07
1.41211e+00 4.49042e+07
1.42618e+00 4.54111e+07
1.44039e+00 4.59243e+07
1.45474e+00 4.64438e+07
1.46923e+00 4.69697e+07
1.48387e+00 4.75021e+07
1.49865e+00 4.80412e+07
1.51358e+00 4.85869e+07
1.52866e+00 4.91394e+07
1.54389e+00 4.96988e+07
1.55927e+00 5.02651e+07
1.57480e+00 5.08385e+07
1.59049e+00 5.14190e+07
1.60634e+00 5.20068e+07
1.62234e+00 5.26019e+07
1.63851e+00 5.32044e+07
1.65483e+00 5.38144e+07
1.67132e+00 5.44320e+07
1.68797e+00 5.50574e+07
1.70478e+00 5.56906e+07
1.72177e+00 5.63317e+07
1.73892e+00 5.69809e+07
1.75625e+00 5.76382e+07
1.77374e+00 5.83037e+07
1.79141e+00 5.89776e+07
1.80926e+00 5.96600e+07
1.82729e+00 6.03509e+07
1.84549e+00 6.10505e+07
1.86388e+00 6.17590e+07
1.88245e+00 6.24763e+07
1.90120e+00 6.32027e+07
1.92014e+00 6.39382e+07
1.93927e+00 6.46830e+07
1.95859e+00 6.54372e+07
1.97811e+00 6.62009e+07
1.99781e+00 6.69743e+07
2.01772e+00 6.77574e+07
2.03782e+00 6.85505e+07
2.05812e+00 6.93535e+07
2.07862e+00 7.01668e+07
2.09933e+00 7.09903e+07
2.12025e+00 7.18243e+07
2.14137e+00 7.26688e+07
2.16271e+00 7.35240e+07
2.18425e+00 7.43901e+07
2.20601e+00 7.52672e+07
2.22799e+00 7.61554e+07
2.25019e+00 7.70549e+07
2.27261e+00 7.79658e+07
2.29525e+00 7.88882e+07
2.31811e+00 7.98225e+07
2.34121e+00 8.07685e+07
2.36453e+00 8.17267e+07
2.38809e+00 8.26970e+07
2.41188e+00 8.36797e+07
2.43591e+00 8.46749e+07
2.46018e+00 8.56827e+07
2.48469e+00 8.67035e+07
2.50944e+00 8.77372e+07
2.53444e+00 8.87841e+07
2.55969e+00 8.98443e+07
2.58520e+00 9.09181e+07
2.61095e+00 9.20056e+07
2.63696e+00 9.31070e+07
2.66323e+00 9.42224e+07
2.68977e+00 9.53521e+07
2.71657e+00 9.64962e+07
2.74363e+00 9.76550e+07
2.77096e+00 9.88285e+07
2.79857e+00 1.00017e+08
2.82645e+00 1.01221e+08
2.85461e+00 1.02440e+08
2.88305e+00 1.03675e+08
2.91177e+00 1.04925e+08
2.94078e+00 1.06192e+08
2.97008e+00 1.07474e+08
2.99967e+00 1.08774e+08
3.02955e+00 1.10089e+08
3.05974e+00 1.11422e+08
3.09022e+00 1.12772e+08
3.12101e+00 1.14139e+08
3.15210e+00 1.15523e+08
3.18350e+00 1.16925e+08
3.21522e+00 1.18346e+08
3.24725e+00 1.19784e+08
3.27960e+00 1.21241e+08
3.31228e+00 1.22716e+08
3.34528e+00 1.24211e+08
3.37861e+00 1.25724e+08
3.41227e+00 1.27257e+08
3.44626e+00 1.28810e+08
3.48060e+00 1.30382e+08
3.51527e+00 1.31975e+08
3.55029e+00 1.33588e+08
3.58566e+00 1.35222e+08
3.62139e+00 1.36876e+08
3.65747e+00 1.38552e+08
3.69390e+00 1.40250e+08
3.73070e+00 1.41969e+08
3.76787e+00 1.43710e+08
3.80541e+00 1.45474e+08
3.84332e+00 1.47260e+08
3.88161e+00 1.49069e+08
3.92028e+00 1.50902e+08
3.95934e+00 1.52757e+08
3.99879e+00 1.54637e+08
4.03863e+00 1.56541e+08
4.07886e+00 1.58469e+08
4.11950e+00 1.60422e+08
4.16054e+00 1.62400e+08
4.20199e+00 1.64403e+08
4.24385e+00 1.66433e+08
4.28613e+00 1.68488e+08
4.32883e+00 1.70569e+08
4.37196e+00 1.72677e+08
4.41552e+00 1.74813e+08
4.45951e+00 1.76976e+08
4.50394e+00 1.79166e+08
4.54881e+00 1.81385e+08
4.59413e+00 1.83632e+08
4.63990e+00 1.85908e+08
4.68612e+00 1.88213e+08
4.73281e+00 1.90548e+08
4.77996e+00 1.92913e+08
4.82758e+00 1.95308e+08
4.87568e+00 1.97734e+08
4.92425e+00 2.00191e+08
4.97331e+00 2.02680e+08
5.02286e+00 2.05200e+08
5.07290e+00 2.07754e+08
5.12344e+00 2.10340e+08
5.17448e+00 2.12959e+08
5.22603e+00 2.15612e+08
5.27810e+00 2.18299e+08
5.33068e+00 2.21020e+08
5.38379e+00 2.23777e+08
5.43743e+00 2.26569e+08
5.49160e+00 2.29397e+08
5.54631e+00 2.32262e+08
5.60157e+00 2.35163e+08
5.65737e+00 2.38102e+08
5.71374e+00 2.41079e+08
5.77066e+00 2.44094e+08
5.82815e+00 2.47148e+08
5.88622e+00 2.50242e+08
5.94486e+00 2.53375e+08
6.00409e+00 2.56549e+08
6.06390e+00 2.59764e+08
6.12432e+00 2.63020e+08
6.18533e+00 2.66319e+08
6.24695e+00 2.69660e+08
6.30919e+00 2.73045e+08
6.37205e+00 2.76473e+08
6.43553e+00 2.79946e+08
6.49965e+00 2.83464e+08
6.56440e+00 2.87027e+08
6.62980e+00 2.90637e+08
6.69585e+00 2.94294e+08
6.76256e+00 2.97998e+08
6.82993e+00 3.01750e+08
6.89798e+00 3.05552e+08
6.96670e+00 3.09403e+08
7.03611e+00 3.13304e+08
7.10620e+00 3.17256e+08
7.17700e+00 3.21259e+08
7.24850e+00 3.25315e+08
7.32072e+00 3.29424e+08
7.39365e+00 3.33587e+08
7.46731e+00 3.37805e+08
7.54171e+00 3.42078e+08
7.61684e+00 3.46407e+08
7.69273e+00 3.50793e+08
7.76937e+00 3.55237e+08
7.84677e+00 3.59739e+08
7.92495e+00 3.64301e+08
8.00390e+00 3.68923e+08
8.08364e+00 3.73606e+08
8.16418e+00 3.78352e+08
8.24551e+00 3.83160e+08
8.32766e+00 3.88032e+08
8.41063e+00 3.92969e+08
8.49442e+00 3.97972e+08
8.57905e+00 4.03042e+08
8.66452e+00 4.08180e+08
8.75084e+00 4.13386e+08
8.83802e+00 4.18662e+08
8.92607e+00 4.24009e+08
9.01500e+00 4.29428e+08
9.10481e+00 4.34921e+08
9.19552e+00 4.40487e+08
9.28713e+00 4.46129e+08
9.37966e+00 4.51847e+08
9.47311e+00 4.57643e+08
9.56748e+00 4.63517e+08
9.66280e+00 4.69472e+08
9.75907e+00 4.75509e+08
9.85630e+00 4.81628e+08
9.95449e+00 4.87831e+08
1.00537e+01 4.94119e+08
1.01538e+01 5.00494e+08
1.02550e+01 5.06957e+08
1.03572e+01 5.13509e+08
1.04603e+01 5.20153e+08
1.05646e+01 5.26888e+08
1.06698e+01 5.33718e+08
1.07761e+01 5.40643e+08
1.08835e+01 5.47665e+08
1.09919e+01 5.54786e+08
1.11014e+01 5.62007e+08
1.12120e+01 5.69330e+08
1.13237e+01 5.76757e+08
1.14365e+01 5.84288e+08
1.15505e+01 5.91927e+08
1.16655e+01 5.99675e+08
1.17817e+01 6.07533e+08
1.18991e+01 6.15505e+08
1.20177e+01 6.23590e+08
1.21374e+01 6.31792e+08
1.22583e+01 6.40113e+08
1.23805e+01 6.48554e+08
1.25038e+01 6.57118e+08
1.26284e+01 6.65806e+08
1.27542e+01 6.74621e+08
1.28812e+01 6.83565e+08
1.30096e+01 6.92640e+08
1.31392e+01 7.01849e+08
1.32701e+01 7.11194e+08
1.34023e+01 7.20677e+08
1.35358e+01 7.30301e+08
1.36707e+01 7.40068e+08
1.38069e+01 7.49981e+08
1.39444e+01 7.60042e+08
1.40833e+01 7.70254e+08
1.42237e+01 7.80619e+08
1.43654e+01 7.91141e+08
1.45085e+01 8.01822e+08
1.46530e+01 8.12665e+08
1.47990e+01 8.23672e+08
1.49464e+01 8.34848e+08
1.50953e+01 8.46194e+08
1.52457e+01 8.57714e+08
1.53976e+01 8.69411e+08
1.55510e+01 8.81288e+08
1.57060e+01 8.93349e+08
1.58624e+01 9.05596e+08
1.60205e+01 9.18034e+08
1.61801e+01 9.30664e+08
1.63413e+01 9.43493e+08
1.65041e+01 9.56521e+08
1.66685e+01 9.69754e+08
1.68346e+01 9.83195e+08
1.70023e+01 9.96848e+08
1.71717e+01 1.01072e+09
1.73427e+01 1.02480e+09
1.75155e+01 1.03912e+09
1.76900e+01 1.05365e+09
1.78663e+01 1.06843e+09
1.80443e+01 1.08343e+09
1.82240e+01 1.09868e+09
1.84056e+01 1.11417e+09
1.85890e+01 1.12991e+09
1.87742e+01 1.14591e+09
1.89612e+01 1.16216e+09
1.91501e+01 1.17868e+09
1.93409e+01 1.19547e+09
1.95336e+01 1.21252e+09
1.97282e+01 1.22986e+09
1.99247e+01 1.24748e+09
2.01232e+01 1.26539e+09
2.03237e+01 1.28359e+09
2.05262e+01 1.30209e+09
2.07307e+01 1.32090e+09
2.09372e+01 1.34001e+09
2.11458e+01 1.35944e+09
2.13565e+01 1.37910e+09
2.15693e+01 1.39901e+09
2.17841e+01 1.41919e+09
2.20012e+01 1.43967e+09
2.22204e+01 1.46047e+09
2.24417e+01 1.48161e+09
2.26653e+01 1.50310e+09
2.28911e+01 1.52497e+09
2.31192e+01 1.54724e+09
2.33495e+01 1.56990e+09
2.35821e+01 1.59300e+09
2.38171e+01 1.61652e+09
2.40544e+01 1.64050e+09
2.42940e+01 1.66494e+09
2.45360e+01 1.68986e+09
2.47805e+01 1.71526e+09
2.50274e+01 1.74116e+09
2.52767e+01 1.76757e+09
2.55285e+01 1.79451e+09
2.57829e+01 1.82197e+09
2.60397e+01 1.84998e+09
2.62992e+01 1.87854e+09
2.65612e+01 1.90767e+09
2.68258e+01 1.93737e+09
2.70931e+01 1.96765e+09
2.73630e+01 1.99854e+09
2.76356e+01 2.03002e+09
2.79109e+01 2.06213e+09
2.81890e+01 2.09487e+09
2.84698e+01 2.12824e+09
2.87534e+01 2.16226e+09
2.90399e+01 2.19695e+09
2.93292e+01 2.23230e+09
2.96214e+01 2.26834e+09
2.99165e+01 2.30508e+09
3.02146e+01 2.34253e+09
3.05156e+01 2.38069e+09
3.08196e+01 2.41959e+09
3.11267e+01 2.45923e+09
3.14368e+01 2.49964e+09
3.17500e+01 2.54081e+09
3.20663e+01 2.58277e+09
3.23858e+01 2.62553e+09
3.27084e+01 2.66910e+09
3.30343e+01 2.71350e+09
3.33634e+01 2.75874e+09
3.36958e+01 2.80485e+09
3.40315e+01 2.85182e+09
3.43705e+01 2.89969e+09
3.47129e+01 2.94846e+09
3.50588e+01 2.99816e+09
3.54080e+01 3.04880e+09
3.57608e+01 3.10039e+09
3.61171e+01 3.15297e+09
3.64769e+01 3.20654e+09
3.68403e+01 3.26112e+09
3.72073e+01 3.31673e+09
3.75780e+01 3.37340e+09
3.79524e+01 3.43114e+09
3.83305e+01 3.48998e+09
3.87124e+01 3.54993e+09
3.90981e+01 3.61102e+09
3.94876e+01 3.67327e+09
3.98810e+01 3.73670e+09
4.02783e+01 3.80134e+09
4.06796e+01 3.86721e+09
4.10849e+01 3.93433e+09
4.14942e+01 4.00273e+09
4.19076e+01 4.07243e+09
4.23251e+01 4.14347e+09
4.27468e+01 4.21586e+09
4.31726e+01 4.28963e+09
4.36028e+01 4.36482e+09
4.40372e+01 4.44146e+09
4.44759e+01 4.51956e+09
4.49190e+01 4.59916e+09
4.53665e+01 4.68029e+09
4.58185e+01 4.76298e+09
4.62750e+01 4.84727e+09
4.67360e+01 4.93319e+09
4.72016e+01 5.02076e+09
4.76719e+01 5.11003e+09
4.81468e+01 5.20103e+09
4.86265e+01 5.29379e+09
4.91109e+01 5.38835e+09
4.96002e+01 5.48475e+09
5.00943e+01 5.58302e+09
5.05934e+01 5.68321e+09
5.10975e+01 5.78536e+09
5.16065e+01 5.88950e+09
5.21207e+01 5.99567e+09
5.26399e+01 6.10393e+09
5.31644e+01 6.21430e+09
5.36940e+01 6.32685e+09
5.42290e+01 6.44160e+09
5.47692e+01 6.55861e+09
5.53149e+01 6.67793e+09
5.58660e+01 6.79960e+09
5.64226e+01 6.92367e+09
5.69847e+01 7.05019e+09
5.75524e+01 7.17922e+09
5.81258e+01 7.31080e+09
5.87049e+01 7.44500e+09
5.92897e+01 7.58186e+09
5.98804e+01 7.72143e+09
6.04770e+01 7.86379e+09
6.10795e+01 8.00899e+09
6.16880e+01 8.15708e+09
6.23026e+01 8.30812e+09
6.29233e+01 8.46219e+09
6.35502e+01 8.61934e+09
6.41833e+01 8.77964e+09
6.48227e+01 8.94316e+09
6.54686e+01 9.10996e+09
6.61208e+01 9.28011e+09
6.67795e+01 9.45368e+09
6.74448e+01 9.63075e+09
6.81168e+01 9.81139e+09
6.87954e+01 9.99568e+09
6.94808e+01 1.01837e+10
7.01730e+01 1.03755e+10
7.08721e+01 1.05712e+10
7.15782e+01 1.07709e+10
7.22913e+01 1.09746e+10
7.30115e+01 1.11824e+10
7.37389e+01 1.13945e+10
7.44736e+01 1.16109e+10
7.52155e+01 1.18317e+10
7.59649e+01 1.20570e+10
7.67217e+01 1.22868e+10
7.74860e+01 1.25214e+10
7.82580e+01 1.27608e+10
7.90377e+01 1.30051e+10
7.98251e+01 1.32543e+10
8.06204e+01 1.35087e+10
8.14236e+01 1.37683e+10
8.22348e+01 1.40332e+10
8.30541e+01 1.43036e+10
8.38815e+01 1.45795e+10
8.47172e+01 1.48611e+10
8.55612e+01 1.51485e+10
8.64136e+01 1.54418e+10
8.72745e+01 1.57412e+10
8.81440e+01 1.60467e+10
8.90222e+01 1.63586e+10
8.99091e+01 1.66769e+10
9.08048e+01 1.70018e+10
9.17095e+01 1.73335e+10
9.26231e+01 1.76720e+10
9.35459e+01 1.80175e+10
9.44779e+01 1.83702e+10
9.54191e+01 1.87302e+10
9.63698e+01 1.90977e+10
9.73299e+01 1.94728e+10
9.82996e+01 1.98558e+10
9.92789e+01 2.02467e+10
1.00268e+02 2.06458e+10
1.01267e+02 2.10532e+10
1.02276e+02 2.14691e+10
1.03295e+02 2.18937e+10
1.04324e+02 2.23272e+10
1.05363e+02 2.27698e+10
1.06413e+02 2.32216e+10
1.07473e+02 2.36828e+10
1.08544e+02 2.41538e+10
1.09625e+02 2.46346e+10
1.10717e+02 2.51255e+10
1.11820e+02 2.56267e+10
1.12934e+02 2.61385e+10
1.14060e+02 2.66610e+10
1.15196e+02 2.71945e+10
1.16344e+02 2.77392e+10
1.17503e+02 2.82955e+10
1.18673e+02 2.88634e+10
1.19856e+02 2.94433e+10
1.21050e+02 3.00355e+10
1.22256e+02 3.06401e+10
1.23474e+02 3.12576e+10
1.24704e+02 3.18881e+10
1.25946e+02 3.25319e+10
1.27201e+02 3.31894e+10
1.28468e+02 3.38607e+10
1.29748e+02 3.45463e+10
1.31041e+02 3.52465e+10
1.32346e+02 3.59615e+10
1.33665e+02 3.66917e+10
1.34996e+02 3.74374e+10
1.36341e+02 3.81989e+10
1.37700e+02 3.89766e+10
1.39072e+02 3.97709e+10
1.40457e+02 4.05820e+10
1.41856e+02 4.14105e+10
1.43270e+02 4.22566e+10
1.44697e+02 4.31207e+10
1.46139e+02 4.40033e+10
1.47595e+02 4.49047e+10
1.49065e+02 4.58253e+10
1.50550e+02 4.67656e+10
1.52050e+02 4.77260e+10
1.53565e+02 4.87070e+10
1.55095e+02 4.97089e+10
1.56640e+02 5.07323e+10
1.58200e+02 5.17776e+10
1.59777e+02 5.28453e+10
1.61368e+02 5.39358e+10
1.62976e+02 5.50498e+10
1.64600e+02 5.61877e+10
1.66240e+02 5.73500e+10
1.67896e+02 5.85372e+10
1.69568e+02 5.97500e+10
1.71258e+02 6.09889e+10
1.72964e+02 6.22544e+10
1.74687e+02 6.35471e+10
1.76428e+02 6.48677e+10
1.78185e+02 6.62167e+10
1.79960e+02 6.75947e+10
1.81753e+02 6.90025e+10
1.83564e+02 7.04407e+10
1.85393e+02 7.19099e+10
1.87240e+02 7.34108e+10
1.89105e+02 7.49441e+10
1.90989e+02 7.65106e+10
1.92892e+02 7.81109e+10
1.94814e+02 7.97459e+10
1.96755e+02 8.14162e+10
1.98715e+02 8.31227e+10
2.00695e+02 8.48661e+10
2.02694e+02 8.66473e+10
2.04713e+02 8.84672e+10
2.06753e+02 9.03265e+10
2.08813e+02 9.22261e+10
2.10893e+02 9.41670e+10
2.12994e+02 9.61500e+10
2.15116e+02 9.81761e+10
2.17259e+02 1.00246e+11
2.19424e+02 1.02361e+11
2.21610e+02 1.04523e+11
2.23818e+02 1.06731e+11
2.26047e+02 1.08987e+11
2.28300e+02 1.11293e+11
2.30574e+02 1.13648e+11
2.32871e+02 1.16055e+11
2.35191e+02 1.18515e+11
2.37534e+02 1.21028e+11
2.39901e+02 1.23596e+11
2.42291e+02 1.26220e+11
2.44705e+02 1.28902e+11
2.47143e+02 1.31642e+11
2.49605e+02 1.34442e+11
2.52092e+02 1.37303e+11
2.54603e+02 1.40227e+11
2.57140e+02 1.43215e+11
2.59701e+02 1.46269e+11
2.62289e+02 1.49389e+11
2.64902e+02 1.52578e+11
2.67541e+02 1.55836e+11
2.70206e+02 1.59166e+11
2.72898e+02 1.62570e+11
2.75617e+02 1.66047e+11
2.78363e+02 1.69602e+11
2.81136e+02 1.73234e+11
2.83937e+02 1.76947e+11
2.86766e+02 1.80741e+11
2.89623e+02 1.84618e+11
2.92508e+02 1.88581e+11
2.95423e+02 1.92631e+11
2.98366e+02 1.96770e+11
3.01338e+02 2.01001e+11
3.04341e+02 2.05324e+11
3.07373e+02 2.09744e+11
3.10435e+02 2.14260e+11
3.13528e+02 2.18876e+11
3.16651e+02 2.23595e+11
3.19806e+02 2.28417e+11
3.22992e+02 2.33346e+11
3.26210e+02 2.38384e+11
3.29460e+02 2.43534e+11
3.32742e+02 2.48797e+11
3.36057e+02 2.54177e+11
3.39405e+02 2.59676e+11
3.42787e+02 2.65297e+11
3.46202e+02 2.71043e+11
3.49651e+02 2.76915e+11
3.53134e+02 2.82918e+11
3.56652e+02 2.89054e+11
3.60206e+02 2.95327e+11
3.63794e+02 3.01738e+11
3.67419e+02 3.08292e+11
3.71079e+02 3.14992e+11
3.74776e+02 3.21840e+11
3.78510e+02 3.28841e+11
3.82281e+02 3.35997e+11
3.86089e+02 3.43313e+11
3.89936e+02 3.50791e+11
3.93821e+02 3.58436e+11
3.97744e+02 3.66252e+11
4.01707e+02 3.74241e+11
4.05709e+02 3.82408e+11
4.09751e+02 3.90758e+11
4.13833e+02 3.99294e+11
4.17956e+02 4.08020e+11
4.22120e+02 4.16941e+11
4.26325e+02 4.26061e+11
4.30573e+02 4.35385e+11
4.34862e+02 4.44917e+11
4.39195e+02 4.54662e+11
4.43570e+02 4.64625e+11
4.47990e+02 4.74811e+11
4.52453e+02 4.85225e+11
4.56960e+02 4.95872e+11
4.61513e+02 5.06757e+11
4.66111e+02 5.17886e+11
4.70755e+02 5.29264e+11
4.75445e+02 5.40897e+11
4.80181e+02 5.52791e+11
4.84965e+02 5.64952e+11
4.89797e+02 5.77385e+11
4.94676e+02 5.90097e+11
4.99605e+02 6.03095e+11
5.04582e+02 6.16384e+11
5.09609e+02 6.29972e+11
5.14686e+02 6.43865e+11
5.19814e+02 6.58071e+11
5.24993e+02 6.72595e+11
5.30223e+02 6.87446e+11
5.35505e+02 7.02631e+11
5.40841e+02 7.18158e+11
5.46229e+02 7.34034e+11
5.51671e+02 7.50268e+11
5.57167e+02 7.66867e+11
5.62718e+02 7.83840e+11
5.68324e+02 8.01196e+11
5.73986e+02 8.18942e+11
5.79704e+02 8.37089e+11
5.85480e+02 8.55645e+11
5.91313e+02 8.74619e+11
5.97204e+02 8.94022e+11
6.03154e+02 9.13862e+11
6.09163e+02 9.34150e+11
6.15232e+02 9.54897e+11
6.21361e+02 9.76111e+11
6.27551e+02 9.97806e+11
6.33803e+02 1.01999e+12
6.40118e+02 1.04268e+12
6.46495e+02 1.06588e+12
6.52936e+02 1.08960e+12
6.59441e+02 1.11386e+12
6.66011e+02 1.13867e+12
6.72646e+02 1.16404e+12
6.79347e+02 1.18998e+12
6.86116e+02 1.21652e+12
6.92951e+02 1.24365e+12
6.99855e+02 1.27140e+12
7.06827e+02 1.29978e+12
7.13869e+02 1.32880e+12
7.20981e+02 1.35847e+12
7.28164e+02 1.38883e+12
7.35419e+02 1.41987e+12
7.42745e+02 1.45161e+12
7.50145e+02 1.48407e+12
7.57619e+02 1.51728e+12
7.65166e+02 1.55123e+12
7.72790e+02 1.58596e+12
7.80489e+02 1.62147e+12
7.88264e+02 1.65779e+12
7.96118e+02 1.69494e+12
8.04049e+02 1.73293e+12
8.12060e+02 1.77179e+12
8.20150e+02 1.81153e+12
8.28321e+02 1.85217e+12
8.36573e+02 1.89374e+12
8.44908e+02 1.93625e+12
8.53325e+02 1.97974e+12
8.61827e+02 2.02421e+12
8.70413e+02 2.06969e+12
8.79085e+02 2.11621e+12
8.87843e+02 2.16379e+12
8.96688e+02 2.21245e+12
9.05621e+02 2.26222e+12
9.14644e+02 2.31313e+12
9.23756e+02 2.36520e+12
9.32959e+02 2.41845e+12
9.42254e+02 2.47292e+12
9.51641e+02 2.52863e+12
9.61122e+02 2.58562e+12
9.70698e+02 2.64390e+12
9.80368e+02 2.70351e+12
9.90136e+02 2.76448e+12
1.00000e+03 2.82685e+12
