T[eV] κe[W/(keVcm)](SMT) κe[W/(keVcm)](modSMT)
2.00000e-02 1.22397e+06 5.66059e+05
2.02785e-02 1.23703e+06 5.72227e+05
2.05609e-02 1.25024e+06 5.78466e+05
2.08472e-02 1.26360e+06 5.84778e+05
2.11375e-02 1.27712e+06 5.91162e+05
2.14319e-02 1.29078e+06 5.97621e+05
2.17303e-02 1.30460e+06 6.04155e+05
2.20329e-02 1.31858e+06 6.10764e+05
2.23397e-02 1.33271e+06 6.17451e+05
2.26508e-02 1.34701e+06 6.24215e+05
2.29662e-02 1.36146e+06 6.31058e+05
2.32861e-02 1.37609e+06 6.37981e+05
2.36103e-02 1.39087e+06 6.44984e+05
2.39391e-02 1.40583e+06 6.52069e+05
2.42725e-02 1.42096e+06 6.59237e+05
2.46105e-02 1.43626e+06 6.66489e+05
2.49532e-02 1.45173e+06 6.73825e+05
2.53007e-02 1.46738e+06 6.81248e+05
2.56530e-02 1.48321e+06 6.88757e+05
2.60102e-02 1.49922e+06 6.96355e+05
2.63724e-02 1.51541e+06 7.04041e+05
2.67397e-02 1.53179e+06 7.11818e+05
2.71120e-02 1.54835e+06 7.19687e+05
2.74896e-02 1.56511e+06 7.27648e+05
2.78724e-02 1.58206e+06 7.35703e+05
2.82605e-02 1.59920e+06 7.43853e+05
2.86541e-02 1.61654e+06 7.52099e+05
2.90531e-02 1.63408e+06 7.60442e+05
2.94577e-02 1.65182e+06 7.68884e+05
2.98679e-02 1.66976e+06 7.77426e+05
3.02838e-02 1.68791e+06 7.86068e+05
3.07055e-02 1.70627e+06 7.94814e+05
3.11331e-02 1.72485e+06 8.03663e+05
3.15666e-02 1.74363e+06 8.12617e+05
3.20062e-02 1.76264e+06 8.21677e+05
3.24519e-02 1.78186e+06 8.30845e+05
3.29038e-02 1.80131e+06 8.40123e+05
3.33620e-02 1.82098e+06 8.49510e+05
3.38266e-02 1.84088e+06 8.59010e+05
3.42976e-02 1.86101e+06 8.68623e+05
3.47752e-02 1.88138e+06 8.78351e+05
3.52595e-02 1.90198e+06 8.88195e+05
3.57505e-02 1.92282e+06 8.98157e+05
3.62484e-02 1.94391e+06 9.08238e+05
3.67531e-02 1.96524e+06 9.18440e+05
3.72649e-02 1.98682e+06 9.28764e+05
3.77839e-02 2.00865e+06 9.39212e+05
3.83100e-02 2.03073e+06 9.49786e+05
3.88435e-02 2.05308e+06 9.60487e+05
3.93844e-02 2.07568e+06 9.71317e+05
3.99328e-02 2.09855e+06 9.82277e+05
4.04889e-02 2.12169e+06 9.93370e+05
4.10528e-02 2.14510e+06 1.00460e+06
4.16244e-02 2.16879e+06 1.01596e+06
4.22041e-02 2.19275e+06 1.02746e+06
4.27918e-02 2.21700e+06 1.03910e+06
4.33877e-02 2.24153e+06 1.05088e+06
4.39919e-02 2.26635e+06 1.06280e+06
4.46045e-02 2.29146e+06 1.07487e+06
4.52256e-02 2.31687e+06 1.08708e+06
4.58554e-02 2.34257e+06 1.09944e+06
4.64939e-02 2.36859e+06 1.11196e+06
4.71414e-02 2.39491e+06 1.12462e+06
4.77979e-02 2.42154e+06 1.13744e+06
4.84635e-02 2.44848e+06 1.15042e+06
4.91383e-02 2.47575e+06 1.16355e+06
4.98226e-02 2.50334e+06 1.17685e+06
5.05164e-02 2.53126e+06 1.19031e+06
5.12199e-02 2.55951e+06 1.20393e+06
5.19331e-02 2.58810e+06 1.21772e+06
5.26563e-02 2.61702e+06 1.23168e+06
5.33896e-02 2.64629e+06 1.24581e+06
5.41330e-02 2.67592e+06 1.26012e+06
5.48869e-02 2.70589e+06 1.27460e+06
5.56512e-02 2.73622e+06 1.28926e+06
5.64262e-02 2.76692e+06 1.30410e+06
5.72119e-02 2.79798e+06 1.31913e+06
5.80086e-02 2.82942e+06 1.33434e+06
5.88164e-02 2.86123e+06 1.34973e+06
5.96354e-02 2.89343e+06 1.36532e+06
6.04659e-02 2.92601e+06 1.38111e+06
6.13079e-02 2.95898e+06 1.39708e+06
6.21616e-02 2.99235e+06 1.41326e+06
6.30273e-02 3.02612e+06 1.42964e+06
6.39050e-02 3.06030e+06 1.44622e+06
6.47949e-02 3.09490e+06 1.46301e+06
6.56971e-02 3.12991e+06 1.48001e+06
6.66120e-02 3.16534e+06 1.49722e+06
6.75396e-02 3.20121e+06 1.51464e+06
6.84801e-02 3.23750e+06 1.53229e+06
6.94337e-02 3.27424e+06 1.55015e+06
7.04006e-02 3.31142e+06 1.56824e+06
7.13810e-02 3.34906e+06 1.58656e+06
7.23750e-02 3.38715e+06 1.60510e+06
7.33828e-02 3.42571e+06 1.62388e+06
7.44047e-02 3.46474e+06 1.64290e+06
7.54408e-02 3.50424e+06 1.66215e+06
7.64914e-02 3.54423e+06 1.68165e+06
7.75566e-02 3.58470e+06 1.70140e+06
7.86366e-02 3.62567e+06 1.72139e+06
7.97316e-02 3.66714e+06 1.74164e+06
8.08419e-02 3.70912e+06 1.76214e+06
8.19677e-02 3.75161e+06 1.78291e+06
8.31091e-02 3.79462e+06 1.80394e+06
8.42664e-02 3.83817e+06 1.82523e+06
8.54399e-02 3.88225e+06 1.84680e+06
8.66297e-02 3.92687e+06 1.86864e+06
8.78360e-02 3.97204e+06 1.89076e+06
8.90592e-02 4.01777e+06 1.91316e+06
9.02994e-02 4.06406e+06 1.93585e+06
9.15568e-02 4.11093e+06 1.95883e+06
9.28318e-02 4.15838e+06 1.98210e+06
9.41245e-02 4.20641e+06 2.00568e+06
9.54352e-02 4.25504e+06 2.02955e+06
9.67642e-02 4.30427e+06 2.05373e+06
9.81117e-02 4.35412e+06 2.07823e+06
9.94779e-02 4.40458e+06 2.10304e+06
1.00863e-01 4.45568e+06 2.12816e+06
1.02268e-01 4.50741e+06 2.15362e+06
1.03692e-01 4.55978e+06 2.17940e+06
1.05136e-01 4.61281e+06 2.20552e+06
1.06600e-01 4.66651e+06 2.23197e+06
1.08084e-01 4.72087e+06 2.25877e+06
1.09589e-01 4.77592e+06 2.28592e+06
1.11116e-01 4.83166e+06 2.31342e+06
1.12663e-01 4.88810e+06 2.34128e+06
1.14232e-01 4.94525e+06 2.36951e+06
1.15822e-01 5.00312e+06 2.39810e+06
1.17435e-01 5.06172e+06 2.42706e+06
1.19071e-01 5.12106e+06 2.45641e+06
1.20729e-01 5.18114e+06 2.48614e+06
1.22410e-01 5.24199e+06 2.51626e+06
1.24115e-01 5.30361e+06 2.54678e+06
1.25843e-01 5.36601e+06 2.57769e+06
1.27595e-01 5.42920e+06 2.60902e+06
1.29372e-01 5.49319e+06 2.64076e+06
1.31174e-01 5.55799e+06 2.67291e+06
1.33000e-01 5.62362e+06 2.70550e+06
1.34852e-01 5.69009e+06 2.73851e+06
1.36730e-01 5.75740e+06 2.77196e+06
1.38634e-01 5.82557e+06 2.80585e+06
1.40565e-01 5.89462e+06 2.84020e+06
1.42522e-01 5.96454e+06 2.87500e+06
1.44507e-01 6.03536e+06 2.91026e+06
1.46519e-01 6.10709e+06 2.94600e+06
1.48560e-01 6.17974e+06 2.98221e+06
1.50628e-01 6.25332e+06 3.01890e+06
1.52726e-01 6.32785e+06 3.05609e+06
1.54853e-01 6.40334e+06 3.09377e+06
1.57009e-01 6.47980e+06 3.13196e+06
1.59196e-01 6.55724e+06 3.17066e+06
1.61412e-01 6.63569e+06 3.20989e+06
1.63660e-01 6.71515e+06 3.24963e+06
1.65939e-01 6.79564e+06 3.28992e+06
1.68250e-01 6.87716e+06 3.33075e+06
1.70593e-01 6.95975e+06 3.37212e+06
1.72968e-01 7.04341e+06 3.41406e+06
1.75377e-01 7.12815e+06 3.45657e+06
1.77819e-01 7.21400e+06 3.49965e+06
1.80296e-01 7.30096e+06 3.54331e+06
1.82806e-01 7.38905e+06 3.58757e+06
1.85352e-01 7.47829e+06 3.63243e+06
1.87933e-01 7.56870e+06 3.67790e+06
1.90550e-01 7.66028e+06 3.72398e+06
1.93203e-01 7.75307e+06 3.77070e+06
1.95894e-01 7.84707e+06 3.81805e+06
1.98622e-01 7.94229e+06 3.86605e+06
2.01388e-01 8.03877e+06 3.91471e+06
2.04192e-01 8.13651e+06 3.96403e+06
2.07036e-01 8.23555e+06 4.01403e+06
2.09919e-01 8.33588e+06 4.06472e+06
2.12842e-01 8.43755e+06 4.11611e+06
2.15806e-01 8.54055e+06 4.16821e+06
2.18811e-01 8.64492e+06 4.22103e+06
2.21858e-01 8.75067e+06 4.27458e+06
2.24947e-01 8.85783e+06 4.32887e+06
2.28080e-01 8.96641e+06 4.38391e+06
2.31256e-01 9.07643e+06 4.43972e+06
2.34476e-01 9.18792e+06 4.49630e+06
2.37742e-01 9.30089e+06 4.55368e+06
2.41052e-01 9.41537e+06 4.61185e+06
2.44409e-01 9.53138e+06 4.67084e+06
2.47812e-01 9.64894e+06 4.73065e+06
2.51263e-01 9.76808e+06 4.79130e+06
2.54762e-01 9.88882e+06 4.85280e+06
2.58310e-01 1.00112e+07 4.91517e+06
2.61907e-01 1.01352e+07 4.97841e+06
2.65554e-01 1.02608e+07 5.04255e+06
2.69252e-01 1.03882e+07 5.10759e+06
2.73002e-01 1.05173e+07 5.17354e+06
2.76803e-01 1.06481e+07 5.24044e+06
2.80658e-01 1.07807e+07 5.30827e+06
2.84566e-01 1.09151e+07 5.37708e+06
2.88529e-01 1.10513e+07 5.44686e+06
2.92547e-01 1.11894e+07 5.51763e+06
2.96621e-01 1.13293e+07 5.58941e+06
3.00751e-01 1.14712e+07 5.66221e+06
3.04939e-01 1.16150e+07 5.73606e+06
3.09186e-01 1.17607e+07 5.81096e+06
3.13491e-01 1.19085e+07 5.88694e+06
3.17857e-01 1.20582e+07 5.96401e+06
3.22283e-01 1.22100e+07 6.04219e+06
3.26771e-01 1.23639e+07 6.12149e+06
3.31321e-01 1.25200e+07 6.20193e+06
3.35935e-01 1.26781e+07 6.28354e+06
3.40613e-01 1.28384e+07 6.36633e+06
3.45356e-01 1.30010e+07 6.45032e+06
3.50165e-01 1.31658e+07 6.53552e+06
3.55042e-01 1.33329e+07 6.62197e+06
3.59986e-01 1.35023e+07 6.70967e+06
3.64999e-01 1.36740e+07 6.79865e+06
3.70081e-01 1.38481e+07 6.88893e+06
3.75235e-01 1.40247e+07 6.98053e+06
3.80460e-01 1.42037e+07 7.07347e+06
3.85758e-01 1.43852e+07 7.16778e+06
3.91130e-01 1.45693e+07 7.26347e+06
3.96577e-01 1.47559e+07 7.36057e+06
4.02099e-01 1.49451e+07 7.45910e+06
4.07699e-01 1.51370e+07 7.55909e+06
4.13376e-01 1.53316e+07 7.66055e+06
4.19132e-01 1.55289e+07 7.76352e+06
4.24969e-01 1.57290e+07 7.86801e+06
4.30887e-01 1.59319e+07 7.97406e+06
4.36887e-01 1.61377e+07 8.08169e+06
4.42971e-01 1.63464e+07 8.19092e+06
4.49140e-01 1.65581e+07 8.30178e+06
4.55394e-01 1.67728e+07 8.41430e+06
4.61736e-01 1.69905e+07 8.52851e+06
4.68165e-01 1.72114e+07 8.64443e+06
4.74685e-01 1.74353e+07 8.76210e+06
4.81295e-01 1.76625e+07 8.88154e+06
4.87997e-01 1.78929e+07 9.00278e+06
4.94793e-01 1.81267e+07 9.12585e+06
5.01683e-01 1.83638e+07 9.25079e+06
5.08669e-01 1.86043e+07 9.37762e+06
5.15753e-01 1.88482e+07 9.50637e+06
5.22935e-01 1.90957e+07 9.63709e+06
5.30217e-01 1.93467e+07 9.76979e+06
5.37600e-01 1.96014e+07 9.90451e+06
5.45087e-01 1.98597e+07 1.00413e+07
5.52677e-01 2.01218e+07 1.01802e+07
5.60373e-01 2.03876e+07 1.03212e+07
5.68177e-01 2.06574e+07 1.04643e+07
5.76089e-01 2.09310e+07 1.06097e+07
5.84111e-01 2.12087e+07 1.07573e+07
5.92245e-01 2.14903e+07 1.09072e+07
6.00492e-01 2.17761e+07 1.10593e+07
6.08854e-01 2.20661e+07 1.12139e+07
6.17333e-01 2.23604e+07 1.13708e+07
6.25930e-01 2.26589e+07 1.15302e+07
6.34646e-01 2.29618e+07 1.16921e+07
6.43484e-01 2.32692e+07 1.18564e+07
6.52444e-01 2.35811e+07 1.20234e+07
6.61530e-01 2.38977e+07 1.21929e+07
6.70742e-01 2.42189e+07 1.23651e+07
6.80082e-01 2.45448e+07 1.25400e+07
6.89553e-01 2.48756e+07 1.27177e+07
6.99155e-01 2.52113e+07 1.28981e+07
7.08891e-01 2.55520e+07 1.30814e+07
7.18763e-01 2.58978e+07 1.32676e+07
7.28772e-01 2.62487e+07 1.34567e+07
7.38920e-01 2.66049e+07 1.36489e+07
7.49210e-01 2.69664e+07 1.38441e+07
7.59643e-01 2.73334e+07 1.40423e+07
7.70221e-01 2.77058e+07 1.42438e+07
7.80947e-01 2.80838e+07 1.44484e+07
7.91822e-01 2.84675e+07 1.46563e+07
8.02848e-01 2.88571e+07 1.48676e+07
8.14028e-01 2.92525e+07 1.50822e+07
8.25364e-01 2.96538e+07 1.53003e+07
8.36858e-01 3.00613e+07 1.55219e+07
8.48511e-01 3.04749e+07 1.57471e+07
8.60327e-01 3.08949e+07 1.59759e+07
8.72308e-01 3.13212e+07 1.62084e+07
8.84455e-01 3.17540e+07 1.64447e+07
8.96771e-01 3.21935e+07 1.66848e+07
9.09259e-01 3.26396e+07 1.69288e+07
9.21921e-01 3.30926e+07 1.71768e+07
9.34759e-01 3.35526e+07 1.74288e+07
9.47776e-01 3.40196e+07 1.76850e+07
9.60974e-01 3.44938e+07 1.79454e+07
9.74356e-01 3.49753e+07 1.82100e+07
9.87924e-01 3.54643e+07 1.84790e+07
1.00168e+00 3.59608e+07 1.87524e+07
1.01563e+00 3.64651e+07 1.90303e+07
1.02977e+00 3.69771e+07 1.93128e+07
1.04411e+00 3.74971e+07 1.96000e+07
1.05865e+00 3.80252e+07 1.98919e+07
1.07340e+00 3.85616e+07 2.01887e+07
1.08834e+00 3.91063e+07 2.04905e+07
1.10350e+00 3.96595e+07 2.07972e+07
1.11887e+00 4.02214e+07 2.11091e+07
1.13445e+00 4.07922e+07 2.14262e+07
1.15024e+00 4.13719e+07 2.17487e+07
1.16626e+00 4.19607e+07 2.20765e+07
1.18250e+00 4.25589e+07 2.24099e+07
1.19897e+00 4.31665e+07 2.27488e+07
1.21566e+00 4.37837e+07 2.30935e+07
1.23259e+00 4.44107e+07 2.34440e+07
1.24976e+00 4.50476e+07 2.38005e+07
1.26716e+00 4.56947e+07 2.41630e+07
1.28481e+00 4.63521e+07 2.45317e+07
1.30270e+00 4.70200e+07 2.49066e+07
1.32084e+00 4.76985e+07 2.52880e+07
1.33923e+00 4.83879e+07 2.56759e+07
1.35788e+00 4.90884e+07 2.60704e+07
1.37679e+00 4.98001e+07 2.64717e+07
1.39596e+00 5.05233e+07 2.68798e+07
1.41540e+00 5.12582e+07 2.72950e+07
1.43511e+00 5.20049e+07 2.77174e+07
1.45510e+00 5.27637e+07 2.81470e+07
1.47536e+00 5.35348e+07 2.85841e+07
1.49590e+00 5.43183e+07 2.90288e+07
1.51674e+00 5.51147e+07 2.94812e+07
1.53786e+00 5.59240e+07 2.99414e+07
1.55927e+00 5.67464e+07 3.04097e+07
1.58099e+00 5.75824e+07 3.08862e+07
1.60300e+00 5.84320e+07 3.13710e+07
1.62532e+00 5.92955e+07 3.18642e+07
1.64796e+00 6.01732e+07 3.23662e+07
1.67091e+00 6.10653e+07 3.28769e+07
1.69417e+00 6.19721e+07 3.33967e+07
1.71777e+00 6.28939e+07 3.39256e+07
1.74169e+00 6.38310e+07 3.44639e+07
1.76594e+00 6.47835e+07 3.50116e+07
1.79053e+00 6.57518e+07 3.55691e+07
1.81547e+00 6.67362e+07 3.61365e+07
1.84075e+00 6.77370e+07 3.67140e+07
1.86638e+00 6.87544e+07 3.73018e+07
1.89237e+00 6.97889e+07 3.79001e+07
1.91872e+00 7.08406e+07 3.85091e+07
1.94544e+00 7.19099e+07 3.91289e+07
1.97253e+00 7.29972e+07 3.97599e+07
2.00000e+00 7.41027e+07 4.04023e+07
2.02785e+00 7.52269e+07 4.10561e+07
2.05609e+00 7.63699e+07 4.17218e+07
2.08472e+00 7.75323e+07 4.23995e+07
2.11375e+00 7.87144e+07 4.30895e+07
2.14319e+00 7.99164e+07 4.37919e+07
2.17303e+00 8.11389e+07 4.45071e+07
2.20329e+00 8.23821e+07 4.52353e+07
2.23397e+00 8.36464e+07 4.59767e+07
2.26508e+00 8.49324e+07 4.67316e+07
2.29662e+00 8.62402e+07 4.75003e+07
2.32861e+00 8.75705e+07 4.82831e+07
2.36103e+00 8.89235e+07 4.90802e+07
2.39391e+00 9.02997e+07 4.98919e+07
2.42725e+00 9.16996e+07 5.07186e+07
2.46105e+00 9.31235e+07 5.15604e+07
2.49532e+00 9.45720e+07 5.24177e+07
2.53007e+00 9.60455e+07 5.32909e+07
2.56530e+00 9.75445e+07 5.41801e+07
2.60102e+00 9.90694e+07 5.50858e+07
2.63724e+00 1.00621e+08 5.60083e+07
2.67397e+00 1.02199e+08 5.69479e+07
2.71120e+00 1.03805e+08 5.79050e+07
2.74896e+00 1.05439e+08 5.88798e+07
2.78724e+00 1.07101e+08 5.98728e+07
2.82605e+00 1.08792e+08 6.08843e+07
2.86541e+00 1.10513e+08 6.19147e+07
2.90531e+00 1.12264e+08 6.29644e+07
2.94577e+00 1.14046e+08 6.40337e+07
2.98679e+00 1.15859e+08 6.51230e+07
3.02838e+00 1.17704e+08 6.62328e+07
3.07055e+00 1.19581e+08 6.73634e+07
3.11331e+00 1.21492e+08 6.85153e+07
3.15666e+00 1.23436e+08 6.96889e+07
3.20062e+00 1.25415e+08 7.08846e+07
3.24519e+00 1.27428e+08 7.21028e+07
3.29038e+00 1.29478e+08 7.33441e+07
3.33620e+00 1.31564e+08 7.46088e+07
3.38266e+00 1.33687e+08 7.58975e+07
3.42976e+00 1.35848e+08 7.72106e+07
3.47752e+00 1.38047e+08 7.85486e+07
3.52595e+00 1.40286e+08 7.99120e+07
3.57505e+00 1.42564e+08 8.13013e+07
3.62484e+00 1.44884e+08 8.27171e+07
3.67531e+00 1.47245e+08 8.41597e+07
3.72649e+00 1.49648e+08 8.56299e+07
3.77839e+00 1.52095e+08 8.71281e+07
3.83100e+00 1.54586e+08 8.86549e+07
3.88435e+00 1.57121e+08 9.02108e+07
3.93844e+00 1.59702e+08 9.17964e+07
3.99328e+00 1.62330e+08 9.34124e+07
4.04889e+00 1.65005e+08 9.50593e+07
4.10528e+00 1.67729e+08 9.67377e+07
4.16244e+00 1.70502e+08 9.84483e+07
4.22041e+00 1.73325e+08 1.00192e+08
4.27918e+00 1.76200e+08 1.01968e+08
4.33877e+00 1.79126e+08 1.03779e+08
4.39919e+00 1.82106e+08 1.05625e+08
4.46045e+00 1.85140e+08 1.07506e+08
4.52256e+00 1.88229e+08 1.09423e+08
4.58554e+00 1.91375e+08 1.11377e+08
4.64939e+00 1.94577e+08 1.13369e+08
4.71414e+00 1.97839e+08 1.15399e+08
4.77979e+00 2.01160e+08 1.17468e+08
4.84635e+00 2.04541e+08 1.19576e+08
4.91383e+00 2.07985e+08 1.21725e+08
4.98226e+00 2.11491e+08 1.23916e+08
5.05164e+00 2.15062e+08 1.26149e+08
5.12199e+00 2.18698e+08 1.28425e+08
5.19331e+00 2.22400e+08 1.30744e+08
5.26563e+00 2.26171e+08 1.33108e+08
5.33896e+00 2.30011e+08 1.35518e+08
5.41330e+00 2.33921e+08 1.37974e+08
5.48869e+00 2.37903e+08 1.40477e+08
5.56512e+00 2.41959e+08 1.43028e+08
5.64262e+00 2.46089e+08 1.45629e+08
5.72119e+00 2.50294e+08 1.48279e+08
5.80086e+00 2.54577e+08 1.50980e+08
5.88164e+00 2.58939e+08 1.53733e+08
5.96354e+00 2.63382e+08 1.56539e+08
6.04659e+00 2.67905e+08 1.59399e+08
6.13079e+00 2.72512e+08 1.62314e+08
6.21616e+00 2.77204e+08 1.65284e+08
6.30273e+00 2.81982e+08 1.68312e+08
6.39050e+00 2.86848e+08 1.71397e+08
6.47949e+00 2.91804e+08 1.74542e+08
6.56971e+00 2.96851e+08 1.77747e+08
6.66120e+00 3.01990e+08 1.81012e+08
6.75396e+00 3.07224e+08 1.84341e+08
6.84801e+00 3.12554e+08 1.87732e+08
6.94337e+00 3.17982e+08 1.91189e+08
7.04006e+00 3.23510e+08 1.94711e+08
7.13810e+00 3.29139e+08 1.98301e+08
7.23750e+00 3.34871e+08 2.01958e+08
7.33828e+00 3.40708e+08 2.05686e+08
7.44047e+00 3.46652e+08 2.09483e+08
7.54408e+00 3.52705e+08 2.13354e+08
7.64914e+00 3.58869e+08 2.17297e+08
7.75566e+00 3.65145e+08 2.21315e+08
7.86366e+00 3.71536e+08 2.25409e+08
7.97316e+00 3.78043e+08 2.29580e+08
8.08419e+00 3.84669e+08 2.33831e+08
8.19677e+00 3.91415e+08 2.38161e+08
8.31091e+00 3.98284e+08 2.42573e+08
8.42664e+00 4.05277e+08 2.47068e+08
8.54399e+00 4.12397e+08 2.51648e+08
8.66297e+00 4.19646e+08 2.56313e+08
8.78360e+00 4.27026e+08 2.61066e+08
8.90592e+00 4.34539e+08 2.65909e+08
9.02994e+00 4.42188e+08 2.70842e+08
9.15568e+00 4.49974e+08 2.75867e+08
9.28318e+00 4.57899e+08 2.80987e+08
9.41245e+00 4.65967e+08 2.86202e+08
9.54352e+00 4.74179e+08 2.91514e+08
9.67642e+00 4.82538e+08 2.96926e+08
9.81117e+00 4.91045e+08 3.02438e+08
9.94779e+00 4.99704e+08 3.08054e+08
1.00863e+01 5.08516e+08 3.13773e+08
1.02268e+01 5.17484e+08 3.19600e+08
1.03692e+01 5.26610e+08 3.25534e+08
1.05136e+01 5.35897e+08 3.31579e+08
1.06600e+01 5.45347e+08 3.37737e+08
1.08084e+01 5.54963e+08 3.44009e+08
1.09589e+01 5.64746e+08 3.50397e+08
1.11116e+01 5.74700e+08 3.56905e+08
1.12663e+01 5.84828e+08 3.63533e+08
1.14232e+01 5.95130e+08 3.70284e+08
1.15822e+01 6.05611e+08 3.77161e+08
1.17435e+01 6.16272e+08 3.84166e+08
1.19071e+01 6.27117e+08 3.91301e+08
1.20729e+01 6.38147e+08 3.98570e+08
1.22410e+01 6.49366e+08 4.05974e+08
1.24115e+01 6.60775e+08 4.13516e+08
1.25843e+01 6.72379e+08 4.21199e+08
1.27595e+01 6.84178e+08 4.29025e+08
1.29372e+01 6.96176e+08 4.36999e+08
1.31174e+01 7.08376e+08 4.45122e+08
1.33000e+01 7.20781e+08 4.53398e+08
1.34852e+01 7.33392e+08 4.61830e+08
1.36730e+01 7.46214e+08 4.70421e+08
1.38634e+01 7.59247e+08 4.79175e+08
1.40565e+01 7.72497e+08 4.88095e+08
1.42522e+01 7.85965e+08 4.97184e+08
1.44507e+01 7.99654e+08 5.06448e+08
1.46519e+01 8.13567e+08 5.15889e+08
1.48560e+01 8.27707e+08 5.25511e+08
1.50628e+01 8.42077e+08 5.35319e+08
1.52726e+01 8.56680e+08 5.45316e+08
1.54853e+01 8.71519e+08 5.55508e+08
1.57009e+01 8.86597e+08 5.65900e+08
1.59196e+01 9.01918e+08 5.76494e+08
1.61412e+01 9.17484e+08 5.87298e+08
1.63660e+01 9.33300e+08 5.98316e+08
1.65939e+01 9.49367e+08 6.09552e+08
1.68250e+01 9.65691e+08 6.21014e+08
1.70593e+01 9.82273e+08 6.32706e+08
1.72968e+01 9.99118e+08 6.44634e+08
1.75377e+01 1.01623e+09 6.56805e+08
1.77819e+01 1.03361e+09 6.69225e+08
1.80296e+01 1.05127e+09 6.81900e+08
1.82806e+01 1.06920e+09 6.94838e+08
1.85352e+01 1.08742e+09 7.08045e+08
1.87933e+01 1.10592e+09 7.21530e+08
1.90550e+01 1.12472e+09 7.35299e+08
1.93203e+01 1.14381e+09 7.49361e+08
1.95894e+01 1.16320e+09 7.63724e+08
1.98622e+01 1.18290e+09 7.78396e+08
2.01388e+01 1.20291e+09 7.93386e+08
2.04192e+01 1.22323e+09 8.08705e+08
2.07036e+01 1.24388e+09 8.24361e+08
2.09919e+01 1.26486e+09 8.40365e+08
2.12842e+01 1.28617e+09 8.56727e+08
2.15806e+01 1.30782e+09 8.73457e+08
2.18811e+01 1.32983e+09 8.90567e+08
2.21858e+01 1.35219e+09 9.08067e+08
2.24947e+01 1.37491e+09 9.25969e+08
2.28080e+01 1.39800e+09 9.44286e+08
2.31256e+01 1.42147e+09 9.63030e+08
2.34476e+01 1.44533e+09 9.82214e+08
2.37742e+01 1.46959e+09 1.00185e+09
2.41052e+01 1.49426e+09 1.02196e+09
2.44409e+01 1.51934e+09 1.04254e+09
2.47812e+01 1.54484e+09 1.06362e+09
2.51263e+01 1.57079e+09 1.08521e+09
2.54762e+01 1.59718e+09 1.10733e+09
2.58310e+01 1.62404e+09 1.12999e+09
2.61907e+01 1.65137e+09 1.15320e+09
2.65554e+01 1.67919e+09 1.17699e+09
2.69252e+01 1.70750e+09 1.20138e+09
2.73002e+01 1.73634e+09 1.22637e+09
2.76803e+01 1.76570e+09 1.25199e+09
2.80658e+01 1.79561e+09 1.27826e+09
2.84566e+01 1.82608e+09 1.30519e+09
2.88529e+01 1.85713e+09 1.33280e+09
2.92547e+01 1.88877e+09 1.36112e+09
2.96621e+01 1.92104e+09 1.39017e+09
3.00751e+01 1.95393e+09 1.41996e+09
3.04939e+01 1.98749e+09 1.45051e+09
3.09186e+01 2.02172e+09 1.48185e+09
3.13491e+01 2.05664e+09 1.51400e+09
3.17857e+01 2.09229e+09 1.54699e+09
3.22283e+01 2.12868e+09 1.58082e+09
3.26771e+01 2.16584e+09 1.61553e+09
3.31321e+01 2.20379e+09 1.65114e+09
3.35935e+01 2.24257e+09 1.68767e+09
3.40613e+01 2.28218e+09 1.72515e+09
3.45356e+01 2.32267e+09 1.76360e+09
3.50165e+01 2.36406e+09 1.80304e+09
3.55042e+01 2.40638e+09 1.84345e+09
3.59986e+01 2.44965e+09 1.88486e+09
3.64999e+01 2.49392e+09 1.92731e+09
3.70081e+01 2.53921e+09 1.97082e+09
3.75235e+01 2.58555e+09 2.01545e+09
3.80460e+01 2.63297e+09 2.06121e+09
3.85758e+01 2.68152e+09 2.10813e+09
3.91130e+01 2.73121e+09 2.15626e+09
3.96577e+01 2.78209e+09 2.20563e+09
4.02099e+01 2.83420e+09 2.25626e+09
4.07699e+01 2.88751e+09 2.30818e+09
4.13376e+01 2.94196e+09 2.36143e+09
4.19132e+01 2.99764e+09 2.41604e+09
4.24969e+01 3.05463e+09 2.47204e+09
4.30887e+01 3.11298e+09 2.52946e+09
4.36887e+01 3.17277e+09 2.58833e+09
4.42971e+01 3.23405e+09 2.64868e+09
4.49140e+01 3.29689e+09 2.71055e+09
4.55394e+01 3.36133e+09 2.77396e+09
4.61736e+01 3.42743e+09 2.83894e+09
4.68165e+01 3.49523e+09 2.90553e+09
4.74685e+01 3.56478e+09 2.97376e+09
4.81295e+01 3.63612e+09 3.04366e+09
4.87997e+01 3.70930e+09 3.11527e+09
4.94793e+01 3.78435e+09 3.18862e+09
5.01683e+01 3.86132e+09 3.26374e+09
5.08669e+01 3.94026e+09 3.34069e+09
5.15753e+01 4.02124e+09 3.41949e+09
5.22935e+01 4.10429e+09 3.50020e+09
5.30217e+01 4.18943e+09 3.58284e+09
5.37600e+01 4.27670e+09 3.66747e+09
5.45087e+01 4.36614e+09 3.75412e+09
5.52677e+01 4.45777e+09 3.84284e+09
5.60373e+01 4.55164e+09 3.93367e+09
5.68177e+01 4.64777e+09 4.02667e+09
5.76089e+01 4.74621e+09 4.12188e+09
5.84111e+01 4.84697e+09 4.21935e+09
5.92245e+01 4.95011e+09 4.31914e+09
6.00492e+01 5.05565e+09 4.42129e+09
6.08854e+01 5.16364e+09 4.52586e+09
6.17333e+01 5.27412e+09 4.63292e+09
6.25930e+01 5.38712e+09 4.74251e+09
6.34646e+01 5.50269e+09 4.85471e+09
6.43484e+01 5.62088e+09 4.96956e+09
6.52444e+01 5.74173e+09 5.08715e+09
6.61530e+01 5.86529e+09 5.20752e+09
6.70742e+01 5.99160e+09 5.33076e+09
6.80082e+01 6.12073e+09 5.45693e+09
6.89553e+01 6.25273e+09 5.58609e+09
6.99155e+01 6.38766e+09 5.71833e+09
7.08891e+01 6.52556e+09 5.85372e+09
7.18763e+01 6.66652e+09 5.99234e+09
7.28772e+01 6.81058e+09 6.13426e+09
7.38920e+01 6.95783e+09 6.27956e+09
7.49210e+01 7.10831e+09 6.42834e+09
7.59643e+01 7.26211e+09 6.58066e+09
7.70221e+01 7.41930e+09 6.73662e+09
7.80947e+01 7.57995e+09 6.89630e+09
7.91822e+01 7.74413e+09 7.05980e+09
8.02848e+01 7.91194e+09 7.22721e+09
8.14028e+01 8.08343e+09 7.39861e+09
8.25364e+01 8.25871e+09 7.57411e+09
8.36858e+01 8.43785e+09 7.75381e+09
8.48511e+01 8.62093e+09 7.93779e+09
8.60327e+01 8.80805e+09 8.12618e+09
8.72308e+01 8.99930e+09 8.31906e+09
8.84455e+01 9.19475e+09 8.51655e+09
8.96771e+01 9.39451e+09 8.71875e+09
9.09259e+01 9.59866e+09 8.92578e+09
9.21921e+01 9.80731e+09 9.13774e+09
9.34759e+01 1.00205e+10 9.35477e+09
9.47776e+01 1.02385e+10 9.57696e+09
9.60974e+01 1.04611e+10 9.80445e+09
9.74356e+01 1.06887e+10 1.00374e+10
9.87924e+01 1.09213e+10 1.02758e+10
1.00168e+02 1.11589e+10 1.05199e+10
1.01563e+02 1.14019e+10 1.07699e+10
1.02977e+02 1.16504e+10 1.10260e+10
1.04411e+02 1.19048e+10 1.12882e+10
1.05865e+02 1.21650e+10 1.15569e+10
1.07340e+02 1.24312e+10 1.18320e+10
1.08834e+02 1.27037e+10 1.21139e+10
1.10350e+02 1.29825e+10 1.24025e+10
1.11887e+02 1.32678e+10 1.26982e+10
1.13445e+02 1.35598e+10 1.30011e+10
1.15024e+02 1.38586e+10 1.33113e+10
1.16626e+02 1.41644e+10 1.36290e+10
1.18250e+02 1.44774e+10 1.39545e+10
1.19897e+02 1.47978e+10 1.42879e+10
1.21566e+02 1.51257e+10 1.46294e+10
1.23259e+02 1.54614e+10 1.49792e+10
1.24976e+02 1.58050e+10 1.53374e+10
1.26716e+02 1.61566e+10 1.57044e+10
1.28481e+02 1.65166e+10 1.60801e+10
1.30270e+02 1.68851e+10 1.64676e+10
1.32084e+02 1.72624e+10 1.68659e+10
1.33923e+02 1.76485e+10 1.72749e+10
1.35788e+02 1.80438e+10 1.76947e+10
1.37679e+02 1.84484e+10 1.81253e+10
1.39596e+02 1.88626e+10 1.85667e+10
1.41540e+02 1.92867e+10 1.90190e+10
1.43511e+02 1.97207e+10 1.94823e+10
1.45510e+02 2.01651e+10 1.99567e+10
1.47536e+02 2.06199e+10 2.04424e+10
1.49590e+02 2.10856e+10 2.09394e+10
1.51674e+02 2.15661e+10 2.14480e+10
1.53786e+02 2.20601e+10 2.19683e+10
1.55927e+02 2.25673e+10 2.25005e+10
1.58099e+02 2.30876e+10 2.30448e+10
1.60300e+02 2.36209e+10 2.36014e+10
1.62532e+02 2.41672e+10 2.41706e+10
1.64796e+02 2.47264e+10 2.47525e+10
1.67091e+02 2.52985e+10 2.53476e+10
1.69417e+02 2.58837e+10 2.59559e+10
1.71777e+02 2.64819e+10 2.65778e+10
1.74169e+02 2.70932e+10 2.72135e+10
1.76594e+02 2.77178e+10 2.78634e+10
1.79053e+02 2.83557e+10 2.85278e+10
1.81547e+02 2.90072e+10 2.92070e+10
1.84075e+02 2.96724e+10 2.99013e+10
1.86638e+02 3.03514e+10 3.06111e+10
1.89237e+02 3.10445e+10 3.13367e+10
1.91872e+02 3.17519e+10 3.20785e+10
1.94544e+02 3.24738e+10 3.28370e+10
1.97253e+02 3.32105e+10 3.36125e+10
2.00000e+02 3.39623e+10 3.44055e+10
2.02785e+02 3.47299e+10 3.52166e+10
2.05609e+02 3.55140e+10 3.60465e+10
2.08472e+02 3.63152e+10 3.68956e+10
2.11375e+02 3.71340e+10 3.77646e+10
2.14319e+02 3.79710e+10 3.86541e+10
2.17303e+02 3.88267e+10 3.95646e+10
2.20329e+02 3.97018e+10 4.04967e+10
2.23397e+02 4.05968e+10 4.14511e+10
2.26508e+02 4.15124e+10 4.24283e+10
2.29662e+02 4.24492e+10 4.34291e+10
2.32861e+02 4.34078e+10 4.44541e+10
2.36103e+02 4.43890e+10 4.55040e+10
2.39391e+02 4.53934e+10 4.65794e+10
2.42725e+02 4.64216e+10 4.76811e+10
2.46105e+02 4.74745e+10 4.88099e+10
2.49532e+02 4.85527e+10 4.99664e+10
2.53007e+02 4.96570e+10 5.11514e+10
2.56530e+02 5.07880e+10 5.23657e+10
2.60102e+02 5.19467e+10 5.36101e+10
2.63724e+02 5.31337e+10 5.48853e+10
2.67397e+02 5.43498e+10 5.61924e+10
2.71120e+02 5.55959e+10 5.75319e+10
2.74896e+02 5.68728e+10 5.89050e+10
2.78724e+02 5.81813e+10 6.03124e+10
2.82605e+02 5.95223e+10 6.17550e+10
2.86541e+02 6.08967e+10 6.32339e+10
2.90531e+02 6.23053e+10 6.47499e+10
2.94577e+02 6.37491e+10 6.63041e+10
2.98679e+02 6.52291e+10 6.78974e+10
3.02838e+02 6.67461e+10 6.95309e+10
3.07055e+02 6.83012e+10 7.12056e+10
3.11331e+02 6.98954e+10 7.29227e+10
3.15666e+02 7.15297e+10 7.46832e+10
3.20062e+02 7.32052e+10 7.64883e+10
3.24519e+02 7.49229e+10 7.83393e+10
3.29038e+02 7.66840e+10 8.02372e+10
3.33620e+02 7.84896e+10 8.21833e+10
3.38266e+02 8.03409e+10 8.41790e+10
3.42976e+02 8.22390e+10 8.62255e+10
3.47752e+02 8.41853e+10 8.83241e+10
3.52595e+02 8.61809e+10 9.04764e+10
3.57505e+02 8.82272e+10 9.26836e+10
3.62484e+02 9.03255e+10 9.49472e+10
3.67531e+02 9.24772e+10 9.72689e+10
3.72649e+02 9.46837e+10 9.96501e+10
3.77839e+02 9.69465e+10 1.02092e+11
3.83100e+02 9.92670e+10 1.04598e+11
3.88435e+02 1.01647e+11 1.07167e+11
3.93844e+02 1.04088e+11 1.09803e+11
3.99328e+02 1.06591e+11 1.12507e+11
4.04889e+02 1.09158e+11 1.15281e+11
4.10528e+02 1.11791e+11 1.18126e+11
4.16244e+02 1.14492e+11 1.21045e+11
4.22041e+02 1.17263e+11 1.24041e+11
4.27918e+02 1.20105e+11 1.27114e+11
4.33877e+02 1.23020e+11 1.30267e+11
4.39919e+02 1.26011e+11 1.33503e+11
4.46045e+02 1.29079e+11 1.36823e+11
4.52256e+02 1.32227e+11 1.40231e+11
4.58554e+02 1.35457e+11 1.43728e+11
4.64939e+02 1.38771e+11 1.47317e+11
4.71414e+02 1.42172e+11 1.51001e+11
4.77979e+02 1.45661e+11 1.54782e+11
4.84635e+02 1.49242e+11 1.58664e+11
4.91383e+02 1.52917e+11 1.62649e+11
4.98226e+02 1.56688e+11 1.66741e+11
5.05164e+02 1.60559e+11 1.70941e+11
5.12199e+02 1.64532e+11 1.75252e+11
5.19331e+02 1.68608e+11 1.79677e+11
5.26563e+02 1.72792e+11 1.84219e+11
5.33896e+02 1.77085e+11 1.88881e+11
5.41330e+02 1.81491e+11 1.93666e+11
5.48869e+02 1.86013e+11 1.98578e+11
5.56512e+02 1.90654e+11 2.03621e+11
5.64262e+02 1.95418e+11 2.08797e+11
5.72119e+02 2.00308e+11 2.14111e+11
5.80086e+02 2.05327e+11 2.19567e+11
5.88164e+02 2.10478e+11 2.25168e+11
5.96354e+02 2.15767e+11 2.30919e+11
6.04659e+02 2.21195e+11 2.36823e+11
6.13079e+02 2.26768e+11 2.42885e+11
6.21616e+02 2.32490e+11 2.49110e+11
6.30273e+02 2.38363e+11 2.55502e+11
6.39050e+02 2.44394e+11 2.62066e+11
6.47949e+02 2.50585e+11 2.68806e+11
6.56971e+02 2.56942e+11 2.75728e+11
6.66120e+02 2.63470e+11 2.82837e+11
6.75396e+02 2.70172e+11 2.90138e+11
6.84801e+02 2.77054e+11 2.97636e+11
6.94337e+02 2.84122e+11 3.05338e+11
7.04006e+02 2.91380e+11 3.13248e+11
7.13810e+02 2.98834e+11 3.21374e+11
7.23750e+02 3.06489e+11 3.29721e+11
7.33828e+02 3.14351e+11 3.38295e+11
7.44047e+02 3.22426e+11 3.47103e+11
7.54408e+02 3.30720e+11 3.56153e+11
7.64914e+02 3.39239e+11 3.65450e+11
7.75566e+02 3.47990e+11 3.75002e+11
7.86366e+02 3.56980e+11 3.84817e+11
7.97316e+02 3.66215e+11 3.94902e+11
8.08419e+02 3.75702e+11 4.05264e+11
8.19677e+02 3.85450e+11 4.15913e+11
8.31091e+02 3.95464e+11 4.26857e+11
8.42664e+02 4.05753e+11 4.38104e+11
8.54399e+02 4.16326e+11 4.49662e+11
8.66297e+02 4.27189e+11 4.61543e+11
8.78360e+02 4.38353e+11 4.73754e+11
8.90592e+02 4.49825e+11 4.86306e+11
9.02994e+02 4.61614e+11 4.99209e+11
9.15568e+02 4.73731e+11 5.12473e+11
9.28318e+02 4.86184e+11 5.26109e+11
9.41245e+02 4.98984e+11 5.40129e+11
9.54352e+02 5.12141e+11 5.54544e+11
9.67642e+02 5.25665e+11 5.69366e+11
9.81117e+02 5.39568e+11 5.84607e+11
9.94779e+02 5.53860e+11 6.00280e+11
1.00863e+03 5.68554e+11 6.16397e+11
1.02268e+03 5.83657e+11 6.32969e+11
1.03692e+03 5.99183e+11 6.50008e+11
1.05136e+03 6.15142e+11 6.67528e+11
1.06600e+03 6.31549e+11 6.85542e+11
1.08084e+03 6.48416e+11 7.04067e+11
1.09589e+03 6.65755e+11 7.23116e+11
1.11116e+03 6.83582e+11 7.42706e+11
1.12663e+03 7.01910e+11 7.62851e+11
1.14232e+03 7.20754e+11 7.83569e+11
1.15822e+03 7.40130e+11 8.04876e+11
1.17435e+03 7.60051e+11 8.26791e+11
1.19071e+03 7.80535e+11 8.49330e+11
1.20729e+03 8.01598e+11 8.72512e+11
1.22410e+03 8.23258e+11 8.96357e+11
1.24115e+03 8.45530e+11 9.20884e+11
1.25843e+03 8.68434e+11 9.46113e+11
1.27595e+03 8.91988e+11 9.72066e+11
1.29372e+03 9.16211e+11 9.98763e+11
1.31174e+03 9.41123e+11 1.02623e+12
1.33000e+03 9.66744e+11 1.05448e+12
1.34852e+03 9.93095e+11 1.08355e+12
1.36730e+03 1.02020e+12 1.11345e+12
1.38634e+03 1.04807e+12 1.14422e+12
1.40565e+03 1.07675e+12 1.17588e+12
1.42522e+03 1.10624e+12 1.20845e+12
1.44507e+03 1.13657e+12 1.24196e+12
1.46519e+03 1.16778e+12 1.27644e+12
1.48560e+03 1.19988e+12 1.31192e+12
1.50628e+03 1.23290e+12 1.34844e+12
1.52726e+03 1.26687e+12 1.38601e+12
1.54853e+03 1.30182e+12 1.42467e+12
1.57009e+03 1.33777e+12 1.46447e+12
1.59196e+03 1.37476e+12 1.50541e+12
1.61412e+03 1.41282e+12 1.54756e+12
1.63660e+03 1.45197e+12 1.59093e+12
1.65939e+03 1.49226e+12 1.63557e+12
1.68250e+03 1.53370e+12 1.68152e+12
1.70593e+03 1.57635e+12 1.72881e+12
1.72968e+03 1.62023e+12 1.77748e+12
1.75377e+03 1.66539e+12 1.82758e+12
1.77819e+03 1.71185e+12 1.87916e+12
1.80296e+03 1.75966e+12 1.93224e+12
1.82806e+03 1.80887e+12 1.98689e+12
1.85352e+03 1.85950e+12 2.04315e+12
1.87933e+03 1.91160e+12 2.10106e+12
1.90550e+03 1.96523e+12 2.16068e+12
1.93203e+03 2.02041e+12 2.22206e+12
1.95894e+03 2.07721e+12 2.28525e+12
1.98622e+03 2.13566e+12 2.35031e+12
2.01388e+03 2.19582e+12 2.41729e+12
2.04192e+03 2.25774e+12 2.48625e+12
2.07036e+03 2.32147e+12 2.55726e+12
2.09919e+03 2.38707e+12 2.63038e+12
2.12842e+03 2.45459e+12 2.70566e+12
2.15806e+03 2.52409e+12 2.78318e+12
2.18811e+03 2.59563e+12 2.86300e+12
2.21858e+03 2.66927e+12 2.94520e+12
2.24947e+03 2.74508e+12 3.02985e+12
2.28080e+03 2.82312e+12 3.11702e+12
2.31256e+03 2.90345e+12 3.20679e+12
2.34476e+03 2.98615e+12 3.29924e+12
2.37742e+03 3.07129e+12 3.39445e+12
2.41052e+03 3.15894e+12 3.49251e+12
2.44409e+03 3.24918e+12 3.59350e+12
2.47812e+03 3.34208e+12 3.69751e+12
2.51263e+03 3.43774e+12 3.80464e+12
2.54762e+03 3.53622e+12 3.91499e+12
2.58310e+03 3.63761e+12 4.02864e+12
2.61907e+03 3.74202e+12 4.14571e+12
2.65554e+03 3.84951e+12 4.26630e+12
2.69252e+03 3.96020e+12 4.39052e+12
2.73002e+03 4.07417e+12 4.51847e+12
2.76803e+03 4.19153e+12 4.65028e+12
2.80658e+03 4.31238e+12 4.78606e+12
2.84566e+03 4.43683e+12 4.92594e+12
2.88529e+03 4.56498e+12 5.07005e+12
2.92547e+03 4.69694e+12 5.21851e+12
2.96621e+03 4.83284e+12 5.37145e+12
3.00751e+03 4.97280e+12 5.52903e+12
3.04939e+03 5.11693e+12 5.69137e+12
3.09186e+03 5.26537e+12 5.85864e+12
3.13491e+03 5.41825e+12 6.03097e+12
3.17857e+03 5.57570e+12 6.20854e+12
3.22283e+03 5.73786e+12 6.39150e+12
3.26771e+03 5.90487e+12 6.58002e+12
3.31321e+03 6.07690e+12 6.77427e+12
3.35935e+03 6.25408e+12 6.97443e+12
3.40613e+03 6.43657e+12 7.18069e+12
3.45356e+03 6.62455e+12 7.39323e+12
3.50165e+03 6.81817e+12 7.61225e+12
3.55042e+03 7.01762e+12 7.83795e+12
3.59986e+03 7.22306e+12 8.07055e+12
3.64999e+03 7.43469e+12 8.31025e+12
3.70081e+03 7.65269e+12 8.55728e+12
3.75235e+03 7.87726e+12 8.81187e+12
3.80460e+03 8.10860e+12 9.07425e+12
3.85758e+03 8.34692e+12 9.34466e+12
3.91130e+03 8.59244e+12 9.62337e+12
3.96577e+03 8.84537e+12 9.91063e+12
4.02099e+03 9.10595e+12 1.02067e+13
4.07699e+03 9.37440e+12 1.05119e+13
4.13376e+03 9.65099e+12 1.08264e+13
4.19132e+03 9.93594e+12 1.11506e+13
4.24969e+03 1.02295e+13 1.14848e+13
4.30887e+03 1.05320e+13 1.18293e+13
4.36887e+03 1.08437e+13 1.21844e+13
4.42971e+03 1.11648e+13 1.25504e+13
4.49140e+03 1.14957e+13 1.29277e+13
4.55394e+03 1.18366e+13 1.33167e+13
4.61736e+03 1.21879e+13 1.37177e+13
4.68165e+03 1.25499e+13 1.41310e+13
4.74685e+03 1.29228e+13 1.45572e+13
4.81295e+03 1.33072e+13 1.49965e+13
4.87997e+03 1.37032e+13 1.54494e+13
4.94793e+03 1.41114e+13 1.59164e+13
5.01683e+03 1.45320e+13 1.63978e+13
5.08669e+03 1.49654e+13 1.68942e+13
5.15753e+03 1.54120e+13 1.74059e+13
5.22935e+03 1.58723e+13 1.79335e+13
5.30217e+03 1.63466e+13 1.84776e+13
5.37600e+03 1.68355e+13 1.90385e+13
5.45087e+03 1.73393e+13 1.96169e+13
5.52677e+03 1.78586e+13 2.02132e+13
5.60373e+03 1.83937e+13 2.08282e+13
5.68177e+03 1.89452e+13 2.14622e+13
5.76089e+03 1.95137e+13 2.21161e+13
5.84111e+03 2.00996e+13 2.27903e+13
5.92245e+03 2.07034e+13 2.34855e+13
6.00492e+03 2.13259e+13 2.42025e+13
6.08854e+03 2.19674e+13 2.49418e+13
6.17333e+03 2.26286e+13 2.57042e+13
6.25930e+03 2.33102e+13 2.64905e+13
6.34646e+03 2.40128e+13 2.73014e+13
6.43484e+03 2.47370e+13 2.81376e+13
6.52444e+03 2.54835e+13 2.90000e+13
6.61530e+03 2.62530e+13 2.98894e+13
6.70742e+03 2.70462e+13 3.08067e+13
6.80082e+03 2.78638e+13 3.17528e+13
6.89553e+03 2.87067e+13 3.27285e+13
6.99155e+03 2.95757e+13 3.37349e+13
7.08891e+03 3.04714e+13 3.47728e+13
7.18763e+03 3.13949e+13 3.58434e+13
7.28772e+03 3.23469e+13 3.69476e+13
7.38920e+03 3.33283e+13 3.80865e+13
7.49210e+03 3.43401e+13 3.92613e+13
7.59643e+03 3.53832e+13 4.04730e+13
7.70221e+03 3.64587e+13 4.17229e+13
7.80947e+03 3.75674e+13 4.30122e+13
7.91822e+03 3.87106e+13 4.43421e+13
8.02848e+03 3.98891e+13 4.57139e+13
8.14028e+03 4.11043e+13 4.71290e+13
8.25364e+03 4.23572e+13 4.85888e+13
8.36858e+03 4.36490e+13 5.00947e+13
8.48511e+03 4.49809e+13 5.16481e+13
8.60327e+03 4.63542e+13 5.32507e+13
8.72308e+03 4.77702e+13 5.49039e+13
8.84455e+03 4.92303e+13 5.66094e+13
8.96771e+03 5.07358e+13 5.83688e+13
9.09259e+03 5.22882e+13 6.01840e+13
9.21921e+03 5.38889e+13 6.20566e+13
9.34759e+03 5.55396e+13 6.39886e+13
9.47776e+03 5.72417e+13 6.59819e+13
9.60974e+03 5.89969e+13 6.80383e+13
9.74356e+03 6.08068e+13 7.01600e+13
9.87924e+03 6.26733e+13 7.23490e+13
1.00168e+04 6.45980e+13 7.46075e+13
1.01563e+04 6.65828e+13 7.69378e+13
1.02977e+04 6.86297e+13 7.93421e+13
1.04411e+04 7.07406e+13 8.18228e+13
1.05865e+04 7.29176e+13 8.43824e+13
1.07340e+04 7.51626e+13 8.70235e+13
1.08834e+04 7.74779e+13 8.97486e+13
1.10350e+04 7.98658e+13 9.25605e+13
1.11887e+04 8.23284e+13 9.54619e+13
1.13445e+04 8.48682e+13 9.84558e+13
1.15024e+04 8.74877e+13 1.01545e+14
1.16626e+04 9.01893e+13 1.04733e+14
1.18250e+04 9.29757e+13 1.08022e+14
1.19897e+04 9.58495e+13 1.11417e+14
1.21566e+04 9.88136e+13 1.14920e+14
1.23259e+04 1.01871e+14 1.18534e+14
1.24976e+04 1.05024e+14 1.22265e+14
1.26716e+04 1.08277e+14 1.26114e+14
1.28481e+04 1.11631e+14 1.30086e+14
1.30270e+04 1.15091e+14 1.34186e+14
1.32084e+04 1.18661e+14 1.38417e+14
1.33923e+04 1.22342e+14 1.42783e+14
1.35788e+04 1.26140e+14 1.47288e+14
1.37679e+04 1.30057e+14 1.51938e+14
1.39596e+04 1.34097e+14 1.56738e+14
1.41540e+04 1.38265e+14 1.61690e+14
1.43511e+04 1.42565e+14 1.66802e+14
1.45510e+04 1.47000e+14 1.72078e+14
1.47536e+04 1.51575e+14 1.77522e+14
1.49590e+04 1.56294e+14 1.83142e+14
1.51674e+04 1.61163e+14 1.88942e+14
1.53786e+04 1.66186e+14 1.94928e+14
1.55927e+04 1.71367e+14 2.01106e+14
1.58099e+04 1.76712e+14 2.07483e+14
1.60300e+04 1.82226e+14 2.14065e+14
1.62532e+04 1.87914e+14 2.20859e+14
1.64796e+04 1.93783e+14 2.27871e+14
1.67091e+04 1.99838e+14 2.35108e+14
1.69417e+04 2.06084e+14 2.42579e+14
1.71777e+04 2.12528e+14 2.50290e+14
1.74169e+04 2.19176e+14 2.58249e+14
1.76594e+04 2.26035e+14 2.66465e+14
1.79053e+04 2.33112e+14 2.74945e+14
1.81547e+04 2.40413e+14 2.83699e+14
1.84075e+04 2.47946e+14 2.92735e+14
1.86638e+04 2.55718e+14 3.02062e+14
1.89237e+04 2.63737e+14 3.11690e+14
1.91872e+04 2.72010e+14 3.21629e+14
1.94544e+04 2.80547e+14 3.31889e+14
1.97253e+04 2.89355e+14 3.42480e+14
2.00000e+04 2.98442e+14 3.53413e+14
