T[eV] σe[Ω/cm](SMT) σe[Ω/cm](modSMT) 
2.00000e-02 7.43368e+04 8.05781e+03
2.02785e-02 7.40686e+04 8.03405e+03
2.05609e-02 7.38017e+04 8.01043e+03
2.08472e-02 7.35362e+04 7.98693e+03
2.11375e-02 7.32720e+04 7.96357e+03
2.14319e-02 7.30091e+04 7.94033e+03
2.17303e-02 7.27476e+04 7.91722e+03
2.20329e-02 7.24875e+04 7.89424e+03
2.23397e-02 7.22286e+04 7.87139e+03
2.26508e-02 7.19711e+04 7.84867e+03
2.29662e-02 7.17149e+04 7.82607e+03
2.32861e-02 7.14600e+04 7.80359e+03
2.36103e-02 7.12063e+04 7.78125e+03
2.39391e-02 7.09540e+04 7.75902e+03
2.42725e-02 7.07030e+04 7.73692e+03
2.46105e-02 7.04532e+04 7.71495e+03
2.49532e-02 7.02048e+04 7.69310e+03
2.53007e-02 6.99575e+04 7.67137e+03
2.56530e-02 6.97116e+04 7.64977e+03
2.60102e-02 6.94669e+04 7.62828e+03
2.63724e-02 6.92235e+04 7.60692e+03
2.67397e-02 6.89813e+04 7.58568e+03
2.71120e-02 6.87403e+04 7.56456e+03
2.74896e-02 6.85006e+04 7.54356e+03
2.78724e-02 6.82621e+04 7.52268e+03
2.82605e-02 6.80248e+04 7.50192e+03
2.86541e-02 6.77887e+04 7.48127e+03
2.90531e-02 6.75539e+04 7.46075e+03
2.94577e-02 6.73202e+04 7.44034e+03
2.98679e-02 6.70878e+04 7.42005e+03
3.02838e-02 6.68565e+04 7.39988e+03
3.07055e-02 6.66264e+04 7.37983e+03
3.11331e-02 6.63975e+04 7.35989e+03
3.15666e-02 6.61698e+04 7.34007e+03
3.20062e-02 6.59433e+04 7.32036e+03
3.24519e-02 6.57179e+04 7.30076e+03
3.29038e-02 6.54937e+04 7.28129e+03
3.33620e-02 6.52706e+04 7.26192e+03
3.38266e-02 6.50487e+04 7.24267e+03
3.42976e-02 6.48280e+04 7.22353e+03
3.47752e-02 6.46083e+04 7.20451e+03
3.52595e-02 6.43898e+04 7.18560e+03
3.57505e-02 6.41725e+04 7.16680e+03
3.62484e-02 6.39562e+04 7.14811e+03
3.67531e-02 6.37411e+04 7.12953e+03
3.72649e-02 6.35271e+04 7.11107e+03
3.77839e-02 6.33142e+04 7.09271e+03
3.83100e-02 6.31024e+04 7.07446e+03
3.88435e-02 6.28917e+04 7.05633e+03
3.93844e-02 6.26821e+04 7.03830e+03
3.99328e-02 6.24735e+04 7.02039e+03
4.04889e-02 6.22661e+04 7.00258e+03
4.10528e-02 6.20597e+04 6.98488e+03
4.16244e-02 6.18544e+04 6.96728e+03
4.22041e-02 6.16502e+04 6.94980e+03
4.27918e-02 6.14471e+04 6.93242e+03
4.33877e-02 6.12450e+04 6.91515e+03
4.39919e-02 6.10439e+04 6.89799e+03
4.46045e-02 6.08439e+04 6.88093e+03
4.52256e-02 6.06450e+04 6.86398e+03
4.58554e-02 6.04471e+04 6.84713e+03
4.64939e-02 6.02502e+04 6.83039e+03
4.71414e-02 6.00543e+04 6.81375e+03
4.77979e-02 5.98595e+04 6.79722e+03
4.84635e-02 5.96657e+04 6.78079e+03
4.91383e-02 5.94729e+04 6.76447e+03
4.98226e-02 5.92812e+04 6.74825e+03
5.05164e-02 5.90904e+04 6.73213e+03
5.12199e-02 5.89007e+04 6.71612e+03
5.19331e-02 5.87119e+04 6.70021e+03
5.26563e-02 5.85241e+04 6.68440e+03
5.33896e-02 5.83374e+04 6.66869e+03
5.41330e-02 5.81516e+04 6.65308e+03
5.48869e-02 5.79668e+04 6.63758e+03
5.56512e-02 5.77829e+04 6.62218e+03
5.64262e-02 5.76001e+04 6.60687e+03
5.72119e-02 5.74182e+04 6.59167e+03
5.80086e-02 5.72373e+04 6.57657e+03
5.88164e-02 5.70573e+04 6.56157e+03
5.96354e-02 5.68783e+04 6.54667e+03
6.04659e-02 5.67003e+04 6.53186e+03
6.13079e-02 5.65232e+04 6.51716e+03
6.21616e-02 5.63470e+04 6.50255e+03
6.30273e-02 5.61718e+04 6.48805e+03
6.39050e-02 5.59975e+04 6.47364e+03
6.47949e-02 5.58241e+04 6.45933e+03
6.56971e-02 5.56517e+04 6.44512e+03
6.66120e-02 5.54802e+04 6.43100e+03
6.75396e-02 5.53096e+04 6.41698e+03
6.84801e-02 5.51400e+04 6.40306e+03
6.94337e-02 5.49712e+04 6.38924e+03
7.04006e-02 5.48034e+04 6.37551e+03
7.13810e-02 5.46364e+04 6.36188e+03
7.23750e-02 5.44704e+04 6.34835e+03
7.33828e-02 5.43053e+04 6.33491e+03
7.44047e-02 5.41410e+04 6.32156e+03
7.54408e-02 5.39777e+04 6.30832e+03
7.64914e-02 5.38152e+04 6.29516e+03
7.75566e-02 5.36536e+04 6.28210e+03
7.86366e-02 5.34929e+04 6.26914e+03
7.97316e-02 5.33331e+04 6.25627e+03
8.08419e-02 5.31741e+04 6.24350e+03
8.19677e-02 5.30160e+04 6.23082e+03
8.31091e-02 5.28588e+04 6.21823e+03
8.42664e-02 5.27024e+04 6.20574e+03
8.54399e-02 5.25469e+04 6.19334e+03
8.66297e-02 5.23922e+04 6.18103e+03
8.78360e-02 5.22384e+04 6.16882e+03
8.90592e-02 5.20854e+04 6.15670e+03
9.02994e-02 5.19333e+04 6.14467e+03
9.15568e-02 5.17821e+04 6.13273e+03
9.28318e-02 5.16316e+04 6.12089e+03
9.41245e-02 5.14820e+04 6.10914e+03
9.54352e-02 5.13332e+04 6.09748e+03
9.67642e-02 5.11853e+04 6.08591e+03
9.81117e-02 5.10381e+04 6.07443e+03
9.94779e-02 5.08918e+04 6.06305e+03
1.00863e-01 5.07463e+04 6.05176e+03
1.02268e-01 5.06017e+04 6.04055e+03
1.03692e-01 5.04578e+04 6.02944e+03
1.05136e-01 5.03148e+04 6.01842e+03
1.06600e-01 5.01726e+04 6.00749e+03
1.08084e-01 5.00312e+04 5.99665e+03
1.09589e-01 4.98907e+04 5.98590e+03
1.11116e-01 4.97509e+04 5.97525e+03
1.12663e-01 4.96119e+04 5.96468e+03
1.14232e-01 4.94738e+04 5.95420e+03
1.15822e-01 4.93364e+04 5.94381e+03
1.17435e-01 4.91999e+04 5.93351e+03
1.19071e-01 4.90641e+04 5.92330e+03
1.20729e-01 4.89291e+04 5.91318e+03
1.22410e-01 4.87949e+04 5.90315e+03
1.24115e-01 4.86615e+04 5.89320e+03
1.25843e-01 4.85289e+04 5.88335e+03
1.27595e-01 4.83971e+04 5.87359e+03
1.29372e-01 4.82660e+04 5.86391e+03
1.31174e-01 4.81357e+04 5.85433e+03
1.33000e-01 4.80061e+04 5.84483e+03
1.34852e-01 4.78774e+04 5.83542e+03
1.36730e-01 4.77494e+04 5.82610e+03
1.38634e-01 4.76221e+04 5.81686e+03
1.40565e-01 4.74956e+04 5.80772e+03
1.42522e-01 4.73698e+04 5.79866e+03
1.44507e-01 4.72448e+04 5.78970e+03
1.46519e-01 4.71206e+04 5.78082e+03
1.48560e-01 4.69971e+04 5.77202e+03
1.50628e-01 4.68743e+04 5.76332e+03
1.52726e-01 4.67522e+04 5.75470e+03
1.54853e-01 4.66309e+04 5.74617e+03
1.57009e-01 4.65103e+04 5.73773e+03
1.59196e-01 4.63904e+04 5.72938e+03
1.61412e-01 4.62713e+04 5.72111e+03
1.63660e-01 4.61528e+04 5.71294e+03
1.65939e-01 4.60351e+04 5.70484e+03
1.68250e-01 4.59180e+04 5.69684e+03
1.70593e-01 4.58017e+04 5.68892e+03
1.72968e-01 4.56861e+04 5.68110e+03
1.75377e-01 4.55711e+04 5.67335e+03
1.77819e-01 4.54569e+04 5.66570e+03
1.80296e-01 4.53433e+04 5.65813e+03
1.82806e-01 4.52304e+04 5.65065e+03
1.85352e-01 4.51182e+04 5.64326e+03
1.87933e-01 4.50066e+04 5.63596e+03
1.90550e-01 4.48957e+04 5.62874e+03
1.93203e-01 4.47854e+04 5.62161e+03
1.95894e-01 4.46758e+04 5.61456e+03
1.98622e-01 4.45669e+04 5.60761e+03
2.01388e-01 4.44586e+04 5.60074e+03
2.04192e-01 4.43510e+04 5.59396e+03
2.07036e-01 4.42440e+04 5.58726e+03
2.09919e-01 4.41377e+04 5.58065e+03
2.12842e-01 4.40321e+04 5.57413e+03
2.15806e-01 4.39271e+04 5.56770e+03
2.18811e-01 4.38228e+04 5.56135e+03
2.21858e-01 4.37192e+04 5.55510e+03
2.24947e-01 4.36162e+04 5.54892e+03
2.28080e-01 4.35139e+04 5.54284e+03
2.31256e-01 4.34123e+04 5.53684e+03
2.34476e-01 4.33113e+04 5.53093e+03
2.37742e-01 4.32109e+04 5.52511e+03
2.41052e-01 4.31113e+04 5.51938e+03
2.44409e-01 4.30122e+04 5.51373e+03
2.47812e-01 4.29138e+04 5.50817e+03
2.51263e-01 4.28161e+04 5.50270e+03
2.54762e-01 4.27190e+04 5.49732e+03
2.58310e-01 4.26225e+04 5.49203e+03
2.61907e-01 4.25267e+04 5.48682e+03
2.65554e-01 4.24315e+04 5.48170e+03
2.69252e-01 4.23369e+04 5.47667e+03
2.73002e-01 4.22430e+04 5.47173e+03
2.76803e-01 4.21497e+04 5.46687e+03
2.80658e-01 4.20571e+04 5.46211e+03
2.84566e-01 4.19651e+04 5.45743e+03
2.88529e-01 4.18737e+04 5.45284e+03
2.92547e-01 4.17829e+04 5.44834e+03
2.96621e-01 4.16928e+04 5.44393e+03
3.00751e-01 4.16033e+04 5.43961e+03
3.04939e-01 4.15144e+04 5.43537e+03
3.09186e-01 4.14261e+04 5.43123e+03
3.13491e-01 4.13384e+04 5.42717e+03
3.17857e-01 4.12514e+04 5.42321e+03
3.22283e-01 4.11650e+04 5.41933e+03
3.26771e-01 4.10792e+04 5.41555e+03
3.31321e-01 4.09940e+04 5.41185e+03
3.35935e-01 4.09094e+04 5.40825e+03
3.40613e-01 4.08254e+04 5.40473e+03
3.45356e-01 4.07421e+04 5.40131e+03
3.50165e-01 4.06593e+04 5.39797e+03
3.55042e-01 4.05772e+04 5.39473e+03
3.59986e-01 4.04957e+04 5.39158e+03
3.64999e-01 4.04148e+04 5.38851e+03
3.70081e-01 4.03345e+04 5.38554e+03
3.75235e-01 4.02548e+04 5.38266e+03
3.80460e-01 4.01757e+04 5.37988e+03
3.85758e-01 4.00972e+04 5.37718e+03
3.91130e-01 4.00193e+04 5.37458e+03
3.96577e-01 3.99420e+04 5.37207e+03
4.02099e-01 3.98653e+04 5.36965e+03
4.07699e-01 3.97892e+04 5.36732e+03
4.13376e-01 3.97137e+04 5.36509e+03
4.19132e-01 3.96389e+04 5.36295e+03
4.24969e-01 3.95646e+04 5.36091e+03
4.30887e-01 3.94909e+04 5.35895e+03
4.36887e-01 3.94179e+04 5.35710e+03
4.42971e-01 3.93454e+04 5.35533e+03
4.49140e-01 3.92735e+04 5.35366e+03
4.55394e-01 3.92023e+04 5.35209e+03
4.61736e-01 3.91316e+04 5.35061e+03
4.68165e-01 3.90615e+04 5.34922e+03
4.74685e-01 3.89921e+04 5.34794e+03
4.81295e-01 3.89232e+04 5.34674e+03
4.87997e-01 3.88550e+04 5.34565e+03
4.94793e-01 3.87874e+04 5.34465e+03
5.01683e-01 3.87203e+04 5.34374e+03
5.08669e-01 3.86539e+04 5.34294e+03
5.15753e-01 3.85880e+04 5.34223e+03
5.22935e-01 3.85228e+04 5.34161e+03
5.30217e-01 3.84581e+04 5.34110e+03
5.37600e-01 3.83939e+04 5.34069e+03
5.45087e-01 3.83304e+04 5.34037e+03
5.52677e-01 3.82674e+04 5.34015e+03
5.60373e-01 3.82050e+04 5.34004e+03
5.68177e-01 3.81432e+04 5.34002e+03
5.76089e-01 3.80820e+04 5.34010e+03
5.84111e-01 3.80213e+04 5.34028e+03
5.92245e-01 3.79612e+04 5.34057e+03
6.00492e-01 3.79017e+04 5.34095e+03
6.08854e-01 3.78428e+04 5.34144e+03
6.17333e-01 3.77844e+04 5.34203e+03
6.25930e-01 3.77266e+04 5.34272e+03
6.34646e-01 3.76694e+04 5.34351e+03
6.43484e-01 3.76127e+04 5.34441e+03
6.52444e-01 3.75566e+04 5.34541e+03
6.61530e-01 3.75011e+04 5.34652e+03
6.70742e-01 3.74461e+04 5.34773e+03
6.80082e-01 3.73917e+04 5.34904e+03
6.89553e-01 3.73379e+04 5.35046e+03
6.99155e-01 3.72847e+04 5.35199e+03
7.08891e-01 3.72320e+04 5.35362e+03
7.18763e-01 3.71799e+04 5.35536e+03
7.28772e-01 3.71283e+04 5.35721e+03
7.38920e-01 3.70773e+04 5.35916e+03
7.49210e-01 3.70269e+04 5.36123e+03
7.59643e-01 3.69770e+04 5.36340e+03
7.70221e-01 3.69278e+04 5.36568e+03
7.80947e-01 3.68790e+04 5.36807e+03
7.91822e-01 3.68309e+04 5.37058e+03
8.02848e-01 3.67833e+04 5.37319e+03
8.14028e-01 3.67362e+04 5.37592e+03
8.25364e-01 3.66898e+04 5.37875e+03
8.36858e-01 3.66438e+04 5.38170e+03
8.48511e-01 3.65985e+04 5.38477e+03
8.60327e-01 3.65537e+04 5.38794e+03
8.72308e-01 3.65095e+04 5.39123e+03
8.84455e-01 3.64659e+04 5.39464e+03
8.96771e-01 3.64228e+04 5.39816e+03
9.09259e-01 3.63802e+04 5.40180e+03
9.21921e-01 3.63383e+04 5.40556e+03
9.34759e-01 3.62969e+04 5.40943e+03
9.47776e-01 3.62560e+04 5.41342e+03
9.60974e-01 3.62158e+04 5.41753e+03
9.74356e-01 3.61760e+04 5.42176e+03
9.87924e-01 3.61369e+04 5.42611e+03
1.00168e+00 3.60983e+04 5.43058e+03
1.01563e+00 3.60603e+04 5.43517e+03
1.02977e+00 3.60228e+04 5.43988e+03
1.04411e+00 3.59859e+04 5.44472e+03
1.05865e+00 3.59496e+04 5.44968e+03
1.07340e+00 3.59138e+04 5.45476e+03
1.08834e+00 3.58786e+04 5.45997e+03
1.10350e+00 3.58440e+04 5.46531e+03
1.11887e+00 3.58099e+04 5.47077e+03
1.13445e+00 3.57764e+04 5.47636e+03
1.15024e+00 3.57435e+04 5.48208e+03
1.16626e+00 3.57111e+04 5.48792e+03
1.18250e+00 3.56793e+04 5.49390e+03
1.19897e+00 3.56481e+04 5.50000e+03
1.21566e+00 3.56174e+04 5.50624e+03
1.23259e+00 3.55873e+04 5.51261e+03
1.24976e+00 3.55578e+04 5.51911e+03
1.26716e+00 3.55288e+04 5.52575e+03
1.28481e+00 3.55004e+04 5.53252e+03
1.30270e+00 3.54726e+04 5.53943e+03
1.32084e+00 3.54453e+04 5.54647e+03
1.33923e+00 3.54186e+04 5.55365e+03
1.35788e+00 3.53925e+04 5.56097e+03
1.37679e+00 3.53669e+04 5.56843e+03
1.39596e+00 3.53420e+04 5.57603e+03
1.41540e+00 3.53176e+04 5.58377e+03
1.43511e+00 3.52937e+04 5.59165e+03
1.45510e+00 3.52705e+04 5.59967e+03
1.47536e+00 3.52478e+04 5.60784e+03
1.49590e+00 3.52257e+04 5.61615e+03
1.51674e+00 3.52042e+04 5.62461e+03
1.53786e+00 3.51832e+04 5.63322e+03
1.55927e+00 3.51629e+04 5.64198e+03
1.58099e+00 3.51431e+04 5.65088e+03
1.60300e+00 3.51239e+04 5.65993e+03
1.62532e+00 3.51052e+04 5.66914e+03
1.64796e+00 3.50872e+04 5.67850e+03
1.67091e+00 3.50697e+04 5.68801e+03
1.69417e+00 3.50528e+04 5.69767e+03
1.71777e+00 3.50365e+04 5.70750e+03
1.74169e+00 3.50208e+04 5.71748e+03
1.76594e+00 3.50057e+04 5.72761e+03
1.79053e+00 3.49912e+04 5.73791e+03
1.81547e+00 3.49772e+04 5.74837e+03
1.84075e+00 3.49638e+04 5.75899e+03
1.86638e+00 3.49511e+04 5.76977e+03
1.89237e+00 3.49389e+04 5.78071e+03
1.91872e+00 3.49273e+04 5.79182e+03
1.94544e+00 3.49163e+04 5.80310e+03
1.97253e+00 3.49059e+04 5.81455e+03
2.00000e+00 3.48961e+04 5.82617e+03
2.02785e+00 3.48869e+04 5.83795e+03
2.05609e+00 3.48783e+04 5.84991e+03
2.08472e+00 3.48703e+04 5.86205e+03
2.11375e+00 3.48629e+04 5.87436e+03
2.14319e+00 3.48561e+04 5.88685e+03
2.17303e+00 3.48498e+04 5.89952e+03
2.20329e+00 3.48442e+04 5.91237e+03
2.23397e+00 3.48392e+04 5.92541e+03
2.26508e+00 3.48349e+04 5.93862e+03
2.29662e+00 3.48311e+04 5.95202e+03
2.32861e+00 3.48279e+04 5.96561e+03
2.36103e+00 3.48254e+04 5.97939e+03
2.39391e+00 3.48234e+04 5.99336e+03
2.42725e+00 3.48221e+04 6.00752e+03
2.46105e+00 3.48214e+04 6.02188e+03
2.49532e+00 3.48213e+04 6.03643e+03
2.53007e+00 3.48218e+04 6.05117e+03
2.56530e+00 3.48229e+04 6.06612e+03
2.60102e+00 3.48247e+04 6.08126e+03
2.63724e+00 3.48270e+04 6.09661e+03
2.67397e+00 3.48301e+04 6.11217e+03
2.71120e+00 3.48337e+04 6.12792e+03
2.74896e+00 3.48379e+04 6.14389e+03
2.78724e+00 3.48428e+04 6.16007e+03
2.82605e+00 3.48483e+04 6.17646e+03
2.86541e+00 3.48545e+04 6.19306e+03
2.90531e+00 3.48613e+04 6.20988e+03
2.94577e+00 3.48687e+04 6.22691e+03
2.98679e+00 3.48767e+04 6.24417e+03
3.02838e+00 3.48854e+04 6.26165e+03
3.07055e+00 3.48948e+04 6.27935e+03
3.11331e+00 3.49048e+04 6.29728e+03
3.15666e+00 3.49154e+04 6.31544e+03
3.20062e+00 3.49266e+04 6.33382e+03
3.24519e+00 3.49385e+04 6.35244e+03
3.29038e+00 3.49511e+04 6.37130e+03
3.33620e+00 3.49643e+04 6.39039e+03
3.38266e+00 3.49782e+04 6.40973e+03
3.42976e+00 3.49927e+04 6.42930e+03
3.47752e+00 3.50079e+04 6.44912e+03
3.52595e+00 3.50237e+04 6.46919e+03
3.57505e+00 3.50402e+04 6.48950e+03
3.62484e+00 3.50573e+04 6.51007e+03
3.67531e+00 3.50751e+04 6.53089e+03
3.72649e+00 3.50936e+04 6.55198e+03
3.77839e+00 3.51128e+04 6.57332e+03
3.83100e+00 3.51326e+04 6.59492e+03
3.88435e+00 3.51531e+04 6.61679e+03
3.93844e+00 3.51742e+04 6.63892e+03
3.99328e+00 3.51960e+04 6.66133e+03
4.04889e+00 3.52185e+04 6.68401e+03
4.10528e+00 3.52417e+04 6.70697e+03
4.16244e+00 3.52656e+04 6.73021e+03
4.22041e+00 3.52901e+04 6.75373e+03
4.27918e+00 3.53153e+04 6.77754e+03
4.33877e+00 3.53412e+04 6.80164e+03
4.39919e+00 3.53678e+04 6.82602e+03
4.46045e+00 3.53951e+04 6.85071e+03
4.52256e+00 3.54230e+04 6.87569e+03
4.58554e+00 3.54517e+04 6.90097e+03
4.64939e+00 3.54810e+04 6.92656e+03
4.71414e+00 3.55111e+04 6.95246e+03
4.77979e+00 3.55418e+04 6.97867e+03
4.84635e+00 3.55733e+04 7.00520e+03
4.91383e+00 3.56054e+04 7.03204e+03
4.98226e+00 3.56382e+04 7.05921e+03
5.05164e+00 3.56718e+04 7.08671e+03
5.12199e+00 3.57060e+04 7.11456e+03
5.19331e+00 3.57410e+04 7.14277e+03
5.26563e+00 3.57766e+04 7.17134e+03
5.33896e+00 3.58130e+04 7.20028e+03
5.41330e+00 3.58501e+04 7.22959e+03
5.48869e+00 3.58879e+04 7.25928e+03
5.56512e+00 3.59264e+04 7.28934e+03
5.64262e+00 3.59656e+04 7.31979e+03
5.72119e+00 3.60055e+04 7.35064e+03
5.80086e+00 3.60462e+04 7.38187e+03
5.88164e+00 3.60876e+04 7.41351e+03
5.96354e+00 3.61297e+04 7.44556e+03
6.04659e+00 3.61725e+04 7.47801e+03
6.13079e+00 3.62161e+04 7.51088e+03
6.21616e+00 3.62603e+04 7.54417e+03
6.30273e+00 3.63053e+04 7.57789e+03
6.39050e+00 3.63511e+04 7.61204e+03
6.47949e+00 3.63975e+04 7.64662e+03
6.56971e+00 3.64447e+04 7.68165e+03
6.66120e+00 3.64926e+04 7.71713e+03
6.75396e+00 3.65413e+04 7.75305e+03
6.84801e+00 3.65907e+04 7.78944e+03
6.94337e+00 3.66408e+04 7.82629e+03
7.04006e+00 3.66917e+04 7.86361e+03
7.13810e+00 3.67433e+04 7.90141e+03
7.23750e+00 3.67956e+04 7.93968e+03
7.33828e+00 3.68487e+04 7.97844e+03
7.44047e+00 3.69025e+04 8.01769e+03
7.54408e+00 3.69571e+04 8.05744e+03
7.64914e+00 3.70124e+04 8.09769e+03
7.75566e+00 3.70684e+04 8.13845e+03
7.86366e+00 3.71252e+04 8.17972e+03
7.97316e+00 3.71828e+04 8.22150e+03
8.08419e+00 3.72411e+04 8.26381e+03
8.19677e+00 3.73001e+04 8.30665e+03
8.31091e+00 3.73599e+04 8.35001e+03
8.42664e+00 3.74204e+04 8.39392e+03
8.54399e+00 3.74816e+04 8.43837e+03
8.66297e+00 3.75437e+04 8.48336e+03
8.78360e+00 3.76064e+04 8.52890e+03
8.90592e+00 3.76699e+04 8.57500e+03
9.02994e+00 3.77342e+04 8.62165e+03
9.15568e+00 3.77992e+04 8.66887e+03
9.28318e+00 3.78650e+04 8.71665e+03
9.41245e+00 3.79315e+04 8.76500e+03
9.54352e+00 3.79987e+04 8.81392e+03
9.67642e+00 3.80667e+04 8.86342e+03
9.81117e+00 3.81355e+04 8.91349e+03
9.94779e+00 3.82050e+04 8.96415e+03
1.00863e+01 3.82753e+04 9.01545e+03
1.02268e+01 3.83463e+04 9.06769e+03
1.03692e+01 3.84180e+04 9.12089e+03
1.05136e+01 3.84905e+04 9.17505e+03
1.06600e+01 3.85638e+04 9.23019e+03
1.08084e+01 3.86378e+04 9.28629e+03
1.09589e+01 3.87126e+04 9.34336e+03
1.11116e+01 3.87881e+04 9.40140e+03
1.12663e+01 3.88643e+04 9.46041e+03
1.14232e+01 3.89413e+04 9.52040e+03
1.15822e+01 3.90191e+04 9.58136e+03
1.17435e+01 3.90976e+04 9.64329e+03
1.19071e+01 3.91768e+04 9.70620e+03
1.20729e+01 3.92568e+04 9.77007e+03
1.22410e+01 3.93376e+04 9.83492e+03
1.24115e+01 3.94191e+04 9.90073e+03
1.25843e+01 3.95013e+04 9.96751e+03
1.27595e+01 3.95843e+04 1.00352e+04
1.29372e+01 3.96681e+04 1.01039e+04
1.31174e+01 3.97526e+04 1.01736e+04
1.33000e+01 3.98378e+04 1.02442e+04
1.34852e+01 3.99238e+04 1.03158e+04
1.36730e+01 4.00105e+04 1.03882e+04
1.38634e+01 4.00980e+04 1.04617e+04
1.40565e+01 4.01863e+04 1.05360e+04
1.42522e+01 4.02752e+04 1.06113e+04
1.44507e+01 4.03650e+04 1.06874e+04
1.46519e+01 4.04555e+04 1.07645e+04
1.48560e+01 4.05467e+04 1.08424e+04
1.50628e+01 4.06387e+04 1.09212e+04
1.52726e+01 4.07315e+04 1.10008e+04
1.54853e+01 4.08250e+04 1.10813e+04
1.57009e+01 4.09193e+04 1.11626e+04
1.59196e+01 4.10143e+04 1.12447e+04
1.61412e+01 4.11101e+04 1.13275e+04
1.63660e+01 4.12067e+04 1.14111e+04
1.65939e+01 4.13040e+04 1.14953e+04
1.68250e+01 4.14022e+04 1.15803e+04
1.70593e+01 4.15011e+04 1.16659e+04
1.72968e+01 4.16007e+04 1.17521e+04
1.75377e+01 4.17012e+04 1.18388e+04
1.77819e+01 4.18024e+04 1.19261e+04
1.80296e+01 4.19044e+04 1.20139e+04
1.82806e+01 4.20073e+04 1.21020e+04
1.85352e+01 4.21109e+04 1.21905e+04
1.87933e+01 4.22154e+04 1.22793e+04
1.90550e+01 4.23206e+04 1.23683e+04
1.93203e+01 4.24267e+04 1.24575e+04
1.95894e+01 4.25336e+04 1.25467e+04
1.98622e+01 4.26413e+04 1.26360e+04
2.01388e+01 4.27499e+04 1.27252e+04
2.04192e+01 4.28594e+04 1.28150e+04
2.07036e+01 4.29698e+04 1.29055e+04
2.09919e+01 4.30811e+04 1.29967e+04
2.12842e+01 4.31933e+04 1.30886e+04
2.15806e+01 4.33065e+04 1.31812e+04
2.18811e+01 4.34207e+04 1.32745e+04
2.21858e+01 4.35357e+04 1.33685e+04
2.24947e+01 4.36518e+04 1.34632e+04
2.28080e+01 4.37689e+04 1.35587e+04
2.31256e+01 4.38870e+04 1.36548e+04
2.34476e+01 4.40061e+04 1.37517e+04
2.37742e+01 4.41262e+04 1.38493e+04
2.41052e+01 4.42474e+04 1.39476e+04
2.44409e+01 4.43697e+04 1.40466e+04
2.47812e+01 4.44931e+04 1.41464e+04
2.51263e+01 4.46176e+04 1.42469e+04
2.54762e+01 4.47432e+04 1.43482e+04
2.58310e+01 4.48700e+04 1.44501e+04
2.61907e+01 4.49980e+04 1.45529e+04
2.65554e+01 4.51271e+04 1.46563e+04
2.69252e+01 4.52575e+04 1.47605e+04
2.73002e+01 4.53891e+04 1.48655e+04
2.76803e+01 4.55220e+04 1.49712e+04
2.80658e+01 4.56561e+04 1.50776e+04
2.84566e+01 4.57916e+04 1.51848e+04
2.88529e+01 4.59284e+04 1.52928e+04
2.92547e+01 4.60665e+04 1.54015e+04
2.96621e+01 4.62060e+04 1.55110e+04
3.00751e+01 4.63469e+04 1.56212e+04
3.04939e+01 4.64892e+04 1.57322e+04
3.09186e+01 4.66330e+04 1.58440e+04
3.13491e+01 4.67782e+04 1.59565e+04
3.17857e+01 4.69249e+04 1.60697e+04
3.22283e+01 4.70731e+04 1.61838e+04
3.26771e+01 4.72228e+04 1.62985e+04
3.31321e+01 4.73741e+04 1.64141e+04
3.35935e+01 4.75269e+04 1.65303e+04
3.40613e+01 4.76812e+04 1.66474e+04
3.45356e+01 4.78372e+04 1.67651e+04
3.50165e+01 4.79947e+04 1.68836e+04
3.55042e+01 4.81539e+04 1.70029e+04
3.59986e+01 4.83146e+04 1.71228e+04
3.64999e+01 4.84770e+04 1.72435e+04
3.70081e+01 4.86410e+04 1.73649e+04
3.75235e+01 4.88066e+04 1.74870e+04
3.80460e+01 4.89737e+04 1.76098e+04
3.85758e+01 4.91425e+04 1.77333e+04
3.91130e+01 4.93128e+04 1.78575e+04
3.96577e+01 4.94847e+04 1.79824e+04
4.02099e+01 4.96582e+04 1.81079e+04
4.07699e+01 4.98331e+04 1.82340e+04
4.13376e+01 5.00095e+04 1.83608e+04
4.19132e+01 5.01874e+04 1.84882e+04
4.24969e+01 5.03666e+04 1.86162e+04
4.30887e+01 5.05472e+04 1.87448e+04
4.36887e+01 5.07291e+04 1.88739e+04
4.42971e+01 5.09123e+04 1.90036e+04
4.49140e+01 5.10966e+04 1.91338e+04
4.55394e+01 5.12820e+04 1.92645e+04
4.61736e+01 5.14684e+04 1.93956e+04
4.68165e+01 5.16558e+04 1.95273e+04
4.74685e+01 5.18441e+04 1.96593e+04
4.81295e+01 5.20332e+04 1.97917e+04
4.87997e+01 5.22230e+04 1.99245e+04
4.94793e+01 5.24134e+04 2.00577e+04
5.01683e+01 5.26043e+04 2.01911e+04
5.08669e+01 5.27965e+04 2.03253e+04
5.15753e+01 5.29900e+04 2.04605e+04
5.22935e+01 5.31848e+04 2.05965e+04
5.30217e+01 5.33808e+04 2.07336e+04
5.37600e+01 5.35781e+04 2.08715e+04
5.45087e+01 5.37766e+04 2.10104e+04
5.52677e+01 5.39762e+04 2.11503e+04
5.60373e+01 5.41768e+04 2.12911e+04
5.68177e+01 5.43786e+04 2.14328e+04
5.76089e+01 5.45814e+04 2.15755e+04
5.84111e+01 5.47853e+04 2.17192e+04
5.92245e+01 5.49901e+04 2.18638e+04
6.00492e+01 5.51961e+04 2.20093e+04
6.08854e+01 5.54030e+04 2.21558e+04
6.17333e+01 5.56111e+04 2.23032e+04
6.25930e+01 5.58202e+04 2.24516e+04
6.34646e+01 5.60305e+04 2.26009e+04
6.43484e+01 5.62419e+04 2.27511e+04
6.52444e+01 5.64545e+04 2.29023e+04
6.61530e+01 5.66683e+04 2.30544e+04
6.70742e+01 5.68835e+04 2.32074e+04
6.80082e+01 5.71000e+04 2.33613e+04
6.89553e+01 5.73179e+04 2.35161e+04
6.99155e+01 5.75372e+04 2.36718e+04
7.08891e+01 5.77581e+04 2.38284e+04
7.18763e+01 5.79805e+04 2.39859e+04
7.28772e+01 5.82045e+04 2.41442e+04
7.38920e+01 5.84302e+04 2.43034e+04
7.49210e+01 5.86575e+04 2.44634e+04
7.59643e+01 5.88867e+04 2.46242e+04
7.70221e+01 5.91176e+04 2.47859e+04
7.80947e+01 5.93503e+04 2.49484e+04
7.91822e+01 5.95849e+04 2.51116e+04
8.02848e+01 5.98213e+04 2.52756e+04
8.14028e+01 6.00596e+04 2.54404e+04
8.25364e+01 6.02998e+04 2.56059e+04
8.36858e+01 6.05419e+04 2.57722e+04
8.48511e+01 6.07858e+04 2.59391e+04
8.60327e+01 6.10316e+04 2.61067e+04
8.72308e+01 6.12792e+04 2.62750e+04
8.84455e+01 6.15286e+04 2.64440e+04
8.96771e+01 6.17798e+04 2.66136e+04
9.09259e+01 6.20326e+04 2.67838e+04
9.21921e+01 6.22870e+04 2.69546e+04
9.34759e+01 6.25430e+04 2.71260e+04
9.47776e+01 6.28005e+04 2.72980e+04
9.60974e+01 6.30593e+04 2.74705e+04
9.74356e+01 6.33195e+04 2.76435e+04
9.87924e+01 6.35808e+04 2.78171e+04
1.00168e+02 6.38431e+04 2.79911e+04
1.01563e+02 6.41083e+04 2.81663e+04
1.02977e+02 6.43775e+04 2.83430e+04
1.04411e+02 6.46508e+04 2.85211e+04
1.05865e+02 6.49283e+04 2.87008e+04
1.07340e+02 6.52100e+04 2.88821e+04
1.08834e+02 6.54960e+04 2.90650e+04
1.10350e+02 6.57863e+04 2.92494e+04
1.11887e+02 6.60811e+04 2.94355e+04
1.13445e+02 6.63803e+04 2.96232e+04
1.15024e+02 6.66840e+04 2.98127e+04
1.16626e+02 6.69922e+04 3.00038e+04
1.18250e+02 6.73050e+04 3.01966e+04
1.19897e+02 6.76223e+04 3.03912e+04
1.21566e+02 6.79443e+04 3.05876e+04
1.23259e+02 6.82709e+04 3.07857e+04
1.24976e+02 6.86022e+04 3.09857e+04
1.26716e+02 6.89381e+04 3.11859e+04
1.28481e+02 6.92787e+04 3.13866e+04
1.30270e+02 6.96239e+04 3.15882e+04
1.32084e+02 6.99739e+04 3.17908e+04
1.33923e+02 7.03285e+04 3.19949e+04
1.35788e+02 7.06879e+04 3.22005e+04
1.37679e+02 7.10519e+04 3.24080e+04
1.39596e+02 7.14206e+04 3.26176e+04
1.41540e+02 7.17940e+04 3.28294e+04
1.43511e+02 7.21721e+04 3.30437e+04
1.45510e+02 7.25548e+04 3.32606e+04
1.47536e+02 7.29421e+04 3.34803e+04
1.49590e+02 7.33326e+04 3.37030e+04
1.51674e+02 7.37227e+04 3.39287e+04
1.53786e+02 7.41140e+04 3.41577e+04
1.55927e+02 7.45073e+04 3.43901e+04
1.58099e+02 7.49035e+04 3.46259e+04
1.60300e+02 7.53031e+04 3.48654e+04
1.62532e+02 7.57069e+04 3.51085e+04
1.64796e+02 7.61154e+04 3.53554e+04
1.67091e+02 7.65291e+04 3.56063e+04
1.69417e+02 7.69484e+04 3.58611e+04
1.71777e+02 7.73739e+04 3.61201e+04
1.74169e+02 7.78059e+04 3.63832e+04
1.76594e+02 7.82448e+04 3.66505e+04
1.79053e+02 7.86909e+04 3.69221e+04
1.81547e+02 7.91446e+04 3.71981e+04
1.84075e+02 7.96063e+04 3.74786e+04
1.86638e+02 8.00763e+04 3.77636e+04
1.89237e+02 8.05549e+04 3.80531e+04
1.91872e+02 8.10425e+04 3.83473e+04
1.94544e+02 8.15395e+04 3.86461e+04
1.97253e+02 8.20462e+04 3.89497e+04
2.00000e+02 8.25630e+04 3.92580e+04
2.02785e+02 8.30911e+04 3.95712e+04
2.05609e+02 8.36314e+04 3.98891e+04
2.08472e+02 8.41838e+04 4.02117e+04
2.11375e+02 8.47484e+04 4.05392e+04
2.14319e+02 8.53252e+04 4.08714e+04
2.17303e+02 8.59142e+04 4.12085e+04
2.20329e+02 8.65153e+04 4.15504e+04
2.23397e+02 8.71286e+04 4.18971e+04
2.26508e+02 8.77540e+04 4.22487e+04
2.29662e+02 8.83916e+04 4.26052e+04
2.32861e+02 8.90412e+04 4.29667e+04
2.36103e+02 8.97029e+04 4.33330e+04
2.39391e+02 9.03766e+04 4.37043e+04
2.42725e+02 9.10624e+04 4.40806e+04
2.46105e+02 9.17603e+04 4.44619e+04
2.49532e+02 9.24702e+04 4.48483e+04
2.53007e+02 9.31921e+04 4.52397e+04
2.56530e+02 9.39262e+04 4.56363e+04
2.60102e+02 9.46723e+04 4.60380e+04
2.63724e+02 9.54305e+04 4.64450e+04
2.67397e+02 9.62008e+04 4.68572e+04
2.71120e+02 9.69834e+04 4.72747e+04
2.74896e+02 9.77782e+04 4.76976e+04
2.78724e+02 9.85853e+04 4.81259e+04
2.82605e+02 9.94048e+04 4.85597e+04
2.86541e+02 1.00237e+05 4.89990e+04
2.90531e+02 1.01081e+05 4.94438e+04
2.94577e+02 1.01938e+05 4.98944e+04
2.98679e+02 1.02808e+05 5.03507e+04
3.02838e+02 1.03691e+05 5.08127e+04
3.07055e+02 1.04587e+05 5.12807e+04
3.11331e+02 1.05496e+05 5.17546e+04
3.15666e+02 1.06418e+05 5.22346e+04
3.20062e+02 1.07353e+05 5.27208e+04
3.24519e+02 1.08302e+05 5.32131e+04
3.29038e+02 1.09265e+05 5.37118e+04
3.33620e+02 1.10242e+05 5.42169e+04
3.38266e+02 1.11233e+05 5.47286e+04
3.42976e+02 1.12238e+05 5.52469e+04
3.47752e+02 1.13258e+05 5.57720e+04
3.52595e+02 1.14292e+05 5.63039e+04
3.57505e+02 1.15342e+05 5.68429e+04
3.62484e+02 1.16407e+05 5.73890e+04
3.67531e+02 1.17487e+05 5.79424e+04
3.72649e+02 1.18583e+05 5.85032e+04
3.77839e+02 1.19695e+05 5.90716e+04
3.83100e+02 1.20824e+05 5.96477e+04
3.88435e+02 1.21969e+05 6.02318e+04
3.93844e+02 1.23131e+05 6.08238e+04
3.99328e+02 1.24310e+05 6.14242e+04
4.04889e+02 1.25507e+05 6.20329e+04
4.10528e+02 1.26722e+05 6.26503e+04
4.16244e+02 1.27955e+05 6.32765e+04
4.22041e+02 1.29208e+05 6.39118e+04
4.27918e+02 1.30479e+05 6.45563e+04
4.33877e+02 1.31770e+05 6.52104e+04
4.39919e+02 1.33080e+05 6.58741e+04
4.46045e+02 1.34412e+05 6.65479e+04
4.52256e+02 1.35764e+05 6.72320e+04
4.58554e+02 1.37138e+05 6.79266e+04
4.64939e+02 1.38533e+05 6.86321e+04
4.71414e+02 1.39951e+05 6.93488e+04
4.77979e+02 1.41392e+05 7.00769e+04
4.84635e+02 1.42856e+05 7.08169e+04
4.91383e+02 1.44345e+05 7.15691e+04
4.98226e+02 1.45858e+05 7.23339e+04
5.05164e+02 1.47397e+05 7.31111e+04
5.12199e+02 1.48958e+05 7.38992e+04
5.19331e+02 1.50543e+05 7.46985e+04
5.26563e+02 1.52153e+05 7.55091e+04
5.33896e+02 1.53787e+05 7.63312e+04
5.41330e+02 1.55445e+05 7.71650e+04
5.48869e+02 1.57130e+05 7.80106e+04
5.56512e+02 1.58840e+05 7.88683e+04
5.64262e+02 1.60576e+05 7.97383e+04
5.72119e+02 1.62339e+05 8.06208e+04
5.80086e+02 1.64129e+05 8.15161e+04
5.88164e+02 1.65947e+05 8.24243e+04
5.96354e+02 1.67792e+05 8.33456e+04
6.04659e+02 1.69667e+05 8.42804e+04
6.13079e+02 1.71570e+05 8.52288e+04
6.21616e+02 1.73503e+05 8.61912e+04
6.30273e+02 1.75466e+05 8.71677e+04
6.39050e+02 1.77459e+05 8.81587e+04
6.47949e+02 1.79484e+05 8.91644e+04
6.56971e+02 1.81540e+05 9.01851e+04
6.66120e+02 1.83629e+05 9.12211e+04
6.75396e+02 1.85750e+05 9.22727e+04
6.84801e+02 1.87904e+05 9.33403e+04
6.94337e+02 1.90093e+05 9.44240e+04
7.04006e+02 1.92316e+05 9.55244e+04
7.13810e+02 1.94574e+05 9.66417e+04
7.23750e+02 1.96868e+05 9.77763e+04
7.33828e+02 1.99198e+05 9.89286e+04
7.44047e+02 2.01566e+05 1.00099e+05
7.54408e+02 2.03971e+05 1.01288e+05
7.64914e+02 2.06415e+05 1.02496e+05
7.75566e+02 2.08897e+05 1.03723e+05
7.86366e+02 2.11420e+05 1.04969e+05
7.97316e+02 2.13983e+05 1.06237e+05
8.08419e+02 2.16587e+05 1.07525e+05
8.19677e+02 2.19234e+05 1.08834e+05
8.31091e+02 2.21923e+05 1.10165e+05
8.42664e+02 2.24656e+05 1.11518e+05
8.54399e+02 2.27434e+05 1.12895e+05
8.66297e+02 2.30257e+05 1.14295e+05
8.78360e+02 2.33126e+05 1.15720e+05
8.90592e+02 2.36042e+05 1.17169e+05
9.02994e+02 2.39007e+05 1.18645e+05
9.15568e+02 2.42020e+05 1.20146e+05
9.28318e+02 2.45084e+05 1.21675e+05
9.41245e+02 2.48198e+05 1.23233e+05
9.54352e+02 2.51364e+05 1.24819e+05
9.67642e+02 2.54583e+05 1.26435e+05
9.81117e+02 2.57857e+05 1.28082e+05
9.94779e+02 2.61185e+05 1.29762e+05
1.00863e+03 2.64570e+05 1.31473e+05
1.02268e+03 2.68009e+05 1.33212e+05
1.03692e+03 2.71504e+05 1.34980e+05
1.05136e+03 2.75056e+05 1.36777e+05
1.06600e+03 2.78665e+05 1.38603e+05
1.08084e+03 2.82332e+05 1.40458e+05
1.09589e+03 2.86059e+05 1.42344e+05
1.11116e+03 2.89846e+05 1.44261e+05
1.12663e+03 2.93695e+05 1.46210e+05
1.14232e+03 2.97606e+05 1.48190e+05
1.15822e+03 3.01580e+05 1.50202e+05
1.17435e+03 3.05619e+05 1.52248e+05
1.19071e+03 3.09724e+05 1.54327e+05
1.20729e+03 3.13895e+05 1.56440e+05
1.22410e+03 3.18134e+05 1.58587e+05
1.24115e+03 3.22443e+05 1.60770e+05
1.25843e+03 3.26821e+05 1.62989e+05
1.27595e+03 3.31271e+05 1.65245e+05
1.29372e+03 3.35793e+05 1.67537e+05
1.31174e+03 3.40389e+05 1.69867e+05
1.33000e+03 3.45059e+05 1.72236e+05
1.34852e+03 3.49806e+05 1.74644e+05
1.36730e+03 3.54631e+05 1.77091e+05
1.38634e+03 3.59534e+05 1.79579e+05
1.40565e+03 3.64518e+05 1.82108e+05
1.42522e+03 3.69583e+05 1.84678e+05
1.44507e+03 3.74730e+05 1.87291e+05
1.46519e+03 3.79962e+05 1.89948e+05
1.48560e+03 3.85280e+05 1.92648e+05
1.50628e+03 3.90685e+05 1.95393e+05
1.52726e+03 3.96179e+05 1.98183e+05
1.54853e+03 4.01762e+05 2.01020e+05
1.57009e+03 4.07437e+05 2.03904e+05
1.59196e+03 4.13206e+05 2.06836e+05
1.61412e+03 4.19069e+05 2.09816e+05
1.63660e+03 4.25028e+05 2.12846e+05
1.65939e+03 4.31086e+05 2.15926e+05
1.68250e+03 4.37243e+05 2.19057e+05
1.70593e+03 4.43502e+05 2.22241e+05
1.72968e+03 4.49863e+05 2.25477e+05
1.75377e+03 4.56330e+05 2.28767e+05
1.77819e+03 4.62903e+05 2.32113e+05
1.80296e+03 4.69585e+05 2.35514e+05
1.82806e+03 4.76377e+05 2.38971e+05
1.85352e+03 4.83281e+05 2.42487e+05
1.87933e+03 4.90299e+05 2.46061e+05
1.90550e+03 4.97433e+05 2.49695e+05
1.93203e+03 5.04685e+05 2.53390e+05
1.95894e+03 5.12058e+05 2.57146e+05
1.98622e+03 5.19552e+05 2.60966e+05
2.01388e+03 5.27171e+05 2.64849e+05
2.04192e+03 5.34916e+05 2.68798e+05
2.07036e+03 5.42789e+05 2.72812e+05
2.09919e+03 5.50794e+05 2.76894e+05
2.12842e+03 5.58931e+05 2.81045e+05
2.15806e+03 5.67203e+05 2.85265e+05
2.18811e+03 5.75613e+05 2.89556e+05
2.21858e+03 5.84163e+05 2.93920e+05
2.24947e+03 5.92855e+05 2.98357e+05
2.28080e+03 6.01692e+05 3.02868e+05
2.31256e+03 6.10677e+05 3.07455e+05
2.34476e+03 6.19811e+05 3.12120e+05
2.37742e+03 6.29097e+05 3.16863e+05
2.41052e+03 6.38539e+05 3.21687e+05
2.44409e+03 6.48139e+05 3.26592e+05
2.47812e+03 6.57898e+05 3.31579e+05
2.51263e+03 6.67822e+05 3.36651e+05
2.54762e+03 6.77911e+05 3.41809e+05
2.58310e+03 6.88169e+05 3.47054e+05
2.61907e+03 6.98599e+05 3.52387e+05
2.65554e+03 7.09204e+05 3.57811e+05
2.69252e+03 7.19987e+05 3.63327e+05
2.73002e+03 7.30951e+05 3.68937e+05
2.76803e+03 7.42099e+05 3.74641e+05
2.80658e+03 7.53434e+05 3.80443e+05
2.84566e+03 7.64961e+05 3.86343e+05
2.88529e+03 7.76681e+05 3.92343e+05
2.92547e+03 7.88598e+05 3.98445e+05
2.96621e+03 8.00716e+05 4.04651e+05
3.00751e+03 8.13038e+05 4.10963e+05
3.04939e+03 8.25569e+05 4.17382e+05
3.09186e+03 8.38310e+05 4.23911e+05
3.13491e+03 8.51267e+05 4.30551e+05
3.17857e+03 8.64443e+05 4.37304e+05
3.22283e+03 8.77842e+05 4.44173e+05
3.26771e+03 8.91467e+05 4.51159e+05
3.31321e+03 9.05323e+05 4.58264e+05
3.35935e+03 9.19414e+05 4.65491e+05
3.40613e+03 9.33743e+05 4.72841e+05
3.45356e+03 9.48316e+05 4.80317e+05
3.50165e+03 9.63135e+05 4.87922e+05
3.55042e+03 9.78207e+05 4.95656e+05
3.59986e+03 9.93534e+05 5.03524e+05
3.64999e+03 1.00912e+06 5.11526e+05
3.70081e+03 1.02498e+06 5.19666e+05
3.75235e+03 1.04110e+06 5.27945e+05
3.80460e+03 1.05750e+06 5.36367e+05
3.85758e+03 1.07417e+06 5.44934e+05
3.91130e+03 1.09113e+06 5.53648e+05
3.96577e+03 1.10839e+06 5.62513e+05
4.02099e+03 1.12593e+06 5.71530e+05
4.07699e+03 1.14378e+06 5.80702e+05
4.13376e+03 1.16192e+06 5.90033e+05
4.19132e+03 1.18039e+06 5.99525e+05
4.24969e+03 1.19916e+06 6.09181e+05
4.30887e+03 1.21826e+06 6.19003e+05
4.36887e+03 1.23768e+06 6.28996e+05
4.42971e+03 1.25744e+06 6.39161e+05
4.49140e+03 1.27754e+06 6.49503e+05
4.55394e+03 1.29798e+06 6.60024e+05
4.61736e+03 1.31877e+06 6.70727e+05
4.68165e+03 1.33992e+06 6.81615e+05
4.74685e+03 1.36144e+06 6.92693e+05
4.81295e+03 1.38332e+06 7.03963e+05
4.87997e+03 1.40558e+06 7.15429e+05
4.94793e+03 1.42822e+06 7.27094e+05
5.01683e+03 1.45126e+06 7.38962e+05
5.08669e+03 1.47469e+06 7.51037e+05
5.15753e+03 1.49852e+06 7.63322e+05
5.22935e+03 1.52277e+06 7.75821e+05
5.30217e+03 1.54743e+06 7.88538e+05
5.37600e+03 1.57253e+06 8.01477e+05
5.45087e+03 1.59805e+06 8.14642e+05
5.52677e+03 1.62402e+06 8.28037e+05
5.60373e+03 1.65044e+06 8.41667e+05
5.68177e+03 1.67731e+06 8.55534e+05
5.76089e+03 1.70465e+06 8.69645e+05
5.84111e+03 1.73246e+06 8.84002e+05
5.92245e+03 1.76076e+06 8.98611e+05
6.00492e+03 1.78955e+06 9.13476e+05
6.08854e+03 1.81884e+06 9.28602e+05
6.17333e+03 1.84863e+06 9.43994e+05
6.25930e+03 1.87895e+06 9.59656e+05
6.34646e+03 1.90979e+06 9.75593e+05
6.43484e+03 1.94117e+06 9.91811e+05
6.52444e+03 1.97310e+06 1.00831e+06
6.61530e+03 2.00558e+06 1.02511e+06
6.70742e+03 2.03863e+06 1.04220e+06
6.80082e+03 2.07226e+06 1.05959e+06
6.89553e+03 2.10647e+06 1.07728e+06
6.99155e+03 2.14128e+06 1.09529e+06
7.08891e+03 2.17670e+06 1.11362e+06
7.18763e+03 2.21273e+06 1.13228e+06
7.28772e+03 2.24940e+06 1.15126e+06
7.38920e+03 2.28671e+06 1.17057e+06
7.49210e+03 2.32468e+06 1.19023e+06
7.59643e+03 2.36331e+06 1.21024e+06
7.70221e+03 2.40261e+06 1.23061e+06
7.80947e+03 2.44261e+06 1.25133e+06
7.91822e+03 2.48330e+06 1.27242e+06
8.02848e+03 2.52472e+06 1.29389e+06
8.14028e+03 2.56686e+06 1.31573e+06
8.25364e+03 2.60974e+06 1.33797e+06
8.36858e+03 2.65337e+06 1.36060e+06
8.48511e+03 2.69777e+06 1.38364e+06
8.60327e+03 2.74296e+06 1.40708e+06
8.72308e+03 2.78893e+06 1.43095e+06
8.84455e+03 2.83572e+06 1.45523e+06
8.96771e+03 2.88334e+06 1.47996e+06
9.09259e+03 2.93179e+06 1.50512e+06
9.21921e+03 2.98110e+06 1.53073e+06
9.34759e+03 3.03128e+06 1.55680e+06
9.47776e+03 3.08235e+06 1.58334e+06
9.60974e+03 3.13432e+06 1.61035e+06
9.74356e+03 3.18721e+06 1.63785e+06
9.87924e+03 3.24103e+06 1.66583e+06
1.00168e+04 3.29581e+06 1.69432e+06
1.01563e+04 3.35156e+06 1.72332e+06
1.02977e+04 3.40830e+06 1.75285e+06
1.04411e+04 3.46604e+06 1.78290e+06
1.05865e+04 3.52480e+06 1.81349e+06
1.07340e+04 3.58461e+06 1.84463e+06
1.08834e+04 3.64548e+06 1.87633e+06
1.10350e+04 3.70743e+06 1.90861e+06
1.11887e+04 3.77048e+06 1.94146e+06
1.13445e+04 3.83466e+06 1.97491e+06
1.15024e+04 3.89997e+06 2.00896e+06
1.16626e+04 3.96645e+06 2.04362e+06
1.18250e+04 4.03411e+06 2.07891e+06
1.19897e+04 4.10297e+06 2.11483e+06
1.21566e+04 4.17307e+06 2.15141e+06
1.23259e+04 4.24441e+06 2.18865e+06
1.24976e+04 4.31702e+06 2.22656e+06
1.26716e+04 4.39094e+06 2.26516e+06
1.28481e+04 4.46617e+06 2.30445e+06
1.30270e+04 4.54274e+06 2.34446e+06
1.32084e+04 4.62068e+06 2.38519e+06
1.33923e+04 4.70002e+06 2.42667e+06
1.35788e+04 4.78077e+06 2.46889e+06
1.37679e+04 4.86297e+06 2.51189e+06
1.39596e+04 4.94665e+06 2.55566e+06
1.41540e+04 5.03182e+06 2.60023e+06
1.43511e+04 5.11851e+06 2.64561e+06
1.45510e+04 5.20676e+06 2.69182e+06
1.47536e+04 5.29660e+06 2.73887e+06
1.49590e+04 5.38804e+06 2.78677e+06
1.51674e+04 5.48113e+06 2.83555e+06
1.53786e+04 5.57588e+06 2.88522e+06
1.55927e+04 5.67234e+06 2.93580e+06
1.58099e+04 5.77054e+06 2.98730e+06
1.60300e+04 5.87049e+06 3.03974e+06
1.62532e+04 5.97225e+06 3.09313e+06
1.64796e+04 6.07584e+06 3.14751e+06
1.67091e+04 6.18129e+06 3.20288e+06
1.69417e+04 6.28864e+06 3.25926e+06
1.71777e+04 6.39793e+06 3.31668e+06
1.74169e+04 6.50918e+06 3.37515e+06
1.76594e+04 6.62245e+06 3.43469e+06
1.79053e+04 6.73775e+06 3.49532e+06
1.81547e+04 6.85514e+06 3.55707e+06
1.84075e+04 6.97464e+06 3.61995e+06
1.86638e+04 7.09631e+06 3.68398e+06
1.89237e+04 7.22017e+06 3.74920e+06
1.91872e+04 7.34627e+06 3.81561e+06
1.94544e+04 7.47465e+06 3.88324e+06
1.97253e+04 7.60536e+06 3.95212e+06
2.00000e+04 7.73843e+06 4.02227e+06
