T[eV] κe[W/(keVcm)](SMT) κe[W/(keVcm)](modSMT)
2.00000e-02 5.81485e+05 2.69626e+05
2.02785e-02 5.87930e+05 2.72693e+05
2.05609e-02 5.94451e+05 2.75798e+05
2.08472e-02 6.01049e+05 2.78940e+05
2.11375e-02 6.07725e+05 2.82121e+05
2.14319e-02 6.14480e+05 2.85341e+05
2.17303e-02 6.21315e+05 2.88600e+05
2.20329e-02 6.28231e+05 2.91899e+05
2.23397e-02 6.35229e+05 2.95238e+05
2.26508e-02 6.42310e+05 2.98619e+05
2.29662e-02 6.49475e+05 3.02041e+05
2.32861e-02 6.56725e+05 3.05505e+05
2.36103e-02 6.64062e+05 3.09012e+05
2.39391e-02 6.71486e+05 3.12562e+05
2.42725e-02 6.78998e+05 3.16155e+05
2.46105e-02 6.86600e+05 3.19793e+05
2.49532e-02 6.94293e+05 3.23476e+05
2.53007e-02 7.02078e+05 3.27205e+05
2.56530e-02 7.09956e+05 3.30980e+05
2.60102e-02 7.17928e+05 3.34801e+05
2.63724e-02 7.25996e+05 3.38670e+05
2.67397e-02 7.34161e+05 3.42588e+05
2.71120e-02 7.42423e+05 3.46553e+05
2.74896e-02 7.50785e+05 3.50569e+05
2.78724e-02 7.59248e+05 3.54634e+05
2.82605e-02 7.67812e+05 3.58750e+05
2.86541e-02 7.76480e+05 3.62917e+05
2.90531e-02 7.85252e+05 3.67137e+05
2.94577e-02 7.94130e+05 3.71409e+05
2.98679e-02 8.03116e+05 3.75735e+05
3.02838e-02 8.12210e+05 3.80115e+05
3.07055e-02 8.21414e+05 3.84551e+05
3.11331e-02 8.30730e+05 3.89042e+05
3.15666e-02 8.40158e+05 3.93589e+05
3.20062e-02 8.49702e+05 3.98194e+05
3.24519e-02 8.59361e+05 4.02857e+05
3.29038e-02 8.69137e+05 4.07578e+05
3.33620e-02 8.79033e+05 4.12360e+05
3.38266e-02 8.89049e+05 4.17202e+05
3.42976e-02 8.99187e+05 4.22105e+05
3.47752e-02 9.09450e+05 4.27071e+05
3.52595e-02 9.19837e+05 4.32099e+05
3.57505e-02 9.30352e+05 4.37192e+05
3.62484e-02 9.40995e+05 4.42349e+05
3.67531e-02 9.51769e+05 4.47572e+05
3.72649e-02 9.62675e+05 4.52862e+05
3.77839e-02 9.73715e+05 4.58219e+05
3.83100e-02 9.84891e+05 4.63645e+05
3.88435e-02 9.96204e+05 4.69140e+05
3.93844e-02 1.00766e+06 4.74705e+05
3.99328e-02 1.01925e+06 4.80342e+05
4.04889e-02 1.03099e+06 4.86052e+05
4.10528e-02 1.04287e+06 4.91835e+05
4.16244e-02 1.05490e+06 4.97692e+05
4.22041e-02 1.06707e+06 5.03625e+05
4.27918e-02 1.07940e+06 5.09634e+05
4.33877e-02 1.09188e+06 5.15721e+05
4.39919e-02 1.10452e+06 5.21887e+05
4.46045e-02 1.11731e+06 5.28133e+05
4.52256e-02 1.13027e+06 5.34459e+05
4.58554e-02 1.14338e+06 5.40868e+05
4.64939e-02 1.15666e+06 5.47360e+05
4.71414e-02 1.17010e+06 5.53937e+05
4.77979e-02 1.18371e+06 5.60599e+05
4.84635e-02 1.19749e+06 5.67349e+05
4.91383e-02 1.21145e+06 5.74186e+05
4.98226e-02 1.22558e+06 5.81113e+05
5.05164e-02 1.23988e+06 5.88131e+05
5.12199e-02 1.25437e+06 5.95240e+05
5.19331e-02 1.26903e+06 6.02443e+05
5.26563e-02 1.28389e+06 6.09741e+05
5.33896e-02 1.29893e+06 6.17135e+05
5.41330e-02 1.31415e+06 6.24626e+05
5.48869e-02 1.32957e+06 6.32216e+05
5.56512e-02 1.34519e+06 6.39906e+05
5.64262e-02 1.36100e+06 6.47698e+05
5.72119e-02 1.37702e+06 6.55594e+05
5.80086e-02 1.39323e+06 6.63594e+05
5.88164e-02 1.40966e+06 6.71700e+05
5.96354e-02 1.42629e+06 6.79914e+05
6.04659e-02 1.44313e+06 6.88237e+05
6.13079e-02 1.46019e+06 6.96672e+05
6.21616e-02 1.47746e+06 7.05219e+05
6.30273e-02 1.49496e+06 7.13880e+05
6.39050e-02 1.51268e+06 7.22657e+05
6.47949e-02 1.53062e+06 7.31552e+05
6.56971e-02 1.54880e+06 7.40566e+05
6.66120e-02 1.56721e+06 7.49701e+05
6.75396e-02 1.58585e+06 7.58960e+05
6.84801e-02 1.60473e+06 7.68343e+05
6.94337e-02 1.62386e+06 7.77852e+05
7.04006e-02 1.64323e+06 7.87491e+05
7.13810e-02 1.66286e+06 7.97259e+05
7.23750e-02 1.68273e+06 8.07160e+05
7.33828e-02 1.70286e+06 8.17195e+05
7.44047e-02 1.72326e+06 8.27367e+05
7.54408e-02 1.74391e+06 8.37677e+05
7.64914e-02 1.76484e+06 8.48127e+05
7.75566e-02 1.78604e+06 8.58720e+05
7.86366e-02 1.80751e+06 8.69458e+05
7.97316e-02 1.82926e+06 8.80343e+05
8.08419e-02 1.85130e+06 8.91377e+05
8.19677e-02 1.87362e+06 9.02562e+05
8.31091e-02 1.89623e+06 9.13900e+05
8.42664e-02 1.91914e+06 9.25395e+05
8.54399e-02 1.94235e+06 9.37048e+05
8.66297e-02 1.96586e+06 9.48862e+05
8.78360e-02 1.98968e+06 9.60840e+05
8.90592e-02 2.01382e+06 9.72983e+05
9.02994e-02 2.03827e+06 9.85294e+05
9.15568e-02 2.06304e+06 9.97776e+05
9.28318e-02 2.08814e+06 1.01043e+06
9.41245e-02 2.11358e+06 1.02326e+06
9.54352e-02 2.13934e+06 1.03627e+06
9.67642e-02 2.16545e+06 1.04947e+06
9.81117e-02 2.19191e+06 1.06284e+06
9.94779e-02 2.21871e+06 1.07641e+06
1.00863e-01 2.24587e+06 1.09016e+06
1.02268e-01 2.27340e+06 1.10411e+06
1.03692e-01 2.30128e+06 1.11825e+06
1.05136e-01 2.32954e+06 1.13259e+06
1.06600e-01 2.35818e+06 1.14714e+06
1.08084e-01 2.38720e+06 1.16189e+06
1.09589e-01 2.41661e+06 1.17685e+06
1.11116e-01 2.44641e+06 1.19202e+06
1.12663e-01 2.47662e+06 1.20740e+06
1.14232e-01 2.50722e+06 1.22301e+06
1.15822e-01 2.53824e+06 1.23884e+06
1.17435e-01 2.56968e+06 1.25489e+06
1.19071e-01 2.60154e+06 1.27117e+06
1.20729e-01 2.63383e+06 1.28769e+06
1.22410e-01 2.66656e+06 1.30444e+06
1.24115e-01 2.69973e+06 1.32143e+06
1.25843e-01 2.73335e+06 1.33866e+06
1.27595e-01 2.76742e+06 1.35615e+06
1.29372e-01 2.80196e+06 1.37388e+06
1.31174e-01 2.83697e+06 1.39188e+06
1.33000e-01 2.87245e+06 1.41013e+06
1.34852e-01 2.90842e+06 1.42864e+06
1.36730e-01 2.94488e+06 1.44743e+06
1.38634e-01 2.98184e+06 1.46649e+06
1.40565e-01 3.01931e+06 1.48582e+06
1.42522e-01 3.05728e+06 1.50544e+06
1.44507e-01 3.09578e+06 1.52534e+06
1.46519e-01 3.13481e+06 1.54553e+06
1.48560e-01 3.17438e+06 1.56602e+06
1.50628e-01 3.21449e+06 1.58681e+06
1.52726e-01 3.25516e+06 1.60791e+06
1.54853e-01 3.29639e+06 1.62932e+06
1.57009e-01 3.33818e+06 1.65104e+06
1.59196e-01 3.38056e+06 1.67308e+06
1.61412e-01 3.42353e+06 1.69545e+06
1.63660e-01 3.46709e+06 1.71815e+06
1.65939e-01 3.51126e+06 1.74119e+06
1.68250e-01 3.55604e+06 1.76456e+06
1.70593e-01 3.60145e+06 1.78829e+06
1.72968e-01 3.64750e+06 1.81237e+06
1.75377e-01 3.69418e+06 1.83681e+06
1.77819e-01 3.74153e+06 1.86162e+06
1.80296e-01 3.78953e+06 1.88680e+06
1.82806e-01 3.83821e+06 1.91235e+06
1.85352e-01 3.88758e+06 1.93829e+06
1.87933e-01 3.93764e+06 1.96462e+06
1.90550e-01 3.98841e+06 1.99135e+06
1.93203e-01 4.03990e+06 2.01848e+06
1.95894e-01 4.09211e+06 2.04603e+06
1.98622e-01 4.14506e+06 2.07399e+06
2.01388e-01 4.19877e+06 2.10237e+06
2.04192e-01 4.25324e+06 2.13119e+06
2.07036e-01 4.30848e+06 2.16045e+06
2.09919e-01 4.36451e+06 2.19015e+06
2.12842e-01 4.42134e+06 2.22031e+06
2.15806e-01 4.47899e+06 2.25093e+06
2.18811e-01 4.53746e+06 2.28202e+06
2.21858e-01 4.59676e+06 2.31358e+06
2.24947e-01 4.65692e+06 2.34564e+06
2.28080e-01 4.71794e+06 2.37818e+06
2.31256e-01 4.77984e+06 2.41123e+06
2.34476e-01 4.84263e+06 2.44480e+06
2.37742e-01 4.90633e+06 2.47888e+06
2.41052e-01 4.97095e+06 2.51349e+06
2.44409e-01 5.03651e+06 2.54864e+06
2.47812e-01 5.10302e+06 2.58434e+06
2.51263e-01 5.17049e+06 2.62060e+06
2.54762e-01 5.23894e+06 2.65742e+06
2.58310e-01 5.30839e+06 2.69482e+06
2.61907e-01 5.37885e+06 2.73281e+06
2.65554e-01 5.45035e+06 2.77140e+06
2.69252e-01 5.52289e+06 2.81059e+06
2.73002e-01 5.59649e+06 2.85040e+06
2.76803e-01 5.67117e+06 2.89084e+06
2.80658e-01 5.74695e+06 2.93192e+06
2.84566e-01 5.82384e+06 2.97366e+06
2.88529e-01 5.90187e+06 3.01605e+06
2.92547e-01 5.98104e+06 3.05913e+06
2.96621e-01 6.06139e+06 3.10288e+06
3.00751e-01 6.14293e+06 3.14734e+06
3.04939e-01 6.22568e+06 3.19251e+06
3.09186e-01 6.30965e+06 3.23840e+06
3.13491e-01 6.39488e+06 3.28503e+06
3.17857e-01 6.48137e+06 3.33241e+06
3.22283e-01 6.56915e+06 3.38056e+06
3.26771e-01 6.65825e+06 3.42948e+06
3.31321e-01 6.74867e+06 3.47919e+06
3.35935e-01 6.84046e+06 3.52971e+06
3.40613e-01 6.93361e+06 3.58105e+06
3.45356e-01 7.02817e+06 3.63322e+06
3.50165e-01 7.12415e+06 3.68624e+06
3.55042e-01 7.22158e+06 3.74013e+06
3.59986e-01 7.32048e+06 3.79490e+06
3.64999e-01 7.42088e+06 3.85057e+06
3.70081e-01 7.52279e+06 3.90714e+06
3.75235e-01 7.62625e+06 3.96465e+06
3.80460e-01 7.73128e+06 4.02311e+06
3.85758e-01 7.83791e+06 4.08253e+06
3.91130e-01 7.94616e+06 4.14293e+06
3.96577e-01 8.05606e+06 4.20433e+06
4.02099e-01 8.16764e+06 4.26674e+06
4.07699e-01 8.28093e+06 4.33020e+06
4.13376e-01 8.39595e+06 4.39471e+06
4.19132e-01 8.51274e+06 4.46029e+06
4.24969e-01 8.63133e+06 4.52697e+06
4.30887e-01 8.75174e+06 4.59476e+06
4.36887e-01 8.87401e+06 4.66369e+06
4.42971e-01 8.99816e+06 4.73378e+06
4.49140e-01 9.12423e+06 4.80504e+06
4.55394e-01 9.25226e+06 4.87750e+06
4.61736e-01 9.38227e+06 4.95119e+06
4.68165e-01 9.51430e+06 5.02612e+06
4.74685e-01 9.64838e+06 5.10231e+06
4.81295e-01 9.78455e+06 5.17980e+06
4.87997e-01 9.92285e+06 5.25860e+06
4.94793e-01 1.00633e+07 5.33875e+06
5.01683e-01 1.02060e+07 5.42025e+06
5.08669e-01 1.03508e+07 5.50315e+06
5.15753e-01 1.04980e+07 5.58747e+06
5.22935e-01 1.06475e+07 5.67323e+06
5.30217e-01 1.07993e+07 5.76045e+06
5.37600e-01 1.09535e+07 5.84918e+06
5.45087e-01 1.11102e+07 5.93943e+06
5.52677e-01 1.12693e+07 6.03124e+06
5.60373e-01 1.14310e+07 6.12463e+06
5.68177e-01 1.15952e+07 6.21964e+06
5.76089e-01 1.17620e+07 6.31628e+06
5.84111e-01 1.19315e+07 6.41461e+06
5.92245e-01 1.21036e+07 6.51464e+06
6.00492e-01 1.22785e+07 6.61641e+06
6.08854e-01 1.24563e+07 6.71996e+06
6.17333e-01 1.26368e+07 6.82530e+06
6.25930e-01 1.28202e+07 6.93249e+06
6.34646e-01 1.30066e+07 7.04156e+06
6.43484e-01 1.31960e+07 7.15254e+06
6.52444e-01 1.33884e+07 7.26546e+06
6.61530e-01 1.35839e+07 7.38037e+06
6.70742e-01 1.37826e+07 7.49730e+06
6.80082e-01 1.39844e+07 7.61629e+06
6.89553e-01 1.41896e+07 7.73738e+06
6.99155e-01 1.43980e+07 7.86061e+06
7.08891e-01 1.46098e+07 7.98602e+06
7.18763e-01 1.48251e+07 8.11365e+06
7.28772e-01 1.50439e+07 8.24355e+06
7.38920e-01 1.52662e+07 8.37576e+06
7.49210e-01 1.54921e+07 8.51032e+06
7.59643e-01 1.57218e+07 8.64727e+06
7.70221e-01 1.59551e+07 8.78667e+06
7.80947e-01 1.61923e+07 8.92856e+06
7.91822e-01 1.64334e+07 9.07299e+06
8.02848e-01 1.66785e+07 9.22000e+06
8.14028e-01 1.69275e+07 9.36965e+06
8.25364e-01 1.71806e+07 9.52199e+06
8.36858e-01 1.74380e+07 9.67707e+06
8.48511e-01 1.76995e+07 9.83493e+06
8.60327e-01 1.79654e+07 9.99564e+06
8.72308e-01 1.82356e+07 1.01593e+07
8.84455e-01 1.85103e+07 1.03258e+07
8.96771e-01 1.87896e+07 1.04954e+07
9.09259e-01 1.90735e+07 1.06680e+07
9.21921e-01 1.93620e+07 1.08438e+07
9.34759e-01 1.96554e+07 1.10228e+07
9.47776e-01 1.99537e+07 1.12050e+07
9.60974e-01 2.02569e+07 1.13905e+07
9.74356e-01 2.05652e+07 1.15794e+07
9.87924e-01 2.08785e+07 1.17717e+07
1.00168e+00 2.11972e+07 1.19676e+07
1.01563e+00 2.15211e+07 1.21670e+07
1.02977e+00 2.18505e+07 1.23700e+07
1.04411e+00 2.21853e+07 1.25768e+07
1.05865e+00 2.25258e+07 1.27873e+07
1.07340e+00 2.28720e+07 1.30017e+07
1.08834e+00 2.32240e+07 1.32201e+07
1.10350e+00 2.35819e+07 1.34424e+07
1.11887e+00 2.39458e+07 1.36688e+07
1.13445e+00 2.43158e+07 1.38994e+07
1.15024e+00 2.46921e+07 1.41342e+07
1.16626e+00 2.50746e+07 1.43733e+07
1.18250e+00 2.54637e+07 1.46169e+07
1.19897e+00 2.58592e+07 1.48649e+07
1.21566e+00 2.62615e+07 1.51175e+07
1.23259e+00 2.66705e+07 1.53747e+07
1.24976e+00 2.70865e+07 1.56367e+07
1.26716e+00 2.75095e+07 1.59036e+07
1.28481e+00 2.79396e+07 1.61753e+07
1.30270e+00 2.83770e+07 1.64521e+07
1.32084e+00 2.88218e+07 1.67341e+07
1.33923e+00 2.92742e+07 1.70212e+07
1.35788e+00 2.97342e+07 1.73137e+07
1.37679e+00 3.02020e+07 1.76116e+07
1.39596e+00 3.06777e+07 1.79150e+07
1.41540e+00 3.11615e+07 1.82240e+07
1.43511e+00 3.16535e+07 1.85388e+07
1.45510e+00 3.21539e+07 1.88594e+07
1.47536e+00 3.26627e+07 1.91860e+07
1.49590e+00 3.31802e+07 1.95186e+07
1.51674e+00 3.37065e+07 1.98574e+07
1.53786e+00 3.42417e+07 2.02026e+07
1.55927e+00 3.47860e+07 2.05542e+07
1.58099e+00 3.53395e+07 2.09123e+07
1.60300e+00 3.59024e+07 2.12771e+07
1.62532e+00 3.64749e+07 2.16486e+07
1.64796e+00 3.70571e+07 2.20272e+07
1.67091e+00 3.76492e+07 2.24128e+07
1.69417e+00 3.82513e+07 2.28055e+07
1.71777e+00 3.88637e+07 2.32057e+07
1.74169e+00 3.94864e+07 2.36133e+07
1.76594e+00 4.01197e+07 2.40285e+07
1.79053e+00 4.07638e+07 2.44515e+07
1.81547e+00 4.14187e+07 2.48824e+07
1.84075e+00 4.20848e+07 2.53214e+07
1.86638e+00 4.27622e+07 2.57686e+07
1.89237e+00 4.34510e+07 2.62242e+07
1.91872e+00 4.41515e+07 2.66883e+07
1.94544e+00 4.48638e+07 2.71612e+07
1.97253e+00 4.55882e+07 2.76429e+07
2.00000e+00 4.63248e+07 2.81337e+07
2.02785e+00 4.70738e+07 2.86337e+07
2.05609e+00 4.78355e+07 2.91432e+07
2.08472e+00 4.86101e+07 2.96622e+07
2.11375e+00 4.93977e+07 3.01911e+07
2.14319e+00 5.01985e+07 3.07299e+07
2.17303e+00 5.10129e+07 3.12789e+07
2.20329e+00 5.18409e+07 3.18383e+07
2.23397e+00 5.26828e+07 3.24083e+07
2.26508e+00 5.35389e+07 3.29891e+07
2.29662e+00 5.44093e+07 3.35809e+07
2.32861e+00 5.52943e+07 3.41840e+07
2.36103e+00 5.61941e+07 3.47985e+07
2.39391e+00 5.71090e+07 3.54248e+07
2.42725e+00 5.80391e+07 3.60630e+07
2.46105e+00 5.89847e+07 3.67134e+07
2.49532e+00 5.99462e+07 3.73763e+07
2.53007e+00 6.09236e+07 3.80518e+07
2.56530e+00 6.19173e+07 3.87404e+07
2.60102e+00 6.29275e+07 3.94422e+07
2.63724e+00 6.39544e+07 4.01576e+07
2.67397e+00 6.49984e+07 4.08867e+07
2.71120e+00 6.60597e+07 4.16301e+07
2.74896e+00 6.71385e+07 4.23878e+07
2.78724e+00 6.82351e+07 4.31603e+07
2.82605e+00 6.93499e+07 4.39478e+07
2.86541e+00 7.04830e+07 4.47508e+07
2.90531e+00 7.16348e+07 4.55695e+07
2.94577e+00 7.28055e+07 4.64043e+07
2.98679e+00 7.39955e+07 4.72556e+07
3.02838e+00 7.52050e+07 4.81237e+07
3.07055e+00 7.64344e+07 4.90091e+07
3.11331e+00 7.76839e+07 4.99120e+07
3.15666e+00 7.89538e+07 5.08330e+07
3.20062e+00 8.02446e+07 5.17725e+07
3.24519e+00 8.15564e+07 5.27309e+07
3.29038e+00 8.28897e+07 5.37086e+07
3.33620e+00 8.42448e+07 5.47061e+07
3.38266e+00 8.56219e+07 5.57239e+07
3.42976e+00 8.70215e+07 5.67625e+07
3.47752e+00 8.84440e+07 5.78224e+07
3.52595e+00 8.98896e+07 5.89041e+07
3.57505e+00 9.13588e+07 6.00081e+07
3.62484e+00 9.28520e+07 6.11351e+07
3.67531e+00 9.43694e+07 6.22856e+07
3.72649e+00 9.59117e+07 6.34602e+07
3.77839e+00 9.74790e+07 6.46596e+07
3.83100e+00 9.90719e+07 6.58843e+07
3.88435e+00 1.00691e+08 6.71350e+07
3.93844e+00 1.02336e+08 6.84124e+07
3.99328e+00 1.04009e+08 6.97173e+07
4.04889e+00 1.05708e+08 7.10503e+07
4.10528e+00 1.07436e+08 7.24121e+07
4.16244e+00 1.09192e+08 7.38037e+07
4.22041e+00 1.10976e+08 7.52257e+07
4.27918e+00 1.12791e+08 7.66790e+07
4.33877e+00 1.14635e+08 7.81645e+07
4.39919e+00 1.16509e+08 7.96830e+07
4.46045e+00 1.18415e+08 8.12355e+07
4.52256e+00 1.20352e+08 8.28228e+07
4.58554e+00 1.22322e+08 8.44460e+07
4.64939e+00 1.24325e+08 8.61061e+07
4.71414e+00 1.26361e+08 8.78042e+07
4.77979e+00 1.28432e+08 8.95412e+07
4.84635e+00 1.30537e+08 9.13183e+07
4.91383e+00 1.32679e+08 9.31366e+07
4.98226e+00 1.34857e+08 9.49974e+07
5.05164e+00 1.37072e+08 9.69017e+07
5.12199e+00 1.39325e+08 9.88510e+07
5.19331e+00 1.41618e+08 1.00846e+08
5.26563e+00 1.43950e+08 1.02889e+08
5.33896e+00 1.46323e+08 1.04981e+08
5.41330e+00 1.48738e+08 1.07123e+08
5.48869e+00 1.51196e+08 1.09317e+08
5.56512e+00 1.53697e+08 1.11565e+08
5.64262e+00 1.56243e+08 1.13867e+08
5.72119e+00 1.58836e+08 1.16225e+08
5.80086e+00 1.61475e+08 1.18642e+08
5.88164e+00 1.64163e+08 1.21118e+08
5.96354e+00 1.66900e+08 1.23656e+08
6.04659e+00 1.69688e+08 1.26257e+08
6.13079e+00 1.72528e+08 1.28923e+08
6.21616e+00 1.75421e+08 1.31656e+08
6.30273e+00 1.78370e+08 1.34458e+08
6.39050e+00 1.81375e+08 1.37332e+08
6.47949e+00 1.84438e+08 1.40278e+08
6.56971e+00 1.87560e+08 1.43300e+08
6.66120e+00 1.90744e+08 1.46399e+08
6.75396e+00 1.93990e+08 1.49577e+08
6.84801e+00 1.97301e+08 1.52837e+08
6.94337e+00 2.00679e+08 1.56182e+08
7.04006e+00 2.04125e+08 1.59613e+08
7.13810e+00 2.07641e+08 1.63134e+08
7.23750e+00 2.11229e+08 1.66746e+08
7.33828e+00 2.14892e+08 1.70452e+08
7.44047e+00 2.18630e+08 1.74255e+08
7.54408e+00 2.22448e+08 1.78158e+08
7.64914e+00 2.26346e+08 1.82163e+08
7.75566e+00 2.30327e+08 1.86274e+08
7.86366e+00 2.34394e+08 1.90492e+08
7.97316e+00 2.38549e+08 1.94822e+08
8.08419e+00 2.42794e+08 1.99266e+08
8.19677e+00 2.47132e+08 2.03828e+08
8.31091e+00 2.51565e+08 2.08510e+08
8.42664e+00 2.56096e+08 2.13316e+08
8.54399e+00 2.60728e+08 2.18249e+08
8.66297e+00 2.65464e+08 2.23312e+08
8.78360e+00 2.70306e+08 2.28510e+08
8.90592e+00 2.75258e+08 2.33845e+08
9.02994e+00 2.80321e+08 2.39321e+08
9.15568e+00 2.85500e+08 2.44942e+08
9.28318e+00 2.90796e+08 2.50712e+08
9.41245e+00 2.96214e+08 2.56634e+08
9.54352e+00 3.01755e+08 2.62712e+08
9.67642e+00 3.07424e+08 2.68951e+08
9.81117e+00 3.13222e+08 2.75354e+08
9.94779e+00 3.19154e+08 2.81926e+08
1.00863e+01 3.25223e+08 2.88670e+08
1.02268e+01 3.31430e+08 2.95592e+08
1.03692e+01 3.37780e+08 3.02695e+08
1.05136e+01 3.44275e+08 3.09983e+08
1.06600e+01 3.50919e+08 3.17463e+08
1.08084e+01 3.57715e+08 3.25137e+08
1.09589e+01 3.64665e+08 3.33011e+08
1.11116e+01 3.71772e+08 3.41090e+08
1.12663e+01 3.79040e+08 3.49378e+08
1.14232e+01 3.86471e+08 3.57882e+08
1.15822e+01 3.94068e+08 3.66604e+08
1.17435e+01 4.01833e+08 3.75552e+08
1.19071e+01 4.09771e+08 3.84731e+08
1.20729e+01 4.17882e+08 3.94145e+08
1.22410e+01 4.26170e+08 4.03801e+08
1.24115e+01 4.34637e+08 4.13703e+08
1.25843e+01 4.43285e+08 4.23859e+08
1.27595e+01 4.52118e+08 4.34274e+08
1.29372e+01 4.61137e+08 4.44954e+08
1.31174e+01 4.70344e+08 4.55906e+08
1.33000e+01 4.79743e+08 4.67135e+08
1.34852e+01 4.89334e+08 4.78649e+08
1.36730e+01 4.99121e+08 4.90454e+08
1.38634e+01 5.09104e+08 5.02557e+08
1.40565e+01 5.19288e+08 5.14966e+08
1.42522e+01 5.29673e+08 5.27687e+08
1.44507e+01 5.40262e+08 5.40728e+08
1.46519e+01 5.51058e+08 5.54096e+08
1.48560e+01 5.62061e+08 5.67801e+08
1.50628e+01 5.73276e+08 5.81849e+08
1.52726e+01 5.84704e+08 5.96249e+08
1.54853e+01 5.96348e+08 6.11009e+08
1.57009e+01 6.08210e+08 6.26140e+08
1.59196e+01 6.20294e+08 6.41648e+08
1.61412e+01 6.32602e+08 6.57545e+08
1.63660e+01 6.45138e+08 6.73839e+08
1.65939e+01 6.57905e+08 6.90540e+08
1.68250e+01 6.70906e+08 7.07658e+08
1.70593e+01 6.84146e+08 7.25204e+08
1.72968e+01 6.97628e+08 7.43189e+08
1.75377e+01 7.11357e+08 7.61624e+08
1.77819e+01 7.25337e+08 7.80519e+08
1.80296e+01 7.39573e+08 7.99886e+08
1.82806e+01 7.54070e+08 8.19739e+08
1.85352e+01 7.68832e+08 8.40088e+08
1.87933e+01 7.83867e+08 8.60947e+08
1.90550e+01 7.99179e+08 8.82328e+08
1.93203e+01 8.14775e+08 9.04245e+08
1.95894e+01 8.30660e+08 9.26713e+08
1.98622e+01 8.46842e+08 9.49744e+08
2.01388e+01 8.63328e+08 9.73354e+08
2.04192e+01 8.80124e+08 9.97557e+08
2.07036e+01 8.97238e+08 1.02237e+09
2.09919e+01 9.14678e+08 1.04781e+09
2.12842e+01 9.32451e+08 1.07389e+09
2.15806e+01 9.50566e+08 1.10062e+09
2.18811e+01 9.69031e+08 1.12803e+09
2.21858e+01 9.87856e+08 1.15614e+09
2.24947e+01 1.00705e+09 1.18495e+09
2.28080e+01 1.02662e+09 1.21450e+09
2.31256e+01 1.04657e+09 1.24479e+09
2.34476e+01 1.06692e+09 1.27585e+09
2.37742e+01 1.08768e+09 1.30770e+09
2.41052e+01 1.10885e+09 1.34036e+09
2.44409e+01 1.13045e+09 1.37386e+09
2.47812e+01 1.15249e+09 1.40820e+09
2.51263e+01 1.17498e+09 1.44342e+09
2.54762e+01 1.19792e+09 1.47953e+09
2.58310e+01 1.22134e+09 1.51657e+09
2.61907e+01 1.24523e+09 1.55455e+09
2.65554e+01 1.26962e+09 1.59351e+09
2.69252e+01 1.29452e+09 1.63346e+09
2.73002e+01 1.31994e+09 1.67443e+09
2.76803e+01 1.34589e+09 1.71646e+09
2.80658e+01 1.37238e+09 1.75956e+09
2.84566e+01 1.39943e+09 1.80377e+09
2.88529e+01 1.42705e+09 1.84911e+09
2.92547e+01 1.45526e+09 1.89562e+09
2.96621e+01 1.48407e+09 1.94332e+09
3.00751e+01 1.51349e+09 1.99226e+09
3.04939e+01 1.54379e+09 2.04245e+09
3.09186e+01 1.57485e+09 2.09394e+09
3.13491e+01 1.60666e+09 2.14675e+09
3.17857e+01 1.63919e+09 2.20092e+09
3.22283e+01 1.67243e+09 2.25650e+09
3.26771e+01 1.70638e+09 2.31351e+09
3.31321e+01 1.74102e+09 2.37199e+09
3.35935e+01 1.77637e+09 2.43199e+09
3.40613e+01 1.81242e+09 2.49354e+09
3.45356e+01 1.84920e+09 2.55668e+09
3.50165e+01 1.88671e+09 2.62145e+09
3.55042e+01 1.92497e+09 2.68791e+09
3.59986e+01 1.96401e+09 2.75609e+09
3.64999e+01 2.00383e+09 2.82603e+09
3.70081e+01 2.04448e+09 2.89779e+09
3.75235e+01 2.08596e+09 2.97142e+09
3.80460e+01 2.12832e+09 3.04695e+09
3.85758e+01 2.17157e+09 3.12445e+09
3.91130e+01 2.21575e+09 3.20440e+09
3.96577e+01 2.26089e+09 3.28665e+09
4.02099e+01 2.30702e+09 3.37121e+09
4.07699e+01 2.35417e+09 3.45811e+09
4.13376e+01 2.40237e+09 3.54737e+09
4.19132e+01 2.45166e+09 3.63900e+09
4.24969e+01 2.50207e+09 3.73305e+09
4.30887e+01 2.55364e+09 3.82953e+09
4.36887e+01 2.60640e+09 3.92850e+09
4.42971e+01 2.66039e+09 4.02999e+09
4.49140e+01 2.71564e+09 4.13404e+09
4.55394e+01 2.77219e+09 4.24071e+09
4.61736e+01 2.83008e+09 4.35004e+09
4.68165e+01 2.88934e+09 4.46209e+09
4.74685e+01 2.95002e+09 4.57693e+09
4.81295e+01 3.01215e+09 4.69460e+09
4.87997e+01 3.07577e+09 4.81518e+09
4.94793e+01 3.14093e+09 4.93874e+09
5.01683e+01 3.20765e+09 5.06534e+09
5.08669e+01 3.27600e+09 5.19507e+09
5.15753e+01 3.34600e+09 5.32800e+09
5.22935e+01 3.41771e+09 5.46421e+09
5.30217e+01 3.49117e+09 5.60379e+09
5.37600e+01 3.56641e+09 5.74678e+09
5.45087e+01 3.64350e+09 5.89317e+09
5.52677e+01 3.72248e+09 6.04310e+09
5.60373e+01 3.80340e+09 6.19668e+09
5.68177e+01 3.88630e+09 6.35403e+09
5.76089e+01 3.97124e+09 6.51528e+09
5.84111e+01 4.05828e+09 6.68055e+09
5.92245e+01 4.14746e+09 6.84998e+09
6.00492e+01 4.23884e+09 7.02369e+09
6.08854e+01 4.33249e+09 7.20182e+09
6.17333e+01 4.42845e+09 7.38452e+09
6.25930e+01 4.52680e+09 7.57191e+09
6.34646e+01 4.62758e+09 7.76414e+09
6.43484e+01 4.73088e+09 7.96136e+09
6.52444e+01 4.83674e+09 8.16372e+09
6.61530e+01 4.94525e+09 8.37137e+09
6.70742e+01 5.05646e+09 8.58447e+09
6.80082e+01 5.17046e+09 8.80318e+09
6.89553e+01 5.28731e+09 9.02766e+09
6.99155e+01 5.40709e+09 9.25808e+09
7.08891e+01 5.52989e+09 9.49462e+09
7.18763e+01 5.65577e+09 9.73745e+09
7.28772e+01 5.78483e+09 9.98674e+09
7.38920e+01 5.91715e+09 1.02427e+10
7.49210e+01 6.05282e+09 1.05055e+10
7.59643e+01 6.19192e+09 1.07753e+10
7.70221e+01 6.33455e+09 1.10524e+10
7.80947e+01 6.48081e+09 1.13369e+10
7.91822e+01 6.63080e+09 1.16290e+10
8.02848e+01 6.78461e+09 1.19290e+10
8.14028e+01 6.94236e+09 1.22371e+10
8.25364e+01 7.10414e+09 1.25535e+10
8.36858e+01 7.27008e+09 1.28784e+10
8.48511e+01 7.44028e+09 1.32121e+10
8.60327e+01 7.61487e+09 1.35548e+10
8.72308e+01 7.79396e+09 1.39068e+10
8.84455e+01 7.97767e+09 1.42683e+10
8.96771e+01 8.16615e+09 1.46396e+10
9.09259e+01 8.35952e+09 1.50209e+10
9.21921e+01 8.55791e+09 1.54125e+10
9.34759e+01 8.76147e+09 1.58148e+10
9.47776e+01 8.97034e+09 1.62279e+10
9.60974e+01 9.18467e+09 1.66523e+10
9.74356e+01 9.40461e+09 1.70882e+10
9.87924e+01 9.63033e+09 1.75359e+10
1.00168e+02 9.86198e+09 1.79957e+10
1.01563e+02 1.00997e+10 1.84680e+10
1.02977e+02 1.03437e+10 1.89531e+10
1.04411e+02 1.05942e+10 1.94515e+10
1.05865e+02 1.08513e+10 1.99633e+10
1.07340e+02 1.11152e+10 2.04891e+10
1.08834e+02 1.13862e+10 2.10292e+10
1.10350e+02 1.16643e+10 2.15839e+10
1.11887e+02 1.19499e+10 2.21538e+10
1.13445e+02 1.22431e+10 2.27391e+10
1.15024e+02 1.25441e+10 2.33404e+10
1.16626e+02 1.28532e+10 2.39580e+10
1.18250e+02 1.31706e+10 2.45925e+10
1.19897e+02 1.34966e+10 2.52443e+10
1.21566e+02 1.38313e+10 2.59138e+10
1.23259e+02 1.41751e+10 2.66016e+10
1.24976e+02 1.45282e+10 2.73082e+10
1.26716e+02 1.48908e+10 2.80340e+10
1.28481e+02 1.52633e+10 2.87797e+10
1.30270e+02 1.56458e+10 2.95457e+10
1.32084e+02 1.60388e+10 3.03326e+10
1.33923e+02 1.64425e+10 3.11411e+10
1.35788e+02 1.68573e+10 3.19717e+10
1.37679e+02 1.72833e+10 3.28250e+10
1.39596e+02 1.77211e+10 3.37017e+10
1.41540e+02 1.81708e+10 3.46024e+10
1.43511e+02 1.86329e+10 3.55278e+10
1.45510e+02 1.91077e+10 3.64786e+10
1.47536e+02 1.95956e+10 3.74555e+10
1.49590e+02 2.00970e+10 3.84592e+10
1.51674e+02 2.06122e+10 3.94904e+10
1.53786e+02 2.11417e+10 4.05500e+10
1.55927e+02 2.16858e+10 4.16388e+10
1.58099e+02 2.22451e+10 4.27575e+10
1.60300e+02 2.28198e+10 4.39071e+10
1.62532e+02 2.34106e+10 4.50883e+10
1.64796e+02 2.40179e+10 4.63021e+10
1.67091e+02 2.46421e+10 4.75494e+10
1.69417e+02 2.52837e+10 4.88312e+10
1.71777e+02 2.59433e+10 5.01483e+10
1.74169e+02 2.66214e+10 5.15019e+10
1.76594e+02 2.73185e+10 5.28930e+10
1.79053e+02 2.80352e+10 5.43226e+10
1.81547e+02 2.87721e+10 5.57918e+10
1.84075e+02 2.95297e+10 5.73018e+10
1.86638e+02 3.03087e+10 5.88536e+10
1.89237e+02 3.11097e+10 6.04486e+10
1.91872e+02 3.19333e+10 6.20880e+10
1.94544e+02 3.27803e+10 6.37729e+10
1.97253e+02 3.36512e+10 6.55048e+10
2.00000e+02 3.45469e+10 6.72849e+10
2.02785e+02 3.54680e+10 6.91146e+10
2.05609e+02 3.64154e+10 7.09955e+10
2.08472e+02 3.73897e+10 7.29288e+10
2.11375e+02 3.83918e+10 7.49162e+10
2.14319e+02 3.94225e+10 7.69593e+10
2.17303e+02 4.04827e+10 7.90595e+10
2.20329e+02 4.15732e+10 8.12186e+10
2.23397e+02 4.26949e+10 8.34382e+10
2.26508e+02 4.38488e+10 8.57202e+10
2.29662e+02 4.50358e+10 8.80662e+10
2.32861e+02 4.62570e+10 9.04782e+10
2.36103e+02 4.75133e+10 9.29581e+10
2.39391e+02 4.88058e+10 9.55079e+10
2.42725e+02 5.01355e+10 9.81295e+10
2.46105e+02 5.15036e+10 1.00825e+11
2.49532e+02 5.29113e+10 1.03597e+11
2.53007e+02 5.43597e+10 1.06447e+11
2.56530e+02 5.58500e+10 1.09378e+11
2.60102e+02 5.73835e+10 1.12391e+11
2.63724e+02 5.89615e+10 1.15490e+11
2.67397e+02 6.05854e+10 1.18677e+11
2.71120e+02 6.22564e+10 1.21954e+11
2.74896e+02 6.39761e+10 1.25325e+11
2.78724e+02 6.57459e+10 1.28791e+11
2.82605e+02 6.75673e+10 1.32356e+11
2.86541e+02 6.94418e+10 1.36022e+11
2.90531e+02 7.13711e+10 1.39793e+11
2.94577e+02 7.33569e+10 1.43672e+11
2.98679e+02 7.54007e+10 1.47661e+11
3.02838e+02 7.75045e+10 1.51764e+11
3.07055e+02 7.96699e+10 1.55985e+11
3.11331e+02 8.18989e+10 1.60326e+11
3.15666e+02 8.41934e+10 1.64792e+11
3.20062e+02 8.65553e+10 1.69386e+11
3.24519e+02 8.89868e+10 1.74111e+11
3.29038e+02 9.14898e+10 1.78972e+11
3.33620e+02 9.40667e+10 1.83973e+11
3.38266e+02 9.67196e+10 1.89118e+11
3.42976e+02 9.94509e+10 1.94412e+11
3.47752e+02 1.02263e+11 1.99857e+11
3.52595e+02 1.05158e+11 2.05460e+11
3.57505e+02 1.08139e+11 2.11224e+11
3.62484e+02 1.11208e+11 2.17155e+11
3.67531e+02 1.14369e+11 2.23257e+11
3.72649e+02 1.17623e+11 2.29536e+11
3.77839e+02 1.20974e+11 2.35997e+11
3.83100e+02 1.24424e+11 2.42645e+11
3.88435e+02 1.27977e+11 2.49486e+11
3.93844e+02 1.31636e+11 2.56525e+11
3.99328e+02 1.35404e+11 2.63769e+11
4.04889e+02 1.39284e+11 2.71224e+11
4.10528e+02 1.43280e+11 2.78895e+11
4.16244e+02 1.47396e+11 2.86790e+11
4.22041e+02 1.51635e+11 2.94915e+11
4.27918e+02 1.56000e+11 3.03277e+11
4.33877e+02 1.60496e+11 3.11884e+11
4.39919e+02 1.65127e+11 3.20741e+11
4.46045e+02 1.69897e+11 3.29858e+11
4.52256e+02 1.74809e+11 3.39241e+11
4.58554e+02 1.79870e+11 3.48899e+11
4.64939e+02 1.85082e+11 3.58840e+11
4.71414e+02 1.90451e+11 3.69072e+11
4.77979e+02 1.95982e+11 3.79605e+11
4.84635e+02 2.01680e+11 3.90447e+11
4.91383e+02 2.07549e+11 4.01608e+11
4.98226e+02 2.13595e+11 4.13098e+11
5.05164e+02 2.19823e+11 4.24925e+11
5.12199e+02 2.26240e+11 4.37101e+11
5.19331e+02 2.32851e+11 4.49636e+11
5.26563e+02 2.39661e+11 4.62541e+11
5.33896e+02 2.46678e+11 4.75826e+11
5.41330e+02 2.53907e+11 4.89504e+11
5.48869e+02 2.61355e+11 5.03587e+11
5.56512e+02 2.69029e+11 5.18086e+11
5.64262e+02 2.76936e+11 5.33015e+11
5.72119e+02 2.85083e+11 5.48386e+11
5.80086e+02 2.93477e+11 5.64213e+11
5.88164e+02 3.02127e+11 5.80509e+11
5.96354e+02 3.11040e+11 5.97290e+11
6.04659e+02 3.20224e+11 6.14569e+11
6.13079e+02 3.29688e+11 6.32362e+11
6.21616e+02 3.39440e+11 6.50684e+11
6.30273e+02 3.49490e+11 6.69552e+11
6.39050e+02 3.59846e+11 6.88982e+11
6.47949e+02 3.70519e+11 7.08991e+11
6.56971e+02 3.81517e+11 7.29598e+11
6.66120e+02 3.92852e+11 7.50819e+11
6.75396e+02 4.04534e+11 7.72675e+11
6.84801e+02 4.16573e+11 7.95184e+11
6.94337e+02 4.28981e+11 8.18367e+11
7.04006e+02 4.41769e+11 8.42243e+11
7.13810e+02 4.54949e+11 8.66835e+11
7.23750e+02 4.68533e+11 8.92164e+11
7.33828e+02 4.82534e+11 9.18253e+11
7.44047e+02 4.96966e+11 9.45125e+11
7.54408e+02 5.11841e+11 9.72804e+11
7.64914e+02 5.27173e+11 1.00131e+12
7.75566e+02 5.42977e+11 1.03068e+12
7.86366e+02 5.59267e+11 1.06093e+12
7.97316e+02 5.76059e+11 1.09210e+12
8.08419e+02 5.93369e+11 1.12420e+12
8.19677e+02 6.11212e+11 1.15727e+12
8.31091e+02 6.29605e+11 1.19134e+12
8.42664e+02 6.48566e+11 1.22643e+12
8.54399e+02 6.68113e+11 1.26259e+12
8.66297e+02 6.88264e+11 1.29984e+12
8.78360e+02 7.09037e+11 1.33821e+12
8.90592e+02 7.30453e+11 1.37775e+12
9.02994e+02 7.52531e+11 1.41848e+12
9.15568e+02 7.75293e+11 1.46045e+12
9.28318e+02 7.98761e+11 1.50368e+12
9.41245e+02 8.22955e+11 1.54823e+12
9.54352e+02 8.47899e+11 1.59414e+12
9.67642e+02 8.73618e+11 1.64143e+12
9.81117e+02 9.00134e+11 1.69017e+12
9.94779e+02 9.27474e+11 1.74038e+12
1.00863e+03 9.55663e+11 1.79212e+12
1.02268e+03 9.84728e+11 1.84544e+12
1.03692e+03 1.01470e+12 1.90038e+12
1.05136e+03 1.04560e+12 1.95699e+12
1.06600e+03 1.07746e+12 2.01533e+12
1.08084e+03 1.11032e+12 2.07545e+12
1.09589e+03 1.14420e+12 2.13741e+12
1.11116e+03 1.17913e+12 2.20126e+12
1.12663e+03 1.21516e+12 2.26705e+12
1.14232e+03 1.25230e+12 2.33486e+12
1.15822e+03 1.29061e+12 2.40474e+12
1.17435e+03 1.33011e+12 2.47676e+12
1.19071e+03 1.37085e+12 2.55099e+12
1.20729e+03 1.41286e+12 2.62749e+12
1.22410e+03 1.45619e+12 2.70634e+12
1.24115e+03 1.50087e+12 2.78760e+12
1.25843e+03 1.54694e+12 2.87136e+12
1.27595e+03 1.59446e+12 2.95768e+12
1.29372e+03 1.64347e+12 3.04666e+12
1.31174e+03 1.69402e+12 3.13837e+12
1.33000e+03 1.74615e+12 3.23291e+12
1.34852e+03 1.79991e+12 3.33035e+12
1.36730e+03 1.85536e+12 3.43079e+12
1.38634e+03 1.91255e+12 3.53432e+12
1.40565e+03 1.97153e+12 3.64104e+12
1.42522e+03 2.03237e+12 3.75106e+12
1.44507e+03 2.09512e+12 3.86446e+12
1.46519e+03 2.15985e+12 3.98136e+12
1.48560e+03 2.22661e+12 4.10187e+12
1.50628e+03 2.29546e+12 4.22611e+12
1.52726e+03 2.36649e+12 4.35418e+12
1.54853e+03 2.43975e+12 4.48621e+12
1.57009e+03 2.51532e+12 4.62232e+12
1.59196e+03 2.59328e+12 4.76265e+12
1.61412e+03 2.67368e+12 4.90732e+12
1.63660e+03 2.75663e+12 5.05647e+12
1.65939e+03 2.84219e+12 5.21024e+12
1.68250e+03 2.93045e+12 5.36878e+12
1.70593e+03 3.02150e+12 5.53223e+12
1.72968e+03 3.11542e+12 5.70076e+12
1.75377e+03 3.21232e+12 5.87452e+12
1.77819e+03 3.31227e+12 6.05367e+12
1.80296e+03 3.41538e+12 6.23839e+12
1.82806e+03 3.52176e+12 6.42885e+12
1.85352e+03 3.63150e+12 6.62524e+12
1.87933e+03 3.74472e+12 6.82773e+12
1.90550e+03 3.86152e+12 7.03653e+12
1.93203e+03 3.98201e+12 7.25182e+12
1.95894e+03 4.10633e+12 7.47383e+12
1.98622e+03 4.23459e+12 7.70275e+12
2.01388e+03 4.36691e+12 7.93881e+12
2.04192e+03 4.50344e+12 8.18223e+12
2.07036e+03 4.64429e+12 8.43325e+12
2.09919e+03 4.78962e+12 8.69211e+12
2.12842e+03 4.93955e+12 8.95905e+12
2.15806e+03 5.09426e+12 9.23433e+12
2.18811e+03 5.25387e+12 9.51821e+12
2.21858e+03 5.41856e+12 9.81097e+12
2.24947e+03 5.58849e+12 1.01129e+13
2.28080e+03 5.76382e+12 1.04243e+13
2.31256e+03 5.94473e+12 1.07454e+13
2.34476e+03 6.13140e+12 1.10765e+13
2.37742e+03 6.32400e+12 1.14181e+13
2.41052e+03 6.52275e+12 1.17703e+13
2.44409e+03 6.72782e+12 1.21336e+13
2.47812e+03 6.93943e+12 1.25083e+13
2.51263e+03 7.15779e+12 1.28948e+13
2.54762e+03 7.38310e+12 1.32934e+13
2.58310e+03 7.61561e+12 1.37045e+13
2.61907e+03 7.85553e+12 1.41285e+13
2.65554e+03 8.10311e+12 1.45659e+13
2.69252e+03 8.35859e+12 1.50170e+13
2.73002e+03 8.62224e+12 1.54822e+13
2.76803e+03 8.89430e+12 1.59622e+13
2.80658e+03 9.17506e+12 1.64572e+13
2.84566e+03 9.46479e+12 1.69678e+13
2.88529e+03 9.76379e+12 1.74945e+13
2.92547e+03 1.00724e+13 1.80378e+13
2.96621e+03 1.03908e+13 1.85983e+13
3.00751e+03 1.07194e+13 1.91764e+13
3.04939e+03 1.10586e+13 1.97727e+13
3.09186e+03 1.14086e+13 2.03879e+13
3.13491e+03 1.17698e+13 2.10225e+13
3.17857e+03 1.21426e+13 2.16771e+13
3.22283e+03 1.25273e+13 2.23524e+13
3.26771e+03 1.29244e+13 2.30490e+13
3.31321e+03 1.33342e+13 2.37677e+13
3.35935e+03 1.37571e+13 2.45091e+13
3.40613e+03 1.41936e+13 2.52740e+13
3.45356e+03 1.46441e+13 2.60630e+13
3.50165e+03 1.51091e+13 2.68770e+13
3.55042e+03 1.55890e+13 2.77169e+13
3.59986e+03 1.60844e+13 2.85833e+13
3.64999e+03 1.65956e+13 2.94771e+13
3.70081e+03 1.71233e+13 3.03994e+13
3.75235e+03 1.76679e+13 3.13508e+13
3.80460e+03 1.82301e+13 3.23324e+13
3.85758e+03 1.88103e+13 3.33452e+13
3.91130e+03 1.94092e+13 3.43902e+13
3.96577e+03 2.00274e+13 3.54683e+13
4.02099e+03 2.06655e+13 3.65806e+13
4.07699e+03 2.13241e+13 3.77283e+13
4.13376e+03 2.20039e+13 3.89125e+13
4.19132e+03 2.27056e+13 4.01343e+13
4.24969e+03 2.34299e+13 4.13950e+13
4.30887e+03 2.41776e+13 4.26957e+13
4.36887e+03 2.49494e+13 4.40379e+13
4.42971e+03 2.57461e+13 4.54228e+13
4.49140e+03 2.65684e+13 4.68518e+13
4.55394e+03 2.74173e+13 4.83263e+13
4.61736e+03 2.82936e+13 4.98478e+13
4.68165e+03 2.91982e+13 5.14178e+13
4.74685e+03 3.01319e+13 5.30378e+13
4.81295e+03 3.10959e+13 5.47096e+13
4.87997e+03 3.20909e+13 5.64346e+13
4.94793e+03 3.31181e+13 5.82147e+13
5.01683e+03 3.41785e+13 6.00516e+13
5.08669e+03 3.52732e+13 6.19471e+13
5.15753e+03 3.64033e+13 6.39032e+13
5.22935e+03 3.75699e+13 6.59218e+13
5.30217e+03 3.87743e+13 6.80049e+13
5.37600e+03 4.00176e+13 7.01545e+13
5.45087e+03 4.13011e+13 7.23730e+13
5.52677e+03 4.26263e+13 7.46623e+13
5.60373e+03 4.39943e+13 7.70249e+13
5.68177e+03 4.54066e+13 7.94632e+13
5.76089e+03 4.68646e+13 8.19794e+13
5.84111e+03 4.83699e+13 8.45763e+13
5.92245e+03 4.99240e+13 8.72563e+13
6.00492e+03 5.15284e+13 9.00222e+13
6.08854e+03 5.31849e+13 9.28767e+13
6.17333e+03 5.48950e+13 9.58228e+13
6.25930e+03 5.66607e+13 9.88632e+13
6.34646e+03 5.84836e+13 1.02001e+14
6.43484e+03 6.03657e+13 1.05240e+14
6.52444e+03 6.23088e+13 1.08583e+14
6.61530e+03 6.43150e+13 1.12032e+14
6.70742e+03 6.63864e+13 1.15593e+14
6.80082e+03 6.85250e+13 1.19268e+14
6.89553e+03 7.07331e+13 1.23061e+14
6.99155e+03 7.30130e+13 1.26976e+14
7.08891e+03 7.53669e+13 1.31017e+14
7.18763e+03 7.77974e+13 1.35188e+14
7.28772e+03 8.03068e+13 1.39493e+14
7.38920e+03 8.28979e+13 1.43936e+14
7.49210e+03 8.55732e+13 1.48522e+14
7.59643e+03 8.83356e+13 1.53256e+14
7.70221e+03 9.11878e+13 1.58142e+14
7.80947e+03 9.41328e+13 1.63186e+14
7.91822e+03 9.71737e+13 1.68392e+14
8.02848e+03 1.00314e+14 1.73766e+14
8.14028e+03 1.03556e+14 1.79313e+14
8.25364e+03 1.06904e+14 1.85038e+14
8.36858e+03 1.10360e+14 1.90949e+14
8.48511e+03 1.13930e+14 1.97049e+14
8.60327e+03 1.17616e+14 2.03347e+14
8.72308e+03 1.21421e+14 2.09848e+14
8.84455e+03 1.25351e+14 2.16558e+14
8.96771e+03 1.29409e+14 2.23486e+14
9.09259e+03 1.33600e+14 2.30636e+14
9.21921e+03 1.37927e+14 2.38018e+14
9.34759e+03 1.42395e+14 2.45638e+14
9.47776e+03 1.47010e+14 2.53505e+14
9.60974e+03 1.51774e+14 2.61625e+14
9.74356e+03 1.56694e+14 2.70008e+14
9.87924e+03 1.61775e+14 2.78662e+14
1.00168e+04 1.67022e+14 2.87596e+14
1.01563e+04 1.72440e+14 2.96819e+14
1.02977e+04 1.78036e+14 3.06340e+14
1.04411e+04 1.83814e+14 3.16170e+14
1.05865e+04 1.89780e+14 3.26317e+14
1.07340e+04 1.95942e+14 3.36793e+14
1.08834e+04 2.02306e+14 3.47609e+14
1.10350e+04 2.08877e+14 3.58774e+14
1.11887e+04 2.15663e+14 3.70302e+14
1.13445e+04 2.22672e+14 3.82202e+14
1.15024e+04 2.29909e+14 3.94489e+14
1.16626e+04 2.37383e+14 4.07174e+14
1.18250e+04 2.45102e+14 4.20270e+14
1.19897e+04 2.53074e+14 4.33790e+14
1.21566e+04 2.61307e+14 4.47750e+14
1.23259e+04 2.69809e+14 4.62162e+14
1.24976e+04 2.78589e+14 4.77042e+14
1.26716e+04 2.87658e+14 4.92405e+14
1.28481e+04 2.97023e+14 5.08267e+14
1.30270e+04 3.06695e+14 5.24644e+14
1.32084e+04 3.16684e+14 5.41552e+14
1.33923e+04 3.27001e+14 5.59010e+14
1.35788e+04 3.37655e+14 5.77036e+14
1.37679e+04 3.48659e+14 5.95647e+14
1.39596e+04 3.60024e+14 6.14863e+14
1.41540e+04 3.71762e+14 6.34703e+14
1.43511e+04 3.83885e+14 6.55189e+14
1.45510e+04 3.96405e+14 6.76342e+14
1.47536e+04 4.09336e+14 6.98182e+14
1.49590e+04 4.22692e+14 7.20733e+14
1.51674e+04 4.36486e+14 7.44018e+14
1.53786e+04 4.50733e+14 7.68061e+14
1.55927e+04 4.65448e+14 7.92886e+14
1.58099e+04 4.80645e+14 8.18521e+14
1.60300e+04 4.96343e+14 8.44990e+14
1.62532e+04 5.12555e+14 8.72321e+14
1.64796e+04 5.29301e+14 9.00543e+14
1.67091e+04 5.46597e+14 9.29684e+14
1.69417e+04 5.64461e+14 9.59775e+14
1.71777e+04 5.82912e+14 9.90848e+14
1.74169e+04 6.01970e+14 1.02293e+15
1.76594e+04 6.21655e+14 1.05607e+15
1.79053e+04 6.41987e+14 1.09028e+15
1.81547e+04 6.62988e+14 1.12561e+15
1.84075e+04 6.84680e+14 1.16209e+15
1.86638e+04 7.07085e+14 1.19976e+15
1.89237e+04 7.30228e+14 1.23866e+15
1.91872e+04 7.54132e+14 1.27884e+15
1.94544e+04 7.78823e+14 1.32032e+15
1.97253e+04 8.04327e+14 1.36316e+15
2.00000e+04 8.30671e+14 1.40740e+15
