T[eV] σe[Ω/cm](SMT) σe[Ω/cm](modSMT) 
2.00000e-02 2.05031e+04 2.05052e+04
2.02785e-02 2.04438e+04 2.04458e+04
2.05609e-02 2.03847e+04 2.03868e+04
2.08472e-02 2.03260e+04 2.03281e+04
2.11375e-02 2.02676e+04 2.02698e+04
2.14319e-02 2.02096e+04 2.02117e+04
2.17303e-02 2.01518e+04 2.01540e+04
2.20329e-02 2.00944e+04 2.00966e+04
2.23397e-02 2.00373e+04 2.00395e+04
2.26508e-02 1.99805e+04 1.99828e+04
2.29662e-02 1.99241e+04 1.99264e+04
2.32861e-02 1.98679e+04 1.98702e+04
2.36103e-02 1.98121e+04 1.98145e+04
2.39391e-02 1.97566e+04 1.97590e+04
2.42725e-02 1.97014e+04 1.97038e+04
2.46105e-02 1.96466e+04 1.96490e+04
2.49532e-02 1.95920e+04 1.95944e+04
2.53007e-02 1.95377e+04 1.95402e+04
2.56530e-02 1.94838e+04 1.94863e+04
2.60102e-02 1.94302e+04 1.94327e+04
2.63724e-02 1.93768e+04 1.93794e+04
2.67397e-02 1.93238e+04 1.93264e+04
2.71120e-02 1.92711e+04 1.92737e+04
2.74896e-02 1.92187e+04 1.92213e+04
2.78724e-02 1.91666e+04 1.91692e+04
2.82605e-02 1.91148e+04 1.91174e+04
2.86541e-02 1.90633e+04 1.90660e+04
2.90531e-02 1.90120e+04 1.90148e+04
2.94577e-02 1.89611e+04 1.89639e+04
2.98679e-02 1.89105e+04 1.89133e+04
3.02838e-02 1.88602e+04 1.88630e+04
3.07055e-02 1.88102e+04 1.88130e+04
3.11331e-02 1.87605e+04 1.87633e+04
3.15666e-02 1.87110e+04 1.87139e+04
3.20062e-02 1.86619e+04 1.86648e+04
3.24519e-02 1.86130e+04 1.86160e+04
3.29038e-02 1.85645e+04 1.85675e+04
3.33620e-02 1.85162e+04 1.85192e+04
3.38266e-02 1.84682e+04 1.84713e+04
3.42976e-02 1.84205e+04 1.84236e+04
3.47752e-02 1.83731e+04 1.83762e+04
3.52595e-02 1.83260e+04 1.83291e+04
3.57505e-02 1.82791e+04 1.82823e+04
3.62484e-02 1.82326e+04 1.82358e+04
3.67531e-02 1.81863e+04 1.81896e+04
3.72649e-02 1.81403e+04 1.81436e+04
3.77839e-02 1.80946e+04 1.80979e+04
3.83100e-02 1.80491e+04 1.80525e+04
3.88435e-02 1.80040e+04 1.80074e+04
3.93844e-02 1.79591e+04 1.79626e+04
3.99328e-02 1.79145e+04 1.79180e+04
4.04889e-02 1.78701e+04 1.78737e+04
4.10528e-02 1.78261e+04 1.78297e+04
4.16244e-02 1.77823e+04 1.77859e+04
4.22041e-02 1.77388e+04 1.77425e+04
4.27918e-02 1.76956e+04 1.76993e+04
4.33877e-02 1.76526e+04 1.76563e+04
4.39919e-02 1.76099e+04 1.76137e+04
4.46045e-02 1.75675e+04 1.75713e+04
4.52256e-02 1.75253e+04 1.75292e+04
4.58554e-02 1.74834e+04 1.74873e+04
4.64939e-02 1.74418e+04 1.74458e+04
4.71414e-02 1.74004e+04 1.74045e+04
4.77979e-02 1.73593e+04 1.73634e+04
4.84635e-02 1.73185e+04 1.73226e+04
4.91383e-02 1.72780e+04 1.72821e+04
4.98226e-02 1.72377e+04 1.72419e+04
5.05164e-02 1.71976e+04 1.72019e+04
5.12199e-02 1.71578e+04 1.71621e+04
5.19331e-02 1.71183e+04 1.71227e+04
5.26563e-02 1.70791e+04 1.70835e+04
5.33896e-02 1.70401e+04 1.70445e+04
5.41330e-02 1.70013e+04 1.70058e+04
5.48869e-02 1.69629e+04 1.69674e+04
5.56512e-02 1.69246e+04 1.69292e+04
5.64262e-02 1.68867e+04 1.68913e+04
5.72119e-02 1.68490e+04 1.68536e+04
5.80086e-02 1.68115e+04 1.68162e+04
5.88164e-02 1.67743e+04 1.67791e+04
5.96354e-02 1.67374e+04 1.67422e+04
6.04659e-02 1.67007e+04 1.67056e+04
6.13079e-02 1.66642e+04 1.66692e+04
6.21616e-02 1.66280e+04 1.66330e+04
6.30273e-02 1.65921e+04 1.65971e+04
6.39050e-02 1.65564e+04 1.65615e+04
6.47949e-02 1.65209e+04 1.65261e+04
6.56971e-02 1.64858e+04 1.64910e+04
6.66120e-02 1.64508e+04 1.64561e+04
6.75396e-02 1.64161e+04 1.64215e+04
6.84801e-02 1.63817e+04 1.63871e+04
6.94337e-02 1.63475e+04 1.63530e+04
7.04006e-02 1.63135e+04 1.63191e+04
7.13810e-02 1.62798e+04 1.62854e+04
7.23750e-02 1.62463e+04 1.62520e+04
7.33828e-02 1.62131e+04 1.62189e+04
7.44047e-02 1.61801e+04 1.61859e+04
7.54408e-02 1.61474e+04 1.61533e+04
7.64914e-02 1.61149e+04 1.61209e+04
7.75566e-02 1.60827e+04 1.60887e+04
7.86366e-02 1.60507e+04 1.60567e+04
7.97316e-02 1.60189e+04 1.60250e+04
8.08419e-02 1.59874e+04 1.59936e+04
8.19677e-02 1.59561e+04 1.59624e+04
8.31091e-02 1.59250e+04 1.59314e+04
8.42664e-02 1.58942e+04 1.59007e+04
8.54399e-02 1.58637e+04 1.58702e+04
8.66297e-02 1.58333e+04 1.58399e+04
8.78360e-02 1.58032e+04 1.58099e+04
8.90592e-02 1.57734e+04 1.57801e+04
9.02994e-02 1.57438e+04 1.57506e+04
9.15568e-02 1.57144e+04 1.57213e+04
9.28318e-02 1.56853e+04 1.56922e+04
9.41245e-02 1.56563e+04 1.56634e+04
9.54352e-02 1.56277e+04 1.56348e+04
9.67642e-02 1.55992e+04 1.56064e+04
9.81117e-02 1.55710e+04 1.55783e+04
9.94779e-02 1.55431e+04 1.55504e+04
1.00863e-01 1.55153e+04 1.55228e+04
1.02268e-01 1.54878e+04 1.54954e+04
1.03692e-01 1.54605e+04 1.54682e+04
1.05136e-01 1.54335e+04 1.54412e+04
1.06600e-01 1.54067e+04 1.54145e+04
1.08084e-01 1.53801e+04 1.53880e+04
1.09589e-01 1.53538e+04 1.53618e+04
1.11116e-01 1.53277e+04 1.53358e+04
1.12663e-01 1.53018e+04 1.53100e+04
1.14232e-01 1.52761e+04 1.52844e+04
1.15822e-01 1.52507e+04 1.52591e+04
1.17435e-01 1.52255e+04 1.52340e+04
1.19071e-01 1.52006e+04 1.52091e+04
1.20729e-01 1.51758e+04 1.51845e+04
1.22410e-01 1.51513e+04 1.51601e+04
1.24115e-01 1.51271e+04 1.51359e+04
1.25843e-01 1.51030e+04 1.51120e+04
1.27595e-01 1.50792e+04 1.50883e+04
1.29372e-01 1.50556e+04 1.50648e+04
1.31174e-01 1.50323e+04 1.50416e+04
1.33000e-01 1.50091e+04 1.50185e+04
1.34852e-01 1.49862e+04 1.49957e+04
1.36730e-01 1.49635e+04 1.49732e+04
1.38634e-01 1.49411e+04 1.49508e+04
1.40565e-01 1.49189e+04 1.49287e+04
1.42522e-01 1.48969e+04 1.49069e+04
1.44507e-01 1.48751e+04 1.48852e+04
1.46519e-01 1.48536e+04 1.48638e+04
1.48560e-01 1.48323e+04 1.48426e+04
1.50628e-01 1.48112e+04 1.48216e+04
1.52726e-01 1.47903e+04 1.48009e+04
1.54853e-01 1.47697e+04 1.47804e+04
1.57009e-01 1.47493e+04 1.47601e+04
1.59196e-01 1.47291e+04 1.47400e+04
1.61412e-01 1.47091e+04 1.47202e+04
1.63660e-01 1.46894e+04 1.47006e+04
1.65939e-01 1.46699e+04 1.46812e+04
1.68250e-01 1.46506e+04 1.46621e+04
1.70593e-01 1.46315e+04 1.46432e+04
1.72968e-01 1.46127e+04 1.46245e+04
1.75377e-01 1.45941e+04 1.46060e+04
1.77819e-01 1.45757e+04 1.45878e+04
1.80296e-01 1.45575e+04 1.45697e+04
1.82806e-01 1.45396e+04 1.45520e+04
1.85352e-01 1.45219e+04 1.45344e+04
1.87933e-01 1.45044e+04 1.45171e+04
1.90550e-01 1.44872e+04 1.45000e+04
1.93203e-01 1.44701e+04 1.44831e+04
1.95894e-01 1.44533e+04 1.44664e+04
1.98622e-01 1.44367e+04 1.44500e+04
2.01388e-01 1.44204e+04 1.44338e+04
2.04192e-01 1.44043e+04 1.44179e+04
2.07036e-01 1.43884e+04 1.44021e+04
2.09919e-01 1.43727e+04 1.43866e+04
2.12842e-01 1.43572e+04 1.43713e+04
2.15806e-01 1.43420e+04 1.43563e+04
2.18811e-01 1.43270e+04 1.43414e+04
2.21858e-01 1.43122e+04 1.43268e+04
2.24947e-01 1.42977e+04 1.43125e+04
2.28080e-01 1.42834e+04 1.42983e+04
2.31256e-01 1.42693e+04 1.42844e+04
2.34476e-01 1.42554e+04 1.42707e+04
2.37742e-01 1.42418e+04 1.42573e+04
2.41052e-01 1.42283e+04 1.42441e+04
2.44409e-01 1.42152e+04 1.42311e+04
2.47812e-01 1.42022e+04 1.42183e+04
2.51263e-01 1.41895e+04 1.42058e+04
2.54762e-01 1.41770e+04 1.41935e+04
2.58310e-01 1.41647e+04 1.41814e+04
2.61907e-01 1.41526e+04 1.41696e+04
2.65554e-01 1.41408e+04 1.41579e+04
2.69252e-01 1.41292e+04 1.41466e+04
2.73002e-01 1.41179e+04 1.41354e+04
2.76803e-01 1.41067e+04 1.41245e+04
2.80658e-01 1.40958e+04 1.41138e+04
2.84566e-01 1.40852e+04 1.41034e+04
2.88529e-01 1.40747e+04 1.40932e+04
2.92547e-01 1.40645e+04 1.40832e+04
2.96621e-01 1.40545e+04 1.40734e+04
3.00751e-01 1.40448e+04 1.40639e+04
3.04939e-01 1.40353e+04 1.40546e+04
3.09186e-01 1.40260e+04 1.40456e+04
3.13491e-01 1.40169e+04 1.40368e+04
3.17857e-01 1.40081e+04 1.40282e+04
3.22283e-01 1.39995e+04 1.40199e+04
3.26771e-01 1.39912e+04 1.40118e+04
3.31321e-01 1.39831e+04 1.40039e+04
3.35935e-01 1.39752e+04 1.39963e+04
3.40613e-01 1.39675e+04 1.39889e+04
3.45356e-01 1.39601e+04 1.39818e+04
3.50165e-01 1.39529e+04 1.39749e+04
3.55042e-01 1.39460e+04 1.39682e+04
3.59986e-01 1.39393e+04 1.39618e+04
3.64999e-01 1.39328e+04 1.39556e+04
3.70081e-01 1.39266e+04 1.39497e+04
3.75235e-01 1.39206e+04 1.39440e+04
3.80460e-01 1.39149e+04 1.39385e+04
3.85758e-01 1.39094e+04 1.39333e+04
3.91130e-01 1.39041e+04 1.39284e+04
3.96577e-01 1.38991e+04 1.39236e+04
4.02099e-01 1.38943e+04 1.39192e+04
4.07699e-01 1.38897e+04 1.39149e+04
4.13376e-01 1.38854e+04 1.39110e+04
4.19132e-01 1.38814e+04 1.39072e+04
4.24969e-01 1.38776e+04 1.39038e+04
4.30887e-01 1.38740e+04 1.39005e+04
4.36887e-01 1.38707e+04 1.38975e+04
4.42971e-01 1.38676e+04 1.38948e+04
4.49140e-01 1.38648e+04 1.38923e+04
4.55394e-01 1.38622e+04 1.38901e+04
4.61736e-01 1.38599e+04 1.38881e+04
4.68165e-01 1.38578e+04 1.38864e+04
4.74685e-01 1.38560e+04 1.38849e+04
4.81295e-01 1.38544e+04 1.38837e+04
4.87997e-01 1.38530e+04 1.38828e+04
4.94793e-01 1.38520e+04 1.38821e+04
5.01683e-01 1.38511e+04 1.38816e+04
5.08669e-01 1.38506e+04 1.38815e+04
5.15753e-01 1.38502e+04 1.38816e+04
5.22935e-01 1.38502e+04 1.38819e+04
5.30217e-01 1.38504e+04 1.38825e+04
5.37600e-01 1.38508e+04 1.38834e+04
5.45087e-01 1.38515e+04 1.38845e+04
5.52677e-01 1.38525e+04 1.38859e+04
5.60373e-01 1.38537e+04 1.38876e+04
5.68177e-01 1.38552e+04 1.38895e+04
5.76089e-01 1.38570e+04 1.38917e+04
5.84111e-01 1.38590e+04 1.38942e+04
5.92245e-01 1.38613e+04 1.38969e+04
6.00492e-01 1.38638e+04 1.39000e+04
6.08854e-01 1.38667e+04 1.39032e+04
6.17333e-01 1.38697e+04 1.39068e+04
6.25930e-01 1.38731e+04 1.39106e+04
6.34646e-01 1.38767e+04 1.39148e+04
6.43484e-01 1.38806e+04 1.39192e+04
6.52444e-01 1.38848e+04 1.39238e+04
6.61530e-01 1.38892e+04 1.39288e+04
6.70742e-01 1.38939e+04 1.39340e+04
6.80082e-01 1.38989e+04 1.39395e+04
6.89553e-01 1.39042e+04 1.39453e+04
6.99155e-01 1.39097e+04 1.39514e+04
7.08891e-01 1.39155e+04 1.39578e+04
7.18763e-01 1.39216e+04 1.39644e+04
7.28772e-01 1.39280e+04 1.39714e+04
7.38920e-01 1.39347e+04 1.39786e+04
7.49210e-01 1.39416e+04 1.39862e+04
7.59643e-01 1.39488e+04 1.39940e+04
7.70221e-01 1.39564e+04 1.40021e+04
7.80947e-01 1.39642e+04 1.40105e+04
7.91822e-01 1.39723e+04 1.40193e+04
8.02848e-01 1.39806e+04 1.40283e+04
8.14028e-01 1.39893e+04 1.40376e+04
8.25364e-01 1.39983e+04 1.40472e+04
8.36858e-01 1.40076e+04 1.40572e+04
8.48511e-01 1.40171e+04 1.40674e+04
8.60327e-01 1.40270e+04 1.40779e+04
8.72308e-01 1.40372e+04 1.40888e+04
8.84455e-01 1.40476e+04 1.40999e+04
8.96771e-01 1.40584e+04 1.41114e+04
9.09259e-01 1.40695e+04 1.41232e+04
9.21921e-01 1.40808e+04 1.41353e+04
9.34759e-01 1.40925e+04 1.41477e+04
9.47776e-01 1.41045e+04 1.41605e+04
9.60974e-01 1.41168e+04 1.41736e+04
9.74356e-01 1.41294e+04 1.41869e+04
9.87924e-01 1.41424e+04 1.42007e+04
1.00168e+00 1.41556e+04 1.42147e+04
1.01563e+00 1.41692e+04 1.42291e+04
1.02977e+00 1.41830e+04 1.42438e+04
1.04411e+00 1.41972e+04 1.42588e+04
1.05865e+00 1.42118e+04 1.42742e+04
1.07340e+00 1.42266e+04 1.42899e+04
1.08834e+00 1.42418e+04 1.43059e+04
1.10350e+00 1.42573e+04 1.43223e+04
1.11887e+00 1.42731e+04 1.43391e+04
1.13445e+00 1.42893e+04 1.43561e+04
1.15024e+00 1.43058e+04 1.43736e+04
1.16626e+00 1.43226e+04 1.43913e+04
1.18250e+00 1.43398e+04 1.44095e+04
1.19897e+00 1.43573e+04 1.44280e+04
1.21566e+00 1.43752e+04 1.44468e+04
1.23259e+00 1.43934e+04 1.44660e+04
1.24976e+00 1.44119e+04 1.44856e+04
1.26716e+00 1.44308e+04 1.45055e+04
1.28481e+00 1.44501e+04 1.45258e+04
1.30270e+00 1.44697e+04 1.45464e+04
1.32084e+00 1.44896e+04 1.45675e+04
1.33923e+00 1.45100e+04 1.45889e+04
1.35788e+00 1.45306e+04 1.46106e+04
1.37679e+00 1.45517e+04 1.46328e+04
1.39596e+00 1.45731e+04 1.46553e+04
1.41540e+00 1.45948e+04 1.46782e+04
1.43511e+00 1.46169e+04 1.47015e+04
1.45510e+00 1.46394e+04 1.47252e+04
1.47536e+00 1.46623e+04 1.47493e+04
1.49590e+00 1.46856e+04 1.47738e+04
1.51674e+00 1.47092e+04 1.47987e+04
1.53786e+00 1.47332e+04 1.48240e+04
1.55927e+00 1.47576e+04 1.48496e+04
1.58099e+00 1.47824e+04 1.48757e+04
1.60300e+00 1.48075e+04 1.49022e+04
1.62532e+00 1.48331e+04 1.49291e+04
1.64796e+00 1.48590e+04 1.49564e+04
1.67091e+00 1.48854e+04 1.49842e+04
1.69417e+00 1.49121e+04 1.50123e+04
1.71777e+00 1.49393e+04 1.50409e+04
1.74169e+00 1.49668e+04 1.50699e+04
1.76594e+00 1.49948e+04 1.50993e+04
1.79053e+00 1.50231e+04 1.51292e+04
1.81547e+00 1.50519e+04 1.51595e+04
1.84075e+00 1.50811e+04 1.51902e+04
1.86638e+00 1.51107e+04 1.52214e+04
1.89237e+00 1.51407e+04 1.52530e+04
1.91872e+00 1.51712e+04 1.52851e+04
1.94544e+00 1.52020e+04 1.53176e+04
1.97253e+00 1.52333e+04 1.53506e+04
2.00000e+00 1.52651e+04 1.53840e+04
2.02785e+00 1.52973e+04 1.54179e+04
2.05609e+00 1.53299e+04 1.54522e+04
2.08472e+00 1.53629e+04 1.54871e+04
2.11375e+00 1.53964e+04 1.55224e+04
2.14319e+00 1.54304e+04 1.55581e+04
2.17303e+00 1.54648e+04 1.55944e+04
2.20329e+00 1.54996e+04 1.56311e+04
2.23397e+00 1.55349e+04 1.56684e+04
2.26508e+00 1.55707e+04 1.57061e+04
2.29662e+00 1.56069e+04 1.57443e+04
2.32861e+00 1.56436e+04 1.57830e+04
2.36103e+00 1.56808e+04 1.58222e+04
2.39391e+00 1.57185e+04 1.58620e+04
2.42725e+00 1.57566e+04 1.59022e+04
2.46105e+00 1.57952e+04 1.59429e+04
2.49532e+00 1.58343e+04 1.59842e+04
2.53007e+00 1.58739e+04 1.60260e+04
2.56530e+00 1.59140e+04 1.60683e+04
2.60102e+00 1.59545e+04 1.61112e+04
2.63724e+00 1.59956e+04 1.61546e+04
2.67397e+00 1.60372e+04 1.61985e+04
2.71120e+00 1.60793e+04 1.62429e+04
2.74896e+00 1.61219e+04 1.62880e+04
2.78724e+00 1.61650e+04 1.63335e+04
2.82605e+00 1.62086e+04 1.63797e+04
2.86541e+00 1.62528e+04 1.64264e+04
2.90531e+00 1.62975e+04 1.64736e+04
2.94577e+00 1.63427e+04 1.65215e+04
2.98679e+00 1.63884e+04 1.65699e+04
3.02838e+00 1.64347e+04 1.66189e+04
3.07055e+00 1.64816e+04 1.66684e+04
3.11331e+00 1.65290e+04 1.67186e+04
3.15666e+00 1.65769e+04 1.67694e+04
3.20062e+00 1.66254e+04 1.68207e+04
3.24519e+00 1.66745e+04 1.68727e+04
3.29038e+00 1.67241e+04 1.69253e+04
3.33620e+00 1.67743e+04 1.69785e+04
3.38266e+00 1.68251e+04 1.70323e+04
3.42976e+00 1.68764e+04 1.70868e+04
3.47752e+00 1.69284e+04 1.71419e+04
3.52595e+00 1.69809e+04 1.71976e+04
3.57505e+00 1.70340e+04 1.72540e+04
3.62484e+00 1.70877e+04 1.73110e+04
3.67531e+00 1.71421e+04 1.73687e+04
3.72649e+00 1.71970e+04 1.74271e+04
3.77839e+00 1.72526e+04 1.74861e+04
3.83100e+00 1.73087e+04 1.75458e+04
3.88435e+00 1.73655e+04 1.76061e+04
3.93844e+00 1.74230e+04 1.76672e+04
3.99328e+00 1.74810e+04 1.77289e+04
4.04889e+00 1.75397e+04 1.77914e+04
4.10528e+00 1.75991e+04 1.78545e+04
4.16244e+00 1.76591e+04 1.79184e+04
4.22041e+00 1.77198e+04 1.79830e+04
4.27918e+00 1.77811e+04 1.80483e+04
4.33877e+00 1.78431e+04 1.81143e+04
4.39919e+00 1.79058e+04 1.81811e+04
4.46045e+00 1.79691e+04 1.82486e+04
4.52256e+00 1.80332e+04 1.83169e+04
4.58554e+00 1.80979e+04 1.83860e+04
4.64939e+00 1.81634e+04 1.84558e+04
4.71414e+00 1.82295e+04 1.85263e+04
4.77979e+00 1.82964e+04 1.85977e+04
4.84635e+00 1.83640e+04 1.86699e+04
4.91383e+00 1.84323e+04 1.87428e+04
4.98226e+00 1.85013e+04 1.88166e+04
5.05164e+00 1.85711e+04 1.88912e+04
5.12199e+00 1.86416e+04 1.89665e+04
5.19331e+00 1.87129e+04 1.90428e+04
5.26563e+00 1.87850e+04 1.91198e+04
5.33896e+00 1.88578e+04 1.91977e+04
5.41330e+00 1.89314e+04 1.92765e+04
5.48869e+00 1.90057e+04 1.93561e+04
5.56512e+00 1.90809e+04 1.94366e+04
5.64262e+00 1.91569e+04 1.95180e+04
5.72119e+00 1.92336e+04 1.96002e+04
5.80086e+00 1.93112e+04 1.96834e+04
5.88164e+00 1.93896e+04 1.97674e+04
5.96354e+00 1.94688e+04 1.98524e+04
6.04659e+00 1.95488e+04 1.99383e+04
6.13079e+00 1.96297e+04 2.00251e+04
6.21616e+00 1.97114e+04 2.01128e+04
6.30273e+00 1.97940e+04 2.02015e+04
6.39050e+00 1.98775e+04 2.02912e+04
6.47949e+00 1.99618e+04 2.03818e+04
6.56971e+00 2.00470e+04 2.04734e+04
6.66120e+00 2.01330e+04 2.05660e+04
6.75396e+00 2.02200e+04 2.06596e+04
6.84801e+00 2.03078e+04 2.07542e+04
6.94337e+00 2.03966e+04 2.08497e+04
7.04006e+00 2.04862e+04 2.09463e+04
7.13810e+00 2.05768e+04 2.10439e+04
7.23750e+00 2.06683e+04 2.11426e+04
7.33828e+00 2.07607e+04 2.12422e+04
7.44047e+00 2.08540e+04 2.13429e+04
7.54408e+00 2.09482e+04 2.14447e+04
7.64914e+00 2.10434e+04 2.15475e+04
7.75566e+00 2.11395e+04 2.16514e+04
7.86366e+00 2.12366e+04 2.17563e+04
7.97316e+00 2.13346e+04 2.18624e+04
8.08419e+00 2.14335e+04 2.19694e+04
8.19677e+00 2.15333e+04 2.20776e+04
8.31091e+00 2.16341e+04 2.21868e+04
8.42664e+00 2.17358e+04 2.22971e+04
8.54399e+00 2.18384e+04 2.24085e+04
8.66297e+00 2.19420e+04 2.25209e+04
8.78360e+00 2.20464e+04 2.26345e+04
8.90592e+00 2.21518e+04 2.27491e+04
9.02994e+00 2.22581e+04 2.28647e+04
9.15568e+00 2.23652e+04 2.29814e+04
9.28318e+00 2.24732e+04 2.30992e+04
9.41245e+00 2.25820e+04 2.32180e+04
9.54352e+00 2.26917e+04 2.33379e+04
9.67642e+00 2.28022e+04 2.34587e+04
9.81117e+00 2.29135e+04 2.35806e+04
9.94779e+00 2.30255e+04 2.37034e+04
1.00863e+01 2.31383e+04 2.38272e+04
1.02268e+01 2.32519e+04 2.39520e+04
1.03692e+01 2.33661e+04 2.40776e+04
1.05136e+01 2.34809e+04 2.42042e+04
1.06600e+01 2.35964e+04 2.43317e+04
1.08084e+01 2.37124e+04 2.44600e+04
1.09589e+01 2.38290e+04 2.45891e+04
1.11116e+01 2.39461e+04 2.47190e+04
1.12663e+01 2.40636e+04 2.48496e+04
1.14232e+01 2.41816e+04 2.49810e+04
1.15822e+01 2.42999e+04 2.51130e+04
1.17435e+01 2.44186e+04 2.52456e+04
1.19071e+01 2.45375e+04 2.53789e+04
1.20729e+01 2.46566e+04 2.55127e+04
1.22410e+01 2.47759e+04 2.56470e+04
1.24115e+01 2.48953e+04 2.57817e+04
1.25843e+01 2.50148e+04 2.59169e+04
1.27595e+01 2.51343e+04 2.60524e+04
1.29372e+01 2.52537e+04 2.61882e+04
1.31174e+01 2.53731e+04 2.63243e+04
1.33000e+01 2.54923e+04 2.64606e+04
1.34852e+01 2.56113e+04 2.65972e+04
1.36730e+01 2.57301e+04 2.67338e+04
1.38634e+01 2.58487e+04 2.68706e+04
1.40565e+01 2.59669e+04 2.70074e+04
1.42522e+01 2.60848e+04 2.71442e+04
1.44507e+01 2.62024e+04 2.72810e+04
1.46519e+01 2.63195e+04 2.74178e+04
1.48560e+01 2.64362e+04 2.75545e+04
1.50628e+01 2.65525e+04 2.76911e+04
1.52726e+01 2.66684e+04 2.78276e+04
1.54853e+01 2.67838e+04 2.79639e+04
1.57009e+01 2.68988e+04 2.81002e+04
1.59196e+01 2.70133e+04 2.82363e+04
1.61412e+01 2.71274e+04 2.83722e+04
1.63660e+01 2.72411e+04 2.85080e+04
1.65939e+01 2.73544e+04 2.86437e+04
1.68250e+01 2.74674e+04 2.87793e+04
1.70593e+01 2.75800e+04 2.89149e+04
1.72968e+01 2.76923e+04 2.90503e+04
1.75377e+01 2.78044e+04 2.91858e+04
1.77819e+01 2.79163e+04 2.93213e+04
1.80296e+01 2.80281e+04 2.94568e+04
1.82806e+01 2.81398e+04 2.95924e+04
1.85352e+01 2.82514e+04 2.97283e+04
1.87933e+01 2.83631e+04 2.98643e+04
1.90550e+01 2.84749e+04 3.00006e+04
1.93203e+01 2.85868e+04 3.01372e+04
1.95894e+01 2.86990e+04 3.02743e+04
1.98622e+01 2.88115e+04 3.04118e+04
2.01388e+01 2.89243e+04 3.05499e+04
2.04192e+01 2.90376e+04 3.06885e+04
2.07036e+01 2.91515e+04 3.08279e+04
2.09919e+01 2.92659e+04 3.09680e+04
2.12842e+01 2.93810e+04 3.11090e+04
2.15806e+01 2.94968e+04 3.12509e+04
2.18811e+01 2.96135e+04 3.13938e+04
2.21858e+01 2.97311e+04 3.15378e+04
2.24947e+01 2.98496e+04 3.16829e+04
2.28080e+01 2.99691e+04 3.18293e+04
2.31256e+01 3.00897e+04 3.19769e+04
2.34476e+01 3.02115e+04 3.21260e+04
2.37742e+01 3.03345e+04 3.22765e+04
2.41052e+01 3.04588e+04 3.24285e+04
2.44409e+01 3.05844e+04 3.25822e+04
2.47812e+01 3.07114e+04 3.27375e+04
2.51263e+01 3.08400e+04 3.28946e+04
2.54762e+01 3.09700e+04 3.30535e+04
2.58310e+01 3.11016e+04 3.32142e+04
2.61907e+01 3.12349e+04 3.33770e+04
2.65554e+01 3.13698e+04 3.35417e+04
2.69252e+01 3.15065e+04 3.37086e+04
2.73002e+01 3.16450e+04 3.38776e+04
2.76803e+01 3.17853e+04 3.40488e+04
2.80658e+01 3.19275e+04 3.42223e+04
2.84566e+01 3.20716e+04 3.43981e+04
2.88529e+01 3.22177e+04 3.45764e+04
2.92547e+01 3.23659e+04 3.47571e+04
2.96621e+01 3.25161e+04 3.49403e+04
3.00751e+01 3.26673e+04 3.51260e+04
3.04939e+01 3.28170e+04 3.53144e+04
3.09186e+01 3.29663e+04 3.55055e+04
3.13491e+01 3.31163e+04 3.56993e+04
3.17857e+01 3.32679e+04 3.58962e+04
3.22283e+01 3.34219e+04 3.60933e+04
3.26771e+01 3.35790e+04 3.62899e+04
3.31321e+01 3.37396e+04 3.64872e+04
3.35935e+01 3.39043e+04 3.66861e+04
3.40613e+01 3.40734e+04 3.68875e+04
3.45356e+01 3.42472e+04 3.70921e+04
3.50165e+01 3.44260e+04 3.73004e+04
3.55042e+01 3.46100e+04 3.75132e+04
3.59986e+01 3.47993e+04 3.77307e+04
3.64999e+01 3.49940e+04 3.79534e+04
3.70081e+01 3.51943e+04 3.81815e+04
3.75235e+01 3.54001e+04 3.84155e+04
3.80460e+01 3.56116e+04 3.86554e+04
3.85758e+01 3.58286e+04 3.89015e+04
3.91130e+01 3.60513e+04 3.91539e+04
3.96577e+01 3.62796e+04 3.94128e+04
4.02099e+01 3.65135e+04 3.96781e+04
4.07699e+01 3.67529e+04 3.99501e+04
4.13376e+01 3.69979e+04 4.02287e+04
4.19132e+01 3.72483e+04 4.05139e+04
4.24969e+01 3.75042e+04 4.08059e+04
4.30887e+01 3.77655e+04 4.11045e+04
4.36887e+01 3.80321e+04 4.14099e+04
4.42971e+01 3.83040e+04 4.17221e+04
4.49140e+01 3.85813e+04 4.20409e+04
4.55394e+01 3.88637e+04 4.23664e+04
4.61736e+01 3.91513e+04 4.26987e+04
4.68165e+01 3.94442e+04 4.30376e+04
4.74685e+01 3.97421e+04 4.33833e+04
4.81295e+01 4.00452e+04 4.37356e+04
4.87997e+01 4.03535e+04 4.40946e+04
4.94793e+01 4.06668e+04 4.44603e+04
5.01683e+01 4.09852e+04 4.48326e+04
5.08669e+01 4.13088e+04 4.52116e+04
5.15753e+01 4.16374e+04 4.55974e+04
5.22935e+01 4.19712e+04 4.59898e+04
5.30217e+01 4.23102e+04 4.63890e+04
5.37600e+01 4.26542e+04 4.67949e+04
5.45087e+01 4.30035e+04 4.72077e+04
5.52677e+01 4.33581e+04 4.76272e+04
5.60373e+01 4.37179e+04 4.80536e+04
5.68177e+01 4.40830e+04 4.84869e+04
5.76089e+01 4.44535e+04 4.89271e+04
5.84111e+01 4.48294e+04 4.93743e+04
5.92245e+01 4.52108e+04 4.98286e+04
6.00492e+01 4.55977e+04 5.02901e+04
6.08854e+01 4.59902e+04 5.07587e+04
6.17333e+01 4.63885e+04 5.12346e+04
6.25930e+01 4.67925e+04 5.17178e+04
6.34646e+01 4.72023e+04 5.22085e+04
6.43484e+01 4.76181e+04 5.27068e+04
6.52444e+01 4.80399e+04 5.32126e+04
6.61530e+01 4.84678e+04 5.37262e+04
6.70742e+01 4.89020e+04 5.42477e+04
6.80082e+01 4.93424e+04 5.47770e+04
6.89553e+01 4.97893e+04 5.53145e+04
6.99155e+01 5.02427e+04 5.58601e+04
7.08891e+01 5.07028e+04 5.64140e+04
7.18763e+01 5.11696e+04 5.69764e+04
7.28772e+01 5.16433e+04 5.75473e+04
7.38920e+01 5.21239e+04 5.81269e+04
7.49210e+01 5.26117e+04 5.87154e+04
7.59643e+01 5.31068e+04 5.93129e+04
7.70221e+01 5.36092e+04 5.99195e+04
7.80947e+01 5.41191e+04 6.05354e+04
7.91822e+01 5.46366e+04 6.11608e+04
8.02848e+01 5.51620e+04 6.17957e+04
8.14028e+01 5.56952e+04 6.24405e+04
8.25364e+01 5.62365e+04 6.30952e+04
8.36858e+01 5.67861e+04 6.37600e+04
8.48511e+01 5.73439e+04 6.44352e+04
8.60327e+01 5.79103e+04 6.51208e+04
8.72308e+01 5.84854e+04 6.58171e+04
8.84455e+01 5.90693e+04 6.65242e+04
8.96771e+01 5.96621e+04 6.72424e+04
9.09259e+01 6.02641e+04 6.79719e+04
9.21921e+01 6.08755e+04 6.87128e+04
9.34759e+01 6.14962e+04 6.94653e+04
9.47776e+01 6.21267e+04 7.02297e+04
9.60974e+01 6.27669e+04 7.10062e+04
9.74356e+01 6.34171e+04 7.17950e+04
9.87924e+01 6.40775e+04 7.25963e+04
1.00168e+02 6.47483e+04 7.34103e+04
1.01563e+02 6.54295e+04 7.42373e+04
1.02977e+02 6.61215e+04 7.50775e+04
1.04411e+02 6.68244e+04 7.59312e+04
1.05865e+02 6.75384e+04 7.67985e+04
1.07340e+02 6.82637e+04 7.76797e+04
1.08834e+02 6.90005e+04 7.85751e+04
1.10350e+02 6.97490e+04 7.94849e+04
1.11887e+02 7.05094e+04 8.04094e+04
1.13445e+02 7.12819e+04 8.13488e+04
1.15024e+02 7.20667e+04 8.23034e+04
1.16626e+02 7.28641e+04 8.32736e+04
1.18250e+02 7.36742e+04 8.42594e+04
1.19897e+02 7.44972e+04 8.52613e+04
1.21566e+02 7.53335e+04 8.62796e+04
1.23259e+02 7.61831e+04 8.73144e+04
1.24976e+02 7.70465e+04 8.83662e+04
1.26716e+02 7.79237e+04 8.94351e+04
1.28481e+02 7.88150e+04 9.05216e+04
1.30270e+02 7.97207e+04 9.16259e+04
1.32084e+02 8.06411e+04 9.27484e+04
1.33923e+02 8.15763e+04 9.38893e+04
1.35788e+02 8.25266e+04 9.50489e+04
1.37679e+02 8.34923e+04 9.62278e+04
1.39596e+02 8.44736e+04 9.74260e+04
1.41540e+02 8.54708e+04 9.86441e+04
1.43511e+02 8.64843e+04 9.98823e+04
1.45510e+02 8.75142e+04 1.01141e+05
1.47536e+02 8.85608e+04 1.02421e+05
1.49590e+02 8.96244e+04 1.03721e+05
1.51674e+02 9.07054e+04 1.05044e+05
1.53786e+02 9.18039e+04 1.06388e+05
1.55927e+02 9.29204e+04 1.07755e+05
1.58099e+02 9.40551e+04 1.09145e+05
1.60300e+02 9.52083e+04 1.10558e+05
1.62532e+02 9.63804e+04 1.11994e+05
1.64796e+02 9.75716e+04 1.13454e+05
1.67091e+02 9.87823e+04 1.14939e+05
1.69417e+02 1.00013e+05 1.16449e+05
1.71777e+02 1.01263e+05 1.17984e+05
1.74169e+02 1.02535e+05 1.19544e+05
1.76594e+02 1.03827e+05 1.21131e+05
1.79053e+02 1.05140e+05 1.22745e+05
1.81547e+02 1.06475e+05 1.24386e+05
1.84075e+02 1.07831e+05 1.26054e+05
1.86638e+02 1.09210e+05 1.27750e+05
1.89237e+02 1.10612e+05 1.29475e+05
1.91872e+02 1.12037e+05 1.31229e+05
1.94544e+02 1.13485e+05 1.33013e+05
1.97253e+02 1.14957e+05 1.34826e+05
2.00000e+02 1.16453e+05 1.36671e+05
2.02785e+02 1.17974e+05 1.38546e+05
2.05609e+02 1.19521e+05 1.40454e+05
2.08472e+02 1.21092e+05 1.42393e+05
2.11375e+02 1.22690e+05 1.44366e+05
2.14319e+02 1.24314e+05 1.46372e+05
2.17303e+02 1.25965e+05 1.48412e+05
2.20329e+02 1.27643e+05 1.50486e+05
2.23397e+02 1.29349e+05 1.52596e+05
2.26508e+02 1.31083e+05 1.54742e+05
2.29662e+02 1.32847e+05 1.56924e+05
2.32861e+02 1.34639e+05 1.59144e+05
2.36103e+02 1.36461e+05 1.61401e+05
2.39391e+02 1.38313e+05 1.63697e+05
2.42725e+02 1.40196e+05 1.66032e+05
2.46105e+02 1.42111e+05 1.68407e+05
2.49532e+02 1.44057e+05 1.70822e+05
2.53007e+02 1.46036e+05 1.73279e+05
2.56530e+02 1.48048e+05 1.75777e+05
2.60102e+02 1.50093e+05 1.78319e+05
2.63724e+02 1.52172e+05 1.80904e+05
2.67397e+02 1.54286e+05 1.83533e+05
2.71120e+02 1.56435e+05 1.86207e+05
2.74896e+02 1.58620e+05 1.88927e+05
2.78724e+02 1.60842e+05 1.91694e+05
2.82605e+02 1.63101e+05 1.94509e+05
2.86541e+02 1.65397e+05 1.97372e+05
2.90531e+02 1.67732e+05 2.00284e+05
2.94577e+02 1.70107e+05 2.03246e+05
2.98679e+02 1.72521e+05 2.06259e+05
3.02838e+02 1.74975e+05 2.09324e+05
3.07055e+02 1.77471e+05 2.12442e+05
3.11331e+02 1.80008e+05 2.15614e+05
3.15666e+02 1.82588e+05 2.18840e+05
3.20062e+02 1.85212e+05 2.22122e+05
3.24519e+02 1.87879e+05 2.25461e+05
3.29038e+02 1.90592e+05 2.28858e+05
3.33620e+02 1.93350e+05 2.32313e+05
3.38266e+02 1.96155e+05 2.35828e+05
3.42976e+02 1.99007e+05 2.39404e+05
3.47752e+02 2.01907e+05 2.43042e+05
3.52595e+02 2.04856e+05 2.46743e+05
3.57505e+02 2.07854e+05 2.50508e+05
3.62484e+02 2.10904e+05 2.54339e+05
3.67531e+02 2.14005e+05 2.58236e+05
3.72649e+02 2.17158e+05 2.62201e+05
3.77839e+02 2.20365e+05 2.66235e+05
3.83100e+02 2.23626e+05 2.70339e+05
3.88435e+02 2.26943e+05 2.74514e+05
3.93844e+02 2.30315e+05 2.78762e+05
3.99328e+02 2.33745e+05 2.83084e+05
4.04889e+02 2.37233e+05 2.87482e+05
4.10528e+02 2.40780e+05 2.91956e+05
4.16244e+02 2.44388e+05 2.96508e+05
4.22041e+02 2.48057e+05 3.01140e+05
4.27918e+02 2.51788e+05 3.05852e+05
4.33877e+02 2.55583e+05 3.10647e+05
4.39919e+02 2.59442e+05 3.15526e+05
4.46045e+02 2.63368e+05 3.20490e+05
4.52256e+02 2.67360e+05 3.25541e+05
4.58554e+02 2.71420e+05 3.30681e+05
4.64939e+02 2.75550e+05 3.35911e+05
4.71414e+02 2.79750e+05 3.41232e+05
4.77979e+02 2.84022e+05 3.46647e+05
4.84635e+02 2.88367e+05 3.52156e+05
4.91383e+02 2.92787e+05 3.57763e+05
4.98226e+02 2.97282e+05 3.63468e+05
5.05164e+02 3.01854e+05 3.69273e+05
5.12199e+02 3.06504e+05 3.75181e+05
5.19331e+02 3.11235e+05 3.81192e+05
5.26563e+02 3.16046e+05 3.87309e+05
5.33896e+02 3.20940e+05 3.93534e+05
5.41330e+02 3.25918e+05 3.99869e+05
5.48869e+02 3.30982e+05 4.06315e+05
5.56512e+02 3.36133e+05 4.12875e+05
5.64262e+02 3.41372e+05 4.19551e+05
5.72119e+02 3.46702e+05 4.26345e+05
5.80086e+02 3.52124e+05 4.33259e+05
5.88164e+02 3.57639e+05 4.40295e+05
5.96354e+02 3.63249e+05 4.47455e+05
6.04659e+02 3.68956e+05 4.54742e+05
6.13079e+02 3.74761e+05 4.62158e+05
6.21616e+02 3.80667e+05 4.69706e+05
6.30273e+02 3.86675e+05 4.77387e+05
6.39050e+02 3.92787e+05 4.85204e+05
6.47949e+02 3.99005e+05 4.93160e+05
6.56971e+02 4.05330e+05 5.01257e+05
6.66120e+02 4.11765e+05 5.09498e+05
6.75396e+02 4.18312e+05 5.17886e+05
6.84801e+02 4.24972e+05 5.26422e+05
6.94337e+02 4.31748e+05 5.35110e+05
7.04006e+02 4.38641e+05 5.43953e+05
7.13810e+02 4.45655e+05 5.52953e+05
7.23750e+02 4.52790e+05 5.62113e+05
7.33828e+02 4.60049e+05 5.71436e+05
7.44047e+02 4.67435e+05 5.80926e+05
7.54408e+02 4.74949e+05 5.90584e+05
7.64914e+02 4.82594e+05 6.00415e+05
7.75566e+02 4.90372e+05 6.10421e+05
7.86366e+02 4.98286e+05 6.20606e+05
7.97316e+02 5.06339e+05 6.30973e+05
8.08419e+02 5.14531e+05 6.41525e+05
8.19677e+02 5.22867e+05 6.52266e+05
8.31091e+02 5.31349e+05 6.63199e+05
8.42664e+02 5.39979e+05 6.74327e+05
8.54399e+02 5.48760e+05 6.85654e+05
8.66297e+02 5.57694e+05 6.97185e+05
8.78360e+02 5.66786e+05 7.08922e+05
8.90592e+02 5.76036e+05 7.20869e+05
9.02994e+02 5.85449e+05 7.33031e+05
9.15568e+02 5.95027e+05 7.45410e+05
9.28318e+02 6.04773e+05 7.58012e+05
9.41245e+02 6.14690e+05 7.70840e+05
9.54352e+02 6.24781e+05 7.83899e+05
9.67642e+02 6.35050e+05 7.97192e+05
9.81117e+02 6.45499e+05 8.10724e+05
9.94779e+02 6.56133e+05 8.24499e+05
1.00863e+03 6.66953e+05 8.38522e+05
1.02268e+03 6.77964e+05 8.52798e+05
1.03692e+03 6.89169e+05 8.67331e+05
1.05136e+03 7.00572e+05 8.82125e+05
1.06600e+03 7.12176e+05 8.97186e+05
1.08084e+03 7.23985e+05 9.12519e+05
1.09589e+03 7.36002e+05 9.28128e+05
1.11116e+03 7.48231e+05 9.44019e+05
1.12663e+03 7.60677e+05 9.60197e+05
1.14232e+03 7.73343e+05 9.76666e+05
1.15822e+03 7.86233e+05 9.93434e+05
1.17435e+03 7.99351e+05 1.01050e+06
1.19071e+03 8.12702e+05 1.02788e+06
1.20729e+03 8.26289e+05 1.04558e+06
1.22410e+03 8.40117e+05 1.06359e+06
1.24115e+03 8.54190e+05 1.08193e+06
1.25843e+03 8.68513e+05 1.10060e+06
1.27595e+03 8.83090e+05 1.11961e+06
1.29372e+03 8.97926e+05 1.13897e+06
1.31174e+03 9.13026e+05 1.15867e+06
1.33000e+03 9.28394e+05 1.17873e+06
1.34852e+03 9.44036e+05 1.19916e+06
1.36730e+03 9.59956e+05 1.21996e+06
1.38634e+03 9.76159e+05 1.24113e+06
1.40565e+03 9.92651e+05 1.26269e+06
1.42522e+03 1.00944e+06 1.28464e+06
1.44507e+03 1.02652e+06 1.30699e+06
1.46519e+03 1.04391e+06 1.32975e+06
1.48560e+03 1.06161e+06 1.35292e+06
1.50628e+03 1.07963e+06 1.37651e+06
1.52726e+03 1.09797e+06 1.40053e+06
1.54853e+03 1.11663e+06 1.42499e+06
1.57009e+03 1.13563e+06 1.44990e+06
1.59196e+03 1.15497e+06 1.47526e+06
1.61412e+03 1.17466e+06 1.50108e+06
1.63660e+03 1.19469e+06 1.52737e+06
1.65939e+03 1.21509e+06 1.55414e+06
1.68250e+03 1.23585e+06 1.58140e+06
1.70593e+03 1.25699e+06 1.60916e+06
1.72968e+03 1.27850e+06 1.63743e+06
1.75377e+03 1.30040e+06 1.66621e+06
1.77819e+03 1.32269e+06 1.69551e+06
1.80296e+03 1.34538e+06 1.72536e+06
1.82806e+03 1.36848e+06 1.75575e+06
1.85352e+03 1.39200e+06 1.78669e+06
1.87933e+03 1.41593e+06 1.81820e+06
1.90550e+03 1.44030e+06 1.85029e+06
1.93203e+03 1.46511e+06 1.88297e+06
1.95894e+03 1.49036e+06 1.91624e+06
1.98622e+03 1.51607e+06 1.95013e+06
2.01388e+03 1.54224e+06 1.98463e+06
2.04192e+03 1.56888e+06 2.01977e+06
2.07036e+03 1.59601e+06 2.05555e+06
2.09919e+03 1.62362e+06 2.09199e+06
2.12842e+03 1.65173e+06 2.12910e+06
2.15806e+03 1.68035e+06 2.16689e+06
2.18811e+03 1.70948e+06 2.20538e+06
2.21858e+03 1.73914e+06 2.24457e+06
2.24947e+03 1.76934e+06 2.28448e+06
2.28080e+03 1.80008e+06 2.32513e+06
2.31256e+03 1.83138e+06 2.36652e+06
2.34476e+03 1.86325e+06 2.40867e+06
2.37742e+03 1.89569e+06 2.45161e+06
2.41052e+03 1.92872e+06 2.49533e+06
2.44409e+03 1.96235e+06 2.53985e+06
2.47812e+03 1.99659e+06 2.58520e+06
2.51263e+03 2.03145e+06 2.63138e+06
2.54762e+03 2.06694e+06 2.67842e+06
2.58310e+03 2.10307e+06 2.72632e+06
2.61907e+03 2.13986e+06 2.77510e+06
2.65554e+03 2.17732e+06 2.82479e+06
2.69252e+03 2.21546e+06 2.87539e+06
2.73002e+03 2.25429e+06 2.92693e+06
2.76803e+03 2.29383e+06 2.97942e+06
2.80658e+03 2.33409e+06 3.03288e+06
2.84566e+03 2.37508e+06 3.08732e+06
2.88529e+03 2.41681e+06 3.14277e+06
2.92547e+03 2.45931e+06 3.19925e+06
2.96621e+03 2.50258e+06 3.25678e+06
3.00751e+03 2.54664e+06 3.31536e+06
3.04939e+03 2.59150e+06 3.37503e+06
3.09186e+03 2.63718e+06 3.43581e+06
3.13491e+03 2.68369e+06 3.49771e+06
3.17857e+03 2.73105e+06 3.56076e+06
3.22283e+03 2.77927e+06 3.62498e+06
3.26771e+03 2.82838e+06 3.69039e+06
3.31321e+03 2.87838e+06 3.75701e+06
3.35935e+03 2.92930e+06 3.82486e+06
3.40613e+03 2.98115e+06 3.89398e+06
3.45356e+03 3.03394e+06 3.96437e+06
3.50165e+03 3.08770e+06 4.03608e+06
3.55042e+03 3.14245e+06 4.10911e+06
3.59986e+03 3.19819e+06 4.18350e+06
3.64999e+03 3.25496e+06 4.25928e+06
3.70081e+03 3.31276e+06 4.33646e+06
3.75235e+03 3.37163e+06 4.41507e+06
3.80460e+03 3.43157e+06 4.49515e+06
3.85758e+03 3.49262e+06 4.57672e+06
3.91130e+03 3.55478e+06 4.65980e+06
3.96577e+03 3.61809e+06 4.74444e+06
4.02099e+03 3.68255e+06 4.83064e+06
4.07699e+03 3.74820e+06 4.91845e+06
4.13376e+03 3.81505e+06 5.00790e+06
4.19132e+03 3.88314e+06 5.09901e+06
4.24969e+03 3.95247e+06 5.19183e+06
4.30887e+03 4.02308e+06 5.28637e+06
4.36887e+03 4.09499e+06 5.38267e+06
4.42971e+03 4.16822e+06 5.48077e+06
4.49140e+03 4.24279e+06 5.58070e+06
4.55394e+03 4.31874e+06 5.68249e+06
4.61736e+03 4.39609e+06 5.78619e+06
4.68165e+03 4.47487e+06 5.89182e+06
4.74685e+03 4.55509e+06 5.99942e+06
4.81295e+03 4.63679e+06 6.10903e+06
4.87997e+03 4.72000e+06 6.22069e+06
4.94793e+03 4.80475e+06 6.33444e+06
5.01683e+03 4.89106e+06 6.45031e+06
5.08669e+03 4.97896e+06 6.56835e+06
5.15753e+03 5.06848e+06 6.68860e+06
5.22935e+03 5.15965e+06 6.81110e+06
5.30217e+03 5.25251e+06 6.93589e+06
5.37600e+03 5.34709e+06 7.06301e+06
5.45087e+03 5.44341e+06 7.19252e+06
5.52677e+03 5.54152e+06 7.32445e+06
5.60373e+03 5.64143e+06 7.45885e+06
5.68177e+03 5.74320e+06 7.59577e+06
5.76089e+03 5.84685e+06 7.73525e+06
5.84111e+03 5.95242e+06 7.87735e+06
5.92245e+03 6.05994e+06 8.02212e+06
6.00492e+03 6.16945e+06 8.16960e+06
6.08854e+03 6.28100e+06 8.31984e+06
6.17333e+03 6.39461e+06 8.47291e+06
6.25930e+03 6.51032e+06 8.62884e+06
6.34646e+03 6.62818e+06 8.78771e+06
6.43484e+03 6.74823e+06 8.94955e+06
6.52444e+03 6.87050e+06 9.11444e+06
6.61530e+03 6.99505e+06 9.28242e+06
6.70742e+03 7.12190e+06 9.45356e+06
6.80082e+03 7.25111e+06 9.62792e+06
6.89553e+03 7.38272e+06 9.80556e+06
6.99155e+03 7.51678e+06 9.98653e+06
7.08891e+03 7.65333e+06 1.01709e+07
7.18763e+03 7.79241e+06 1.03588e+07
7.28772e+03 7.93408e+06 1.05501e+07
7.38920e+03 8.07839e+06 1.07451e+07
7.49210e+03 8.22538e+06 1.09438e+07
7.59643e+03 8.37511e+06 1.11462e+07
7.70221e+03 8.52762e+06 1.13524e+07
7.80947e+03 8.68297e+06 1.15625e+07
7.91822e+03 8.84122e+06 1.17765e+07
8.02848e+03 9.00242e+06 1.19946e+07
8.14028e+03 9.16661e+06 1.22168e+07
8.25364e+03 9.33387e+06 1.24432e+07
8.36858e+03 9.50425e+06 1.26738e+07
8.48511e+03 9.67781e+06 1.29088e+07
8.60327e+03 9.85460e+06 1.31482e+07
8.72308e+03 1.00347e+07 1.33922e+07
8.84455e+03 1.02181e+07 1.36408e+07
8.96771e+03 1.04050e+07 1.38940e+07
9.09259e+03 1.05954e+07 1.41520e+07
9.21921e+03 1.07893e+07 1.44149e+07
9.34759e+03 1.09869e+07 1.46828e+07
9.47776e+03 1.11881e+07 1.49557e+07
9.60974e+03 1.13931e+07 1.52338e+07
9.74356e+03 1.16019e+07 1.55172e+07
9.87924e+03 1.18147e+07 1.58059e+07
1.00168e+04 1.20314e+07 1.61001e+07
1.01563e+04 1.22522e+07 1.63998e+07
1.02977e+04 1.24771e+07 1.67052e+07
1.04411e+04 1.27062e+07 1.70164e+07
1.05865e+04 1.29396e+07 1.73334e+07
1.07340e+04 1.31774e+07 1.76565e+07
1.08834e+04 1.34196e+07 1.79857e+07
1.10350e+04 1.36664e+07 1.83211e+07
1.11887e+04 1.39178e+07 1.86629e+07
1.13445e+04 1.41739e+07 1.90111e+07
1.15024e+04 1.44348e+07 1.93660e+07
1.16626e+04 1.47006e+07 1.97276e+07
1.18250e+04 1.49714e+07 2.00960e+07
1.19897e+04 1.52473e+07 2.04714e+07
1.21566e+04 1.55284e+07 2.08539e+07
1.23259e+04 1.58147e+07 2.12437e+07
1.24976e+04 1.61064e+07 2.16409e+07
1.26716e+04 1.64036e+07 2.20456e+07
1.28481e+04 1.67064e+07 2.24580e+07
1.30270e+04 1.70148e+07 2.28783e+07
1.32084e+04 1.73291e+07 2.33065e+07
1.33923e+04 1.76493e+07 2.37428e+07
1.35788e+04 1.79755e+07 2.41875e+07
1.37679e+04 1.83078e+07 2.46406e+07
1.39596e+04 1.86464e+07 2.51022e+07
1.41540e+04 1.89914e+07 2.55727e+07
1.43511e+04 1.93428e+07 2.60521e+07
1.45510e+04 1.97009e+07 2.65406e+07
1.47536e+04 2.00657e+07 2.70385e+07
1.49590e+04 2.04374e+07 2.75457e+07
1.51674e+04 2.08161e+07 2.80627e+07
1.53786e+04 2.12019e+07 2.85894e+07
1.55927e+04 2.15950e+07 2.91262e+07
1.58099e+04 2.19955e+07 2.96732e+07
1.60300e+04 2.24035e+07 3.02307e+07
1.62532e+04 2.28193e+07 3.07987e+07
1.64796e+04 2.32429e+07 3.13776e+07
1.67091e+04 2.36745e+07 3.19674e+07
1.69417e+04 2.41142e+07 3.25686e+07
1.71777e+04 2.45623e+07 3.31811e+07
1.74169e+04 2.50188e+07 3.38054e+07
1.76594e+04 2.54839e+07 3.44415e+07
1.79053e+04 2.59578e+07 3.50898e+07
1.81547e+04 2.64406e+07 3.57504e+07
1.84075e+04 2.69326e+07 3.64237e+07
1.86638e+04 2.74339e+07 3.71098e+07
1.89237e+04 2.79447e+07 3.78089e+07
1.91872e+04 2.84651e+07 3.85215e+07
1.94544e+04 2.89954e+07 3.92476e+07
1.97253e+04 2.95357e+07 3.99875e+07
2.00000e+04 3.00862e+07 4.07416e+07
