# r/r_i 			 βuii_eff(r/r_i)
1.000000000000000021e-02 8.094219653500049390e+03
2.000000000000000042e-02 3.998380717856511183e+03
2.999999999999999889e-02 2.633116484169469004e+03
4.000000000000000083e-02 1.950501691924068382e+03
5.000000000000000278e-02 1.540951276245884628e+03
5.999999999999999778e-02 1.267936868070645914e+03
7.000000000000000666e-02 1.072946294225367637e+03
8.000000000000000167e-02 9.267234525070588234e+02
8.999999999999999667e-02 8.130149367673177494e+02
1.000000000000000056e-01 7.220686870034716094e+02
1.100000000000000006e-01 6.476788303646491158e+02
1.199999999999999956e-01 5.857081017082422250e+02
1.300000000000000044e-01 5.332922239505562629e+02
1.400000000000000133e-01 4.883852683156761145e+02
1.499999999999999944e-01 4.494868705306491279e+02
1.600000000000000033e-01 4.154717409907127603e+02
1.700000000000000122e-01 3.854793478480358431e+02
1.799999999999999933e-01 3.588403724423190511e+02
1.900000000000000022e-01 3.350263893679256171e+02
2.000000000000000111e-01 3.136146425542125940e+02
2.099999999999999922e-01 2.942628853539764577e+02
2.200000000000000011e-01 2.766910824548741630e+02
2.300000000000000100e-01 2.606678852321848581e+02
2.399999999999999911e-01 2.460004882883808079e+02
2.500000000000000000e-01 2.325269204464131008e+02
2.600000000000000089e-01 2.201101147660958190e+02
2.700000000000000178e-01 2.086332963546025780e+02
2.800000000000000266e-01 1.979963585218013407e+02
2.899999999999999800e-01 1.881129887137147421e+02
2.999999999999999889e-01 1.789083692751953834e+02
3.099999999999999978e-01 1.703173232410197500e+02
3.200000000000000067e-01 1.622828078048409850e+02
3.300000000000000155e-01 1.547546817155712802e+02
3.400000000000000244e-01 1.476886902038354776e+02
3.500000000000000333e-01 1.410456239319891836e+02
3.599999999999999867e-01 1.347906181293496957e+02
3.699999999999999956e-01 1.288925653906954381e+02
3.800000000000000044e-01 1.233236211996836431e+02
3.900000000000000133e-01 1.180587855339176855e+02
4.000000000000000222e-01 1.130755472370706940e+02
4.100000000000000311e-01 1.083535804414710384e+02
4.199999999999999845e-01 1.038744843658404164e+02
4.299999999999999933e-01 9.962155942690239385e+01
4.400000000000000022e-01 9.557961388747865783e+01
4.500000000000000111e-01 9.173479629080337361e+01
4.600000000000000200e-01 8.807444975693628919e+01
4.700000000000000289e-01 8.458698488511754476e+01
4.799999999999999822e-01 8.126176854862099219e+01
4.899999999999999911e-01 7.808902631168736264e+01
5.000000000000000000e-01 7.505975656141389152e+01
5.100000000000000089e-01 7.216565474663238433e+01
5.200000000000000178e-01 6.939904636322336273e+01
5.300000000000000266e-01 6.675282753067662611e+01
5.400000000000000355e-01 6.422041217587211293e+01
5.500000000000000444e-01 6.179568498319525816e+01
5.600000000000000533e-01 5.947295939023829447e+01
5.700000000000000622e-01 5.724694000950534445e+01
5.799999999999999600e-01 5.511268894201435842e+01
5.899999999999999689e-01 5.306559552110824285e+01
5.999999999999999778e-01 5.110134908635568962e+01
6.099999999999999867e-01 4.921591443990662640e+01
6.199999999999999956e-01 4.740550968252083663e+01
6.300000000000000044e-01 4.566658616495087131e+01
6.400000000000000133e-01 4.399581032339168019e+01
6.500000000000000222e-01 4.239004719618252892e+01
6.600000000000000311e-01 4.084634544352694263e+01
6.700000000000000400e-01 3.936192371327928896e+01
6.800000000000000488e-01 3.793415821431199220e+01
6.900000000000000577e-01 3.656057137503228205e+01
7.000000000000000666e-01 3.523882147859317371e+01
7.099999999999999645e-01 3.396669317856958514e+01
7.199999999999999734e-01 3.274208880955339396e+01
7.299999999999999822e-01 3.156302041648495305e+01
7.399999999999999911e-01 3.042760243477513882e+01
7.500000000000000000e-01 2.933404496049969268e+01
7.600000000000000089e-01 2.828064755632684424e+01
7.700000000000000178e-01 2.726579354448084658e+01
7.800000000000000266e-01 2.628794474301620454e+01
7.900000000000000355e-01 2.534563660610278646e+01
8.000000000000000444e-01 2.443747373292132963e+01
8.100000000000000533e-01 2.356212571325032457e+01
8.200000000000000622e-01 2.271832328093246645e+01
8.300000000000000711e-01 2.190485474915071507e+01
8.399999999999999689e-01 2.112056270391843782e+01
8.499999999999999778e-01 2.036434093438360193e+01
8.599999999999999867e-01 1.963513158050389507e+01
8.699999999999999956e-01 1.893192248042574377e+01
8.800000000000000044e-01 1.825374470147962924e+01
8.900000000000000133e-01 1.759967024012498982e+01
9.000000000000000222e-01 1.696880987745124969e+01
9.100000000000000311e-01 1.636031117798906820e+01
9.200000000000000400e-01 1.577335662063927124e+01
9.300000000000000488e-01 1.520716185144367927e+01
9.400000000000000577e-01 1.466097404877919175e+01
9.500000000000000666e-01 1.413407039231860196e+01
9.599999999999999645e-01 1.362575662779923746e+01
9.699999999999999734e-01 1.313536572027154037e+01
9.799999999999999822e-01 1.266225658906589047e+01
9.899999999999999911e-01 1.220581291824132286e+01
1.000000000000000000e+00 1.176544203675997657e+01
1.010000000000000009e+00 1.134057386306063364e+01
1.020000000000000018e+00 1.093065990910445606e+01
1.030000000000000027e+00 1.053517233935334829e+01
1.040000000000000036e+00 1.015360308053300464e+01
1.050000000000000044e+00 9.785462978452532212e+00
1.060000000000000053e+00 9.430280998524008140e+00
1.070000000000000062e+00 9.087603466963956933e+00
1.080000000000000071e+00 8.756993349959085293e+00
1.090000000000000080e+00 8.438029568334131980e+00
1.100000000000000089e+00 8.130306345487118946e+00
1.110000000000000098e+00 7.833432586561301036e+00
1.120000000000000107e+00 7.547031287002975652e+00
1.130000000000000115e+00 7.270738968804433711e+00
1.140000000000000124e+00 7.004205142871549938e+00
1.150000000000000133e+00 6.747091796078928283e+00
1.159999999999999920e+00 6.499072901680594150e+00
1.169999999999999929e+00 6.259833951844076871e+00
1.179999999999999938e+00 6.029071511157525265e+00
1.189999999999999947e+00 5.806492790033574103e+00
1.199999999999999956e+00 5.591815237003339156e+00
1.209999999999999964e+00 5.384766148962409460e+00
1.219999999999999973e+00 5.185082298480597984e+00
1.229999999999999982e+00 4.992509577339190763e+00
1.239999999999999991e+00 4.806802655505376443e+00
1.250000000000000000e+00 4.627724654797049197e+00
1.260000000000000009e+00 4.455046836533095522e+00
1.270000000000000018e+00 4.288548302496804965e+00
1.280000000000000027e+00 4.128015708577907006e+00
1.290000000000000036e+00 3.973242990488379256e+00
1.300000000000000044e+00 3.824031100979662146e+00
1.310000000000000053e+00 3.680187758013468979e+00
1.320000000000000062e+00 3.541527203368455723e+00
1.330000000000000071e+00 3.407869971187325486e+00
1.340000000000000080e+00 3.279042665994166494e+00
1.350000000000000089e+00 3.154877749735603309e+00
1.360000000000000098e+00 3.035213337418299240e+00
1.370000000000000107e+00 2.919893000937165972e+00
1.380000000000000115e+00 2.808765580708414866e+00
1.390000000000000124e+00 2.701685004739930562e+00
1.400000000000000133e+00 2.598510114791054981e+00
1.409999999999999920e+00 2.499104499284968028e+00
1.419999999999999929e+00 2.403336332661691443e+00
1.429999999999999938e+00 2.311078220870635302e+00
1.439999999999999947e+00 2.222207052710780673e+00
1.449999999999999956e+00 2.136603856753263475e+00
1.459999999999999964e+00 2.054153663586426593e+00
1.469999999999999973e+00 1.974745373135164073e+00
1.479999999999999982e+00 1.898271626825577263e+00
1.489999999999999991e+00 1.824628684372113785e+00
1.500000000000000000e+00 1.753716304976619123e+00
1.510000000000000009e+00 1.685437632742561309e+00
1.520000000000000018e+00 1.619699086115719666e+00
1.530000000000000027e+00 1.556410251170669889e+00
1.540000000000000036e+00 1.495483778576204292e+00
1.550000000000000044e+00 1.436835284077422337e+00
1.560000000000000053e+00 1.380383252343465372e+00
1.570000000000000062e+00 1.326048944036888555e+00
1.580000000000000071e+00 1.273756305968726910e+00
1.590000000000000080e+00 1.223431884210554266e+00
1.600000000000000089e+00 1.175004740040448192e+00
1.610000000000000098e+00 1.128406368610731514e+00
1.620000000000000107e+00 1.083570620226655956e+00
1.630000000000000115e+00 1.040433624129904366e+00
1.640000000000000124e+00 9.989337146928423117e-01
1.650000000000000133e+00 9.590113599339417094e-01
1.660000000000000142e+00 9.206090922644064589e-01
1.669999999999999929e+00 8.836714413800746959e-01
1.679999999999999938e+00 8.481448692240238785e-01
1.689999999999999947e+00 8.139777069475039317e-01
1.699999999999999956e+00 7.811200937982768489e-01
1.709999999999999964e+00 7.495239178699388827e-01
1.719999999999999973e+00 7.191427586472135536e-01
1.729999999999999982e+00 6.899318312923353735e-01
1.739999999999999991e+00 6.618479326140926933e-01
1.750000000000000000e+00 6.348493886652749607e-01
1.760000000000000009e+00 6.088960039191850804e-01
1.770000000000000018e+00 5.839490119761767684e-01
1.780000000000000027e+00 5.599710277544283077e-01
1.790000000000000036e+00 5.369260011219522122e-01
1.800000000000000044e+00 5.147791719275230937e-01
1.810000000000000053e+00 4.934970263895571141e-01
1.820000000000000062e+00 4.730472548086253615e-01
1.830000000000000071e+00 4.533987105636749226e-01
1.840000000000000080e+00 4.345213703577792130e-01
1.850000000000000089e+00 4.163862956819596728e-01
1.860000000000000098e+00 3.989655954615715094e-01
1.870000000000000107e+00 3.822323898562252076e-01
1.880000000000000115e+00 3.661607751840299518e-01
1.890000000000000124e+00 3.507257899384321753e-01
1.900000000000000133e+00 3.359033818705416397e-01
1.910000000000000142e+00 3.216703761120028870e-01
1.919999999999999929e+00 3.080044443111487062e-01
1.929999999999999938e+00 2.948840747542527674e-01
1.939999999999999947e+00 2.822885434496752444e-01
1.949999999999999956e+00 2.701978861498467999e-01
1.959999999999999964e+00 2.585928712861263468e-01
1.969999999999999973e+00 2.474549737932563998e-01
1.979999999999999982e+00 2.367663498016504553e-01
1.989999999999999991e+00 2.265098121746226822e-01
2.000000000000000000e+00 2.166688068678321866e-01
2.010000000000000231e+00 2.072273900904688937e-01
2.020000000000000018e+00 1.981702062454648028e-01
2.030000000000000249e+00 1.894824666292476145e-01
2.040000000000000036e+00 1.811499288697079046e-01
2.049999999999999822e+00 1.731588770804142474e-01
2.060000000000000053e+00 1.654961027131917617e-01
2.069999999999999840e+00 1.581488860888045911e-01
2.080000000000000071e+00 1.511049785846783344e-01
2.089999999999999858e+00 1.443525854611817927e-01
2.100000000000000089e+00 1.378803493076847519e-01
2.109999999999999876e+00 1.316773340900175837e-01
2.120000000000000107e+00 1.257330097799022051e-01
2.129999999999999893e+00 1.200372375475133035e-01
2.140000000000000124e+00 1.145802555001524531e-01
2.149999999999999911e+00 1.093526649491110558e-01
2.160000000000000142e+00 1.043454171859230506e-01
2.169999999999999929e+00 9.954980075228024583e-02
2.180000000000000160e+00 9.495742918605092064e-02
2.189999999999999947e+00 9.056022922474807335e-02
2.200000000000000178e+00 8.635042945391442626e-02
2.209999999999999964e+00 8.232054938237627628e-02
2.220000000000000195e+00 7.846338892770886309e-02
2.229999999999999982e+00 7.477201829703108982e-02
2.240000000000000213e+00 7.123976824833105903e-02
2.250000000000000000e+00 6.786022071764928609e-02
2.260000000000000231e+00 6.462719979798228764e-02
2.270000000000000018e+00 6.153476305466731855e-02
2.280000000000000249e+00 5.857719316349140060e-02
2.290000000000000036e+00 5.574898986049737354e-02
2.300000000000000266e+00 5.304486218918515184e-02
2.310000000000000053e+00 5.045972103268316772e-02
2.319999999999999840e+00 4.798867191960261291e-02
2.330000000000000071e+00 4.562700809057416984e-02
2.339999999999999858e+00 4.337020381514362227e-02
2.350000000000000089e+00 4.121390794809848268e-02
2.359999999999999876e+00 3.915393771444593274e-02
2.370000000000000107e+00 3.718627271469404638e-02
2.379999999999999893e+00 3.530704914051787519e-02
2.390000000000000124e+00 3.351255418973747569e-02
2.399999999999999911e+00 3.179922067480624170e-02
2.410000000000000142e+00 3.016362181564718678e-02
2.419999999999999929e+00 2.860246620677862894e-02
2.430000000000000160e+00 2.711259295494537758e-02
2.439999999999999947e+00 2.569096697861959419e-02
2.450000000000000178e+00 2.433467446293309522e-02
2.459999999999999964e+00 2.304091846384497336e-02
2.470000000000000195e+00 2.180701465442796971e-02
2.479999999999999982e+00 2.063038720997726477e-02
2.490000000000000213e+00 1.950856482593600616e-02
2.500000000000000000e+00 1.843917686328955599e-02
2.510000000000000231e+00 1.741994961764375266e-02
2.520000000000000018e+00 1.644870270628532097e-02
2.530000000000000249e+00 1.552334557042522357e-02
2.540000000000000036e+00 1.464187408927915789e-02
2.550000000000000266e+00 1.380236730291509867e-02
2.560000000000000053e+00 1.300298423776129024e-02
2.569999999999999840e+00 1.224196083306838649e-02
2.580000000000000071e+00 1.151760696850175764e-02
2.589999999999999858e+00 1.082830358623936527e-02
2.600000000000000089e+00 1.017249990551330821e-02
2.609999999999999876e+00 9.548710729614431555e-03
2.620000000000000107e+00 8.955513840522372204e-03
2.629999999999999893e+00 8.391547480266312031e-03
2.640000000000000124e+00 7.855507917485191408e-03
2.649999999999999911e+00 7.346147095032444507e-03
2.660000000000000142e+00 6.862270358539458714e-03
2.669999999999999929e+00 6.402734264376897313e-03
2.680000000000000160e+00 5.966444464374406551e-03
2.689999999999999947e+00 5.552353665877095105e-03
2.700000000000000178e+00 5.159459663683234158e-03
2.709999999999999964e+00 4.786803444244622056e-03
2.720000000000000195e+00 4.433467360999792523e-03
2.729999999999999982e+00 4.098573378122482430e-03
2.740000000000000213e+00 3.781281381032097419e-03
2.750000000000000000e+00 3.480787551908005352e-03
2.760000000000000231e+00 3.196322808371177861e-03
2.770000000000000018e+00 2.927151305400218367e-03
2.780000000000000249e+00 2.672568996927304763e-03
2.790000000000000036e+00 2.431902254734460197e-03
2.800000000000000266e+00 2.204506545992442838e-03
2.810000000000000053e+00 1.989765165751265687e-03
2.819999999999999840e+00 1.787088023967613312e-03
2.830000000000000071e+00 1.595910485194617853e-03
2.839999999999999858e+00 1.415692257705016910e-03
2.850000000000000089e+00 1.245916331518452788e-03
2.859999999999999876e+00 1.086087964176926353e-03
2.870000000000000107e+00 9.357337120612883039e-04
2.879999999999999893e+00 7.944005053124644083e-04
2.890000000000000124e+00 6.616547664839363433e-04
2.899999999999999911e+00 5.370815691976308856e-04
2.910000000000000142e+00 4.202838346006333692e-04
2.919999999999999929e+00 3.108815673497352739e-04
2.930000000000000160e+00 2.085111265101930920e-04
2.939999999999999947e+00 1.128245315352074528e-04
2.950000000000000178e+00 2.348880123522731128e-05
2.959999999999999964e+00 -5.981467601721838015e-05
2.970000000000000195e+00 -1.373907419542803334e-04
2.979999999999999982e+00 -2.095310395781949391e-04
2.990000000000000213e+00 -2.765145578134691915e-04
3.000000000000000000e+00 -3.386081490533775586e-04
3.010000000000000231e+00 -3.960670232514607080e-04
3.020000000000000018e+00 -4.491352188484787561e-04
3.030000000000000249e+00 -4.980460512187020582e-04
3.040000000000000036e+00 -5.430225407784742934e-04
3.050000000000000266e+00 -5.842778211588729037e-04
3.060000000000000053e+00 -6.220155289528162944e-04
3.070000000000000284e+00 -6.564301765717514168e-04
3.080000000000000071e+00 -6.877075078972148120e-04
3.089999999999999858e+00 -7.160248390120299913e-04
3.100000000000000089e+00 -7.415513846000654609e-04
3.109999999999999876e+00 -7.644485705201074311e-04
3.120000000000000107e+00 -7.848703338667982607e-04
3.129999999999999893e+00 -8.029634112815738642e-04
3.140000000000000124e+00 -8.188676151029002873e-04
3.149999999999999911e+00 -8.327160992588725523e-04
3.160000000000000142e+00 -8.446356156427409353e-04
3.169999999999999929e+00 -8.547467610328144359e-04
3.180000000000000160e+00 -8.631642152010066777e-04
3.189999999999999947e+00 -8.699969715711743665e-04
3.200000000000000178e+00 -8.753485591956202240e-04
3.209999999999999964e+00 -8.793172572682389498e-04
3.220000000000000195e+00 -8.819963034820052766e-04
3.229999999999999982e+00 -8.834740948195429289e-04
3.240000000000000213e+00 -8.838343835895312410e-04
3.250000000000000000e+00 -8.831564670050298747e-04
3.260000000000000231e+00 -8.815153695460267334e-04
3.270000000000000018e+00 -8.789820223453298454e-04
3.280000000000000249e+00 -8.756234367178117230e-04
3.290000000000000036e+00 -8.715028723886293453e-04
3.300000000000000266e+00 -8.666800011275265555e-04
3.310000000000000053e+00 -8.612110649559628819e-04
3.320000000000000284e+00 -8.551490302661787042e-04
3.330000000000000071e+00 -8.485437380906335307e-04
3.339999999999999858e+00 -8.414420488747809297e-04
3.350000000000000089e+00 -8.338879833359216483e-04
3.359999999999999876e+00 -8.259228599425851155e-04
3.370000000000000107e+00 -8.175854271392177805e-04
3.379999999999999893e+00 -8.089119922748990148e-04
3.390000000000000124e+00 -7.999365467334936626e-04
3.399999999999999911e+00 -7.906908856160777942e-04
3.410000000000000142e+00 -7.812047247143552283e-04
3.419999999999999929e+00 -7.715058133114180167e-04
3.430000000000000160e+00 -7.616200427973001709e-04
3.439999999999999947e+00 -7.515715513934498110e-04
3.450000000000000178e+00 -7.413828249906066021e-04
3.459999999999999964e+00 -7.310747933711555157e-04
3.470000000000000195e+00 -7.206669237403462739e-04
3.479999999999999982e+00 -7.101773097912342106e-04
3.490000000000000213e+00 -6.996227568717116848e-04
3.500000000000000000e+00 -6.890188636044646420e-04
3.510000000000000231e+00 -6.783800998046613006e-04
3.520000000000000018e+00 -6.677198807506583809e-04
3.530000000000000249e+00 -6.570506378614679151e-04
3.540000000000000036e+00 -6.463838853523919256e-04
3.550000000000000266e+00 -6.357302831052941312e-04
3.560000000000000053e+00 -6.250996968090392339e-04
3.570000000000000284e+00 -6.145012546233041481e-04
3.580000000000000071e+00 -6.039434000992013971e-04
3.589999999999999858e+00 -5.934339418424840846e-04
3.600000000000000089e+00 -5.829801007375553200e-04
3.609999999999999876e+00 -5.725885533373784812e-04
3.620000000000000107e+00 -5.622654721328340741e-04
3.629999999999999893e+00 -5.520165633466266259e-04
3.640000000000000124e+00 -5.418471023100238744e-04
3.649999999999999911e+00 -5.317619662449911975e-04
3.660000000000000142e+00 -5.217656633543313067e-04
3.669999999999999929e+00 -5.118623594846621709e-04
3.680000000000000160e+00 -5.020559036878411959e-04
3.689999999999999947e+00 -4.923498515042570769e-04
3.700000000000000178e+00 -4.827474856817640710e-04
3.709999999999999964e+00 -4.732518345863419296e-04
3.720000000000000195e+00 -4.638656889082440815e-04
3.729999999999999982e+00 -4.545916167406960145e-04
3.740000000000000213e+00 -4.454319774006858159e-04
3.750000000000000000e+00 -4.363889340664282184e-04
3.760000000000000231e+00 -4.274644641166343512e-04
3.770000000000000018e+00 -4.186603684694418679e-04
3.780000000000000249e+00 -4.099782799203145994e-04
3.790000000000000036e+00 -4.014196709461987462e-04
3.800000000000000266e+00 -3.929858594619068009e-04
3.810000000000000053e+00 -3.846780147534012515e-04
3.820000000000000284e+00 -3.764971628971046564e-04
3.830000000000000071e+00 -3.684441903692007073e-04
3.839999999999999858e+00 -3.605198474169599089e-04
3.850000000000000089e+00 -3.527247518508632037e-04
3.859999999999999876e+00 -3.450593920706225407e-04
3.870000000000000107e+00 -3.375241292857900435e-04
3.879999999999999893e+00 -3.301192002346904565e-04
3.890000000000000124e+00 -3.228447198333458446e-04
3.899999999999999911e+00 -3.157006833459542338e-04
3.910000000000000142e+00 -3.086869678384324090e-04
3.919999999999999929e+00 -3.018033339267181558e-04
3.930000000000000160e+00 -2.950494284603433497e-04
3.939999999999999947e+00 -2.884247870014189645e-04
3.950000000000000178e+00 -2.819288358766827859e-04
3.959999999999999964e+00 -2.755608946068307781e-04
3.970000000000000195e+00 -2.693201786641106631e-04
3.979999999999999982e+00 -2.632058024549558620e-04
3.990000000000000213e+00 -2.572167822092908274e-04
4.000000000000000000e+00 -2.513520392481379852e-04
4.009999999999999787e+00 -2.456104033788395011e-04
4.020000000000000462e+00 -2.399906169758594921e-04
4.030000000000000249e+00 -2.344913385975759502e-04
4.040000000000000036e+00 -2.291111467570904709e-04
4.049999999999999822e+00 -2.238485443040990957e-04
4.060000000000000497e+00 -2.187019626774193534e-04
4.070000000000000284e+00 -2.136697667398875270e-04
4.080000000000000071e+00 -2.087502594518545103e-04
4.089999999999999858e+00 -2.039416863704018846e-04
4.099999999999999645e+00 -1.992422405334998300e-04
4.110000000000000320e+00 -1.946500679916312205e-04
4.120000000000000107e+00 -1.901632727007374003e-04
4.129999999999999893e+00 -1.857799219862940176e-04
4.139999999999999680e+00 -1.814980513193414793e-04
4.150000000000000355e+00 -1.773156695399195654e-04
4.160000000000000142e+00 -1.732307640356888759e-04
4.169999999999999929e+00 -1.692413053113737726e-04
4.179999999999999716e+00 -1.653452521551117152e-04
4.190000000000000391e+00 -1.615405568927492832e-04
4.200000000000000178e+00 -1.578251697236779296e-04
4.209999999999999964e+00 -1.541970435479810182e-04
4.219999999999999751e+00 -1.506541384389035272e-04
4.230000000000000426e+00 -1.471944259859865709e-04
4.240000000000000213e+00 -1.438158933473913329e-04
4.250000000000000000e+00 -1.405165471855815754e-04
4.259999999999999787e+00 -1.372944169162091201e-04
4.270000000000000462e+00 -1.341475580390556266e-04
4.280000000000000249e+00 -1.310740560348941310e-04
4.290000000000000036e+00 -1.280720292924183339e-04
4.299999999999999822e+00 -1.251396313606369169e-04
4.310000000000000497e+00 -1.222750532104761769e-04
4.320000000000000284e+00 -1.194765254307917366e-04
4.330000000000000071e+00 -1.167423207149333582e-04
4.339999999999999858e+00 -1.140707553342128438e-04
4.350000000000000533e+00 -1.114601902200955413e-04
4.360000000000000320e+00 -1.089090319185569871e-04
4.370000000000000107e+00 -1.064157340262977960e-04
4.379999999999999893e+00 -1.039787980144717908e-04
4.389999999999999680e+00 -1.015967726293210441e-04
4.400000000000000355e+00 -9.926825417531276766e-05
4.410000000000000142e+00 -9.699188679679882877e-05
4.419999999999999929e+00 -9.476636224798335307e-05
4.429999999999999716e+00 -9.259041942945329267e-05
4.440000000000000391e+00 -9.046284355102470192e-05
4.450000000000000178e+00 -8.838246506300735943e-05
4.459999999999999964e+00 -8.634815903592323201e-05
4.469999999999999751e+00 -8.435884382387502623e-05
4.480000000000000426e+00 -8.241347977294673840e-05
4.490000000000000213e+00 -8.051106821228436097e-05
4.500000000000000000e+00 -7.865064949920475891e-05
4.509999999999999787e+00 -7.683130124306548274e-05
4.520000000000000462e+00 -7.505213668013223133e-05
4.530000000000000249e+00 -7.331230327773467759e-05
4.540000000000000036e+00 -7.161098110456377516e-05
4.549999999999999822e+00 -6.994738074886635432e-05
4.560000000000000497e+00 -6.832074142402269114e-05
4.570000000000000284e+00 -6.673032944514425350e-05
4.580000000000000071e+00 -6.517543636417013806e-05
4.589999999999999858e+00 -6.365537716625475700e-05
4.600000000000000533e+00 -6.216948839578742927e-05
4.610000000000000320e+00 -6.071712634774557458e-05
4.620000000000000107e+00 -5.929766529816780560e-05
4.629999999999999893e+00 -5.791049555718586915e-05
4.639999999999999680e+00 -5.655502222335228484e-05
4.650000000000000355e+00 -5.523066401479676549e-05
4.660000000000000142e+00 -5.393685184818412044e-05
4.669999999999999929e+00 -5.267302732486468336e-05
4.679999999999999716e+00 -5.143864115604239288e-05
4.690000000000000391e+00 -5.023315221743255199e-05
4.700000000000000178e+00 -4.905602668603330587e-05
4.709999999999999964e+00 -4.790673691980860022e-05
4.719999999999999751e+00 -4.678476071936265635e-05
4.730000000000000426e+00 -4.568958005526858375e-05
4.740000000000000213e+00 -4.462068047254853754e-05
4.750000000000000000e+00 -4.357755103631485061e-05
4.759999999999999787e+00 -4.255968368534124768e-05
4.770000000000000462e+00 -4.156657238332171046e-05
4.780000000000000249e+00 -4.059771339675228045e-05
4.790000000000000036e+00 -3.965260511076765807e-05
4.799999999999999822e+00 -3.873074737468763334e-05
4.810000000000000497e+00 -3.783164156451005871e-05
4.820000000000000284e+00 -3.695479083477270772e-05
4.830000000000000071e+00 -3.609970029601849533e-05
4.839999999999999858e+00 -3.526587690401304838e-05
4.850000000000000533e+00 -3.445282955101613769e-05
4.860000000000000320e+00 -3.366006938331934098e-05
4.870000000000000107e+00 -3.288710978206205437e-05
4.879999999999999893e+00 -3.213346721555050797e-05
4.889999999999999680e+00 -3.139866158442673451e-05
4.900000000000000355e+00 -3.068221632316810719e-05
4.910000000000000142e+00 -2.998365934927987026e-05
4.919999999999999929e+00 -2.930252306233116811e-05
4.929999999999999716e+00 -2.863834494303408627e-05
4.940000000000000391e+00 -2.799066817329908395e-05
4.950000000000000178e+00 -2.735904220079201805e-05
4.959999999999999964e+00 -2.674302288231187775e-05
4.969999999999999751e+00 -2.614217309429484306e-05
4.980000000000000426e+00 -2.555606324879735412e-05
4.990000000000000213e+00 -2.498427142965315074e-05
5.000000000000000000e+00 -2.442638392567920825e-05
5.009999999999999787e+00 -2.388199590325753302e-05
5.020000000000000462e+00 -2.335071175848861899e-05
5.030000000000000249e+00 -2.283214533021537529e-05
5.040000000000000036e+00 -2.232591985481517202e-05
5.049999999999999822e+00 -2.183166893985635942e-05
5.060000000000000497e+00 -2.134903632434815015e-05
5.070000000000000284e+00 -2.087767578020242716e-05
5.080000000000000071e+00 -2.041725180151448879e-05
5.089999999999999858e+00 -1.996743986121380138e-05
5.100000000000000533e+00 -1.952792627956464485e-05
5.110000000000000320e+00 -1.909840854841790748e-05
5.120000000000000107e+00 -1.867859505553086068e-05
5.129999999999999893e+00 -1.826820499277731215e-05
5.139999999999999680e+00 -1.786696808033687986e-05
5.150000000000000355e+00 -1.747462449871658318e-05
5.160000000000000142e+00 -1.709092508200844350e-05
5.169999999999999929e+00 -1.671563152565112481e-05
5.179999999999999716e+00 -1.634851584591404260e-05
5.190000000000000391e+00 -1.598936004361764347e-05
5.200000000000000178e+00 -1.563795583434374854e-05
5.209999999999999964e+00 -1.529410419852023071e-05
5.219999999999999751e+00 -1.495761523633295970e-05
5.230000000000000426e+00 -1.462830795034673592e-05
5.240000000000000213e+00 -1.430600993243274314e-05
5.250000000000000000e+00 -1.399055711116075192e-05
5.259999999999999787e+00 -1.368179334364136246e-05
5.270000000000000462e+00 -1.337956961918971229e-05
5.280000000000000249e+00 -1.308374385453514253e-05
5.290000000000000036e+00 -1.279418082948631810e-05
5.299999999999999822e+00 -1.251075141936811267e-05
5.310000000000000497e+00 -1.223333243678537972e-05
5.320000000000000284e+00 -1.196180596029199258e-05
5.330000000000000071e+00 -1.169605902991621527e-05
5.339999999999999858e+00 -1.143598325628559717e-05
5.350000000000000533e+00 -1.118147429705857132e-05
5.360000000000000320e+00 -1.093243168998660344e-05
5.370000000000000107e+00 -1.068875851374694987e-05
5.379999999999999893e+00 -1.045036082493191085e-05
5.389999999999999680e+00 -1.021714742248453276e-05
5.400000000000000355e+00 -9.989029585073479740e-06
5.410000000000000142e+00 -9.765920680095804945e-06
5.419999999999999929e+00 -9.547735898606763230e-06
5.429999999999999716e+00 -9.334392203113231926e-06
5.440000000000000391e+00 -9.125807720341486405e-06
5.450000000000000178e+00 -8.921901577704757010e-06
5.459999999999999964e+00 -8.722593753364949894e-06
5.469999999999999751e+00 -8.527805179890997507e-06
5.480000000000000426e+00 -8.337457495380644622e-06
5.490000000000000213e+00 -8.151472457159436317e-06
5.500000000000000000e+00 -7.969771913451782373e-06
5.509999999999999787e+00 -7.792277872645834785e-06
5.520000000000000462e+00 -7.618912260257836850e-06
5.530000000000000249e+00 -7.449597127781535341e-06
5.540000000000000036e+00 -7.284254609436293819e-06
5.549999999999999822e+00 -7.122806625405337042e-06
5.560000000000000497e+00 -6.965174831025679181e-06
5.570000000000000284e+00 -6.811280829560621599e-06
5.580000000000000071e+00 -6.661046112037799512e-06
5.589999999999999858e+00 -6.514391971476632677e-06
5.600000000000000533e+00 -6.371239805966630143e-06
5.610000000000000320e+00 -6.231510972980966603e-06
5.620000000000000107e+00 -6.095126952789594617e-06
5.629999999999999893e+00 -5.962009384429167875e-06
5.639999999999999680e+00 -5.832079879253219646e-06
5.650000000000000355e+00 -5.705260256599546931e-06
5.660000000000000142e+00 -5.581472758958802666e-06
5.669999999999999929e+00 -5.460640147991003895e-06
5.679999999999999716e+00 -5.342685681723453112e-06
5.690000000000000391e+00 -5.227533385063953326e-06
5.700000000000000178e+00 -5.115108156153661831e-06
5.709999999999999964e+00 -5.005335709327650136e-06
5.719999999999999751e+00 -4.898142706554461276e-06
5.730000000000000426e+00 -4.793456925165226753e-06
5.740000000000000213e+00 -4.691207239105417248e-06
5.750000000000000000e+00 -4.591324031556609933e-06
5.759999999999999787e+00 -4.493739067793390570e-06
5.770000000000000462e+00 -4.398385592268894353e-06
5.780000000000000249e+00 -4.305198406187949225e-06
5.790000000000000036e+00 -4.214113973518195057e-06
5.799999999999999822e+00 -4.125070331008243068e-06
5.810000000000000497e+00 -4.038006970012892482e-06
5.820000000000000284e+00 -3.952865153909141637e-06
5.830000000000000071e+00 -3.869588267369427573e-06
5.839999999999999858e+00 -3.788121581833188650e-06
5.850000000000000533e+00 -3.708411995011466638e-06
5.860000000000000320e+00 -3.630408143534235540e-06
5.870000000000000107e+00 -3.554060474238567645e-06
5.879999999999999893e+00 -3.479321443705701950e-06
5.889999999999999680e+00 -3.406145603716725215e-06
5.900000000000000355e+00 -3.334489505492523348e-06
5.910000000000000142e+00 -3.264311464980750971e-06
5.919999999999999929e+00 -3.195571571020223601e-06
5.929999999999999716e+00 -3.128232037777503856e-06
5.940000000000000391e+00 -3.062256800530850251e-06
5.950000000000000178e+00 -2.997611353098820685e-06
5.959999999999999964e+00 -2.934262828833425210e-06
5.969999999999999751e+00 -2.872180064579055759e-06
5.980000000000000426e+00 -2.811333544741207834e-06
5.990000000000000213e+00 -2.751695422001461946e-06
6.000000000000000000e+00 -2.693239362671549065e-06
6.009999999999999787e+00 -2.635940316051239312e-06
6.020000000000000462e+00 -2.579774491886259636e-06
6.030000000000000249e+00 -2.524719429683075544e-06
6.040000000000000036e+00 -2.470753801358940524e-06
6.049999999999999822e+00 -2.417857203230770359e-06
6.060000000000000497e+00 -2.366010209996920469e-06
6.070000000000000284e+00 -2.315194420391636232e-06
6.080000000000000071e+00 -2.265392433274058698e-06
6.089999999999999858e+00 -2.216587509867807689e-06
6.100000000000000533e+00 -2.168763301841773782e-06
6.110000000000000320e+00 -2.121904403757096629e-06
6.120000000000000107e+00 -2.075996116495551544e-06
6.129999999999999893e+00 -2.031024383081068837e-06
6.140000000000000568e+00 -1.986975409161703081e-06
6.150000000000000355e+00 -1.943835577473453424e-06
6.160000000000000142e+00 -1.901591793686013164e-06
6.169999999999999929e+00 -1.860231069560858778e-06
6.179999999999999716e+00 -1.819740621297930066e-06
6.190000000000000391e+00 -1.780107967179744528e-06
6.200000000000000178e+00 -1.741320723947820822e-06
6.209999999999999964e+00 -1.703366574382866249e-06
6.219999999999999751e+00 -1.666232985200140267e-06
6.230000000000000426e+00 -1.629907391626636748e-06
6.240000000000000213e+00 -1.594377283403033739e-06
6.250000000000000000e+00 -1.559630118616510444e-06
6.259999999999999787e+00 -1.525653297353766647e-06
6.270000000000000462e+00 -1.492434189184246957e-06
6.280000000000000249e+00 -1.459959981823731483e-06
6.290000000000000036e+00 -1.428217717722256673e-06
6.299999999999999822e+00 -1.397194395572326651e-06
6.310000000000000497e+00 -1.366876895875831996e-06
6.320000000000000284e+00 -1.337251818493484800e-06
6.330000000000000071e+00 -1.308305523156248838e-06
6.339999999999999858e+00 -1.280024242840362224e-06
6.350000000000000533e+00 -1.252394326650523450e-06
6.360000000000000320e+00 -1.225402122206507714e-06
6.370000000000000107e+00 -1.199033959868242783e-06
6.379999999999999893e+00 -1.173275902153483739e-06
6.390000000000000568e+00 -1.148113869778918456e-06
6.400000000000000355e+00 -1.123533994078348839e-06
6.410000000000000142e+00 -1.099522451747511485e-06
6.419999999999999929e+00 -1.076065384924065893e-06
6.429999999999999716e+00 -1.053148748176527955e-06
6.440000000000000391e+00 -1.030758573384617238e-06
6.450000000000000178e+00 -1.008881312191452911e-06
6.459999999999999964e+00 -9.875036213029004389e-07
6.469999999999999751e+00 -9.666122493643021507e-07
6.480000000000000426e+00 -9.461939022047723830e-07
6.490000000000000213e+00 -9.262353354832488991e-07
6.500000000000000000e+00 -9.067234676685392153e-07
6.509999999999999787e+00 -8.876458090407730178e-07
6.520000000000000462e+00 -8.689902056713705997e-07
6.530000000000000249e+00 -8.507446255310961714e-07
6.540000000000000036e+00 -8.328970684021814661e-07
6.549999999999999822e+00 -8.154358401073701600e-07
6.560000000000000497e+00 -7.983497305655133137e-07
6.570000000000000284e+00 -7.816276691513458948e-07
6.580000000000000071e+00 -7.652589356042511885e-07
6.589999999999999858e+00 -7.492333508984753976e-07
6.600000000000000533e+00 -7.335408271995065652e-07
6.610000000000000320e+00 -7.181715254146015621e-07
6.620000000000000107e+00 -7.031159594447880827e-07
6.629999999999999893e+00 -6.883652062016084954e-07
6.640000000000000568e+00 -6.739107359845505430e-07
6.650000000000000355e+00 -6.597443681497958904e-07
6.660000000000000142e+00 -6.458583406288704015e-07
6.669999999999999929e+00 -6.322451266873164825e-07
6.679999999999999716e+00 -6.188977010732803555e-07
6.690000000000000391e+00 -6.058097387673963378e-07
6.700000000000000178e+00 -5.929751061785250993e-07
6.709999999999999964e+00 -5.803875455941110394e-07
6.719999999999999751e+00 -5.680410106040367779e-07
6.730000000000000426e+00 -5.559299653315865133e-07
6.740000000000000213e+00 -5.440491320048883653e-07
6.750000000000000000e+00 -5.323938396856100347e-07
6.759999999999999787e+00 -5.209598130775970962e-07
6.770000000000000462e+00 -5.097426736287496638e-07
6.780000000000000249e+00 -4.987381521624756342e-07
6.790000000000000036e+00 -4.879422978597194177e-07
6.799999999999999822e+00 -4.773513936609432434e-07
6.810000000000000497e+00 -4.669620150437626960e-07
6.820000000000000284e+00 -4.567709633215280216e-07
6.830000000000000071e+00 -4.467750965306618860e-07
6.839999999999999858e+00 -4.369713572228810239e-07
6.850000000000000533e+00 -4.273568504836256290e-07
6.860000000000000320e+00 -4.179290299119800545e-07
6.870000000000000107e+00 -4.086853785805226111e-07
6.879999999999999893e+00 -3.996232972967991501e-07
6.890000000000000568e+00 -3.907403183644065497e-07
6.900000000000000355e+00 -3.820339848244463238e-07
6.910000000000000142e+00 -3.735022116246270590e-07
6.919999999999999929e+00 -3.651429338054172635e-07
6.929999999999999716e+00 -3.569538153012311726e-07
6.940000000000000391e+00 -3.489323888554180658e-07
6.950000000000000178e+00 -3.410763926990807715e-07
6.959999999999999964e+00 -3.333836951751722316e-07
6.969999999999999751e+00 -3.258520718404066263e-07
6.980000000000000426e+00 -3.184792194024614609e-07
6.990000000000000213e+00 -3.112631260274948547e-07
7.000000000000000000e+00 -3.042016432698059492e-07
7.009999999999999787e+00 -2.972923486726283121e-07
7.020000000000000462e+00 -2.905328568674750075e-07
7.030000000000000249e+00 -2.839208609914205261e-07
7.040000000000000036e+00 -2.774542024994207726e-07
7.049999999999999822e+00 -2.711307999074021036e-07
7.060000000000000497e+00 -2.649484178630532802e-07
7.070000000000000284e+00 -2.589044065141399634e-07
7.080000000000000071e+00 -2.529960756808774872e-07
7.089999999999999858e+00 -2.472209744087874167e-07
7.100000000000000533e+00 -2.415766310931346389e-07
7.110000000000000320e+00 -2.360603295365349547e-07
7.120000000000000107e+00 -2.306692394803914331e-07
7.129999999999999893e+00 -2.254005889634411175e-07
7.140000000000000568e+00 -2.202515430425747503e-07
7.150000000000000355e+00 -2.152193585407960116e-07
7.160000000000000142e+00 -2.103014996198120795e-07
7.169999999999999929e+00 -2.054953693761364317e-07
7.179999999999999716e+00 -2.007982698579895489e-07
7.190000000000000391e+00 -1.962074918577302179e-07
7.200000000000000178e+00 -1.917201013805144849e-07
7.209999999999999964e+00 -1.873332028435887447e-07
7.219999999999999751e+00 -1.830440834742382006e-07
7.230000000000000426e+00 -1.788500214808664938e-07
7.240000000000000213e+00 -1.747482421442713915e-07
7.250000000000000000e+00 -1.707359509025077604e-07
7.259999999999999787e+00 -1.668105005251047449e-07
7.270000000000000462e+00 -1.629695051977514755e-07
7.280000000000000249e+00 -1.592106856881437583e-07
7.290000000000000036e+00 -1.555317823022221192e-07
7.299999999999999822e+00 -1.519304946701310194e-07
7.310000000000000497e+00 -1.484044903153733559e-07
7.320000000000000284e+00 -1.449514049997222779e-07
7.330000000000000071e+00 -1.415692141853866839e-07
7.339999999999999858e+00 -1.382558844411767600e-07
7.350000000000000533e+00 -1.350093075505506271e-07
7.360000000000000320e+00 -1.318274619315707905e-07
7.370000000000000107e+00 -1.287084546888543049e-07
7.379999999999999893e+00 -1.256505464731677307e-07
7.390000000000000568e+00 -1.226521925045139069e-07
7.400000000000000355e+00 -1.197117938857988895e-07
7.410000000000000142e+00 -1.168277614919293120e-07
7.419999999999999929e+00 -1.139987203398987615e-07
7.429999999999999716e+00 -1.112235937695161148e-07
7.440000000000000391e+00 -1.085011958952715721e-07
7.450000000000000178e+00 -1.058302440578294014e-07
7.459999999999999964e+00 -1.032095968235080888e-07
7.469999999999999751e+00 -1.006380573222577339e-07
7.480000000000000426e+00 -9.811449672481628408e-08
7.490000000000000213e+00 -9.563794149631881999e-08
7.500000000000000000e+00 -9.320734866395544507e-08
7.509999999999999787e+00 -9.082194310050355213e-08
7.520000000000000462e+00 -8.848085658141706389e-08
7.530000000000000249e+00 -8.618317083131186301e-08
7.540000000000000036e+00 -8.392814030908080092e-08
7.549999999999999822e+00 -8.171526787430910543e-08
7.560000000000000497e+00 -7.954391980844171400e-08
7.570000000000000284e+00 -7.741342797281140428e-08
7.580000000000000071e+00 -7.532317025849997669e-08
7.589999999999999858e+00 -7.327257519539010985e-08
7.600000000000000533e+00 -7.126122066611687011e-08
7.610000000000000320e+00 -6.928852437241899906e-08
7.620000000000000107e+00 -6.735385162023052943e-08
7.629999999999999893e+00 -6.545674718395899649e-08
7.640000000000000568e+00 -6.359678408240010059e-08
7.650000000000000355e+00 -6.177337102681711850e-08
7.660000000000000142e+00 -5.998578165628985423e-08
7.669999999999999929e+00 -5.823336787747716153e-08
7.679999999999999716e+00 -5.651543847360121497e-08
7.690000000000000391e+00 -5.483145383718655841e-08
7.700000000000000178e+00 -5.318102044838107084e-08
7.709999999999999964e+00 -5.156394600143226689e-08
7.719999999999999751e+00 -4.997986197873222416e-08
7.730000000000000426e+00 -4.842835746126077784e-08
7.740000000000000213e+00 -4.690910069280254668e-08
7.750000000000000000e+00 -4.542175657411317083e-08
7.759999999999999787e+00 -4.396599739581608796e-08
7.770000000000000462e+00 -4.254150570232257192e-08
7.780000000000000249e+00 -4.114779683238485586e-08
7.790000000000000036e+00 -3.978435716278779996e-08
7.799999999999999822e+00 -3.845050144474443723e-08
7.810000000000000497e+00 -3.714565293701753423e-08
7.820000000000000284e+00 -3.586929680799441980e-08
7.830000000000000071e+00 -3.462087133735422886e-08
7.839999999999999858e+00 -3.339980672660254959e-08
7.850000000000000533e+00 -3.220554314323133965e-08
7.860000000000000320e+00 -3.103764301679631105e-08
7.870000000000000107e+00 -2.989573011060375415e-08
7.879999999999999893e+00 -2.877934268165089488e-08
7.890000000000000568e+00 -2.768790503994292621e-08
7.900000000000000355e+00 -2.662093392415392640e-08
7.910000000000000142e+00 -2.557800588042294376e-08
7.919999999999999929e+00 -2.455839387388971187e-08
7.930000000000000604e+00 -2.356131326017784841e-08
7.940000000000000391e+00 -2.258602707877303828e-08
7.950000000000000178e+00 -2.163182136573956610e-08
7.959999999999999964e+00 -2.069802831130293855e-08
7.969999999999999751e+00 -1.978407476605219435e-08
7.980000000000000426e+00 -1.888938754121983338e-08
7.990000000000000213e+00 -1.801346613005175810e-08
8.000000000000000000e+00 -1.715590358799612761e-08
8.009999999999999787e+00 -1.631618141333460170e-08
8.019999999999999574e+00 -1.549382394901003580e-08
8.029999999999999361e+00 -1.468835552305750546e-08
8.040000000000000924e+00 -1.389922721947538242e-08
8.050000000000000711e+00 -1.312593809999710454e-08
8.060000000000000497e+00 -1.236790443028142582e-08
8.070000000000000284e+00 -1.162475437241903328e-08
8.080000000000000071e+00 -1.089636088287906663e-08
8.089999999999999858e+00 -1.018248568171182655e-08
8.099999999999999645e+00 -9.482766755824470397e-09
8.109999999999999432e+00 -8.796873619544261572e-09
8.120000000000000995e+00 -8.124278934356276780e-09
8.130000000000000782e+00 -7.464630834232746344e-09
8.140000000000000568e+00 -6.817542158836446928e-09
8.150000000000000355e+00 -6.182559628401023072e-09
8.160000000000000142e+00 -5.559451634071048681e-09
8.169999999999999929e+00 -4.948016424539958269e-09
8.179999999999999716e+00 -4.348027887117033446e-09
8.189999999999999503e+00 -3.759283867787446484e-09
8.199999999999999289e+00 -3.181508228280961401e-09
8.210000000000000853e+00 -2.614585625763010852e-09
8.220000000000000639e+00 -2.058187769169014456e-09
8.230000000000000426e+00 -1.511911368264106173e-09
8.240000000000000213e+00 -9.755916799511921839e-10
8.250000000000000000e+00 -4.490198014567205881e-10
8.259999999999999787e+00 6.811039983422619015e-11
8.269999999999999574e+00 5.760582219571652729e-10
8.279999999999999361e+00 1.074986479010237722e-09
8.290000000000000924e+00 1.565070471793795007e-09
8.300000000000000711e+00 2.046501999737907959e-09
8.310000000000000497e+00 2.519333208521844225e-09
8.320000000000000284e+00 2.983755299394231023e-09
8.330000000000000071e+00 3.439969020329084956e-09
8.339999999999999858e+00 3.888052563363669431e-09
8.349999999999999645e+00 4.328018307349183746e-09
8.359999999999999432e+00 4.759838654136167718e-09
8.370000000000000995e+00 5.183438057764075055e-09
8.380000000000000782e+00 5.598890952100178675e-09
8.390000000000000568e+00 6.006480080238824071e-09
8.400000000000000355e+00 6.406523665682031105e-09
8.410000000000000142e+00 6.799239122895137100e-09
8.419999999999999929e+00 7.184726210539759891e-09
8.429999999999999716e+00 7.563024451227428474e-09
8.439999999999999503e+00 7.934181357218111214e-09
8.449999999999999289e+00 8.298201861008276670e-09
8.460000000000000853e+00 8.655013132780661061e-09
8.470000000000000639e+00 9.004611633048852093e-09
8.480000000000000426e+00 9.347169939585234927e-09
8.490000000000000213e+00 9.682793082523705186e-09
8.500000000000000000e+00 1.001162662359533426e-08
8.509999999999999787e+00 1.033374640854256912e-08
8.519999999999999574e+00 1.064934895567701614e-08
8.529999999999999361e+00 1.095861070949679349e-08
8.540000000000000924e+00 1.126158150050295473e-08
8.550000000000000711e+00 1.155812338782149888e-08
8.560000000000000497e+00 1.184827860397307496e-08
8.570000000000000284e+00 1.213230776093781292e-08
8.580000000000000071e+00 1.241028223941545786e-08
8.589999999999999858e+00 1.268217362577388554e-08
8.599999999999999645e+00 1.294813214961399069e-08
8.609999999999999432e+00 1.320831748762387771e-08
8.620000000000000995e+00 1.346289004697286476e-08
8.630000000000000782e+00 1.371191225553415258e-08
8.640000000000000568e+00 1.395541286629514537e-08
8.650000000000000355e+00 1.419333243464623515e-08
8.660000000000000142e+00 1.442577090860494918e-08
8.669999999999999929e+00 1.465303289360612993e-08
8.679999999999999716e+00 1.487527663004105383e-08
8.689999999999999503e+00 1.509255431226966607e-08
8.700000000000001066e+00 1.530493631254816606e-08
8.710000000000000853e+00 1.551253964838334928e-08
8.720000000000000639e+00 1.571547026040854330e-08
8.730000000000000426e+00 1.591368703064937988e-08
8.740000000000000213e+00 1.610718367736044439e-08
8.750000000000000000e+00 1.629609329982962141e-08
8.759999999999999787e+00 1.648054305492755583e-08
8.769999999999999574e+00 1.666056861216033344e-08
8.779999999999999361e+00 1.683637173573821963e-08
8.790000000000000924e+00 1.700806478657388918e-08
8.800000000000000711e+00 1.717558705146665339e-08
8.810000000000000497e+00 1.733892397567319676e-08
8.820000000000000284e+00 1.749818174762125334e-08
8.830000000000000071e+00 1.765359792504635032e-08
8.839999999999999858e+00 1.780534729416615933e-08
8.849999999999999645e+00 1.795352247256501790e-08
8.859999999999999432e+00 1.809830843596202127e-08
8.870000000000000995e+00 1.823998294736873540e-08
8.880000000000000782e+00 1.837867807930563543e-08
8.890000000000000568e+00 1.851434425056659318e-08
8.900000000000000355e+00 1.864710583632497366e-08
8.910000000000000142e+00 1.877711330044599730e-08
8.919999999999999929e+00 1.890457554319557496e-08
8.929999999999999716e+00 1.902972183411217374e-08
8.939999999999999503e+00 1.915257538558144765e-08
8.950000000000001066e+00 1.927321170414980590e-08
8.960000000000000853e+00 1.939178111702344375e-08
8.970000000000000639e+00 1.950824565628931371e-08
8.980000000000000426e+00 1.962262825726181648e-08
8.990000000000000213e+00 1.973494297846526205e-08
9.000000000000000000e+00 1.984514645007125124e-08
9.009999999999999787e+00 1.995327856886303531e-08
9.019999999999999574e+00 2.005935891917747915e-08
9.029999999999999361e+00 2.016330538809568782e-08
9.040000000000000924e+00 2.026521490930920360e-08
9.050000000000000711e+00 2.036507346851561262e-08
9.060000000000000497e+00 2.046271951690781417e-08
9.070000000000000284e+00 2.055812989417912795e-08
9.080000000000000071e+00 2.065131231586457908e-08
9.089999999999999858e+00 2.074238934230549208e-08
9.099999999999999645e+00 2.083143527638396490e-08
9.109999999999999432e+00 2.091849674036550758e-08
9.120000000000000995e+00 2.100377788343411444e-08
9.130000000000000782e+00 2.108736942481065791e-08
9.140000000000000568e+00 2.116924502051009335e-08
9.150000000000000355e+00 2.124936464443095540e-08
9.160000000000000142e+00 2.132755954034246636e-08
9.169999999999999929e+00 2.140364091071287299e-08
9.179999999999999716e+00 2.147763291008935281e-08
9.189999999999999503e+00 2.154961436577032714e-08
9.200000000000001066e+00 2.161959285023034444e-08
9.210000000000000853e+00 2.168746468338405425e-08
9.220000000000000639e+00 2.175321919435104466e-08
9.230000000000000426e+00 2.181693085266884005e-08
9.240000000000000213e+00 2.187862321276516295e-08
9.250000000000000000e+00 2.193825472210386186e-08
9.259999999999999787e+00 2.199589181845276742e-08
9.269999999999999574e+00 2.205166608695722022e-08
9.279999999999999361e+00 2.210569418587362590e-08
9.290000000000000924e+00 2.215800490976854199e-08
9.300000000000000711e+00 2.220861534084350719e-08
9.310000000000000497e+00 2.225763446288405931e-08
9.320000000000000284e+00 2.230521207045497133e-08
9.330000000000000071e+00 2.235136578606993461e-08
9.339999999999999858e+00 2.239607391622583550e-08
9.349999999999999645e+00 2.243926781229043082e-08
9.359999999999999432e+00 2.248093653592418521e-08
9.370000000000000995e+00 2.252103183451967684e-08
9.380000000000000782e+00 2.255965230120763557e-08
9.390000000000000568e+00 2.259684553212462036e-08
9.400000000000000355e+00 2.263263164728468446e-08
9.410000000000000142e+00 2.266714930083133309e-08
9.419999999999999929e+00 2.270048736861135247e-08
9.429999999999999716e+00 2.273265996636782225e-08
9.439999999999999503e+00 2.276376802253518919e-08
9.450000000000001066e+00 2.279385163139768279e-08
9.460000000000000853e+00 2.282277319815863553e-08
9.470000000000000639e+00 2.285040528433944073e-08
9.480000000000000426e+00 2.287661817170958366e-08
9.490000000000000213e+00 2.290129036255428904e-08
9.500000000000000000e+00 2.292439000520923864e-08
9.509999999999999787e+00 2.294589529767656266e-08
9.519999999999999574e+00 2.296593036966667776e-08
9.529999999999999361e+00 2.298453566225265457e-08
9.540000000000000924e+00 2.300178061332526025e-08
9.550000000000000711e+00 2.301775399727706275e-08
9.560000000000000497e+00 2.303258938703644197e-08
9.570000000000000284e+00 2.304643902454789925e-08
9.580000000000000071e+00 2.305937421146267690e-08
9.589999999999999858e+00 2.307135275826568271e-08
9.599999999999999645e+00 2.308243585822030450e-08
9.609999999999999432e+00 2.309264111206979280e-08
9.620000000000000995e+00 2.310202919359476999e-08
9.630000000000000782e+00 2.311063091128825333e-08
9.640000000000000568e+00 2.311835748124540222e-08
9.650000000000000355e+00 2.312522523949619600e-08
9.660000000000000142e+00 2.313143353604123339e-08
9.669999999999999929e+00 2.313697239624424445e-08
9.679999999999999716e+00 2.314170180289258833e-08
9.689999999999999503e+00 2.314560423637352423e-08
9.700000000000001066e+00 2.314868349181817232e-08
9.710000000000000853e+00 2.315097858623731911e-08
9.720000000000000639e+00 2.315261438795411129e-08
9.730000000000000426e+00 2.315352082803823599e-08
9.740000000000000213e+00 2.315375243973799872e-08
9.750000000000000000e+00 2.315344054770561563e-08
9.759999999999999787e+00 2.315262730257059039e-08
9.769999999999999574e+00 2.315115641900888531e-08
9.779999999999999361e+00 2.314893594073172542e-08
9.790000000000000924e+00 2.314599805222639084e-08
9.800000000000000711e+00 2.314227857487711777e-08
9.810000000000000497e+00 2.313764200499474500e-08
9.820000000000000284e+00 2.313201298856316836e-08
9.830000000000000071e+00 2.312542615792712291e-08
9.839999999999999858e+00 2.311793457047148313e-08
9.849999999999999645e+00 2.310958314768736359e-08
9.859999999999999432e+00 2.310053337757167567e-08
9.870000000000000995e+00 2.309082200346499435e-08
9.880000000000000782e+00 2.308052292828723616e-08
9.890000000000000568e+00 2.306971392911083552e-08
9.900000000000000355e+00 2.305834368866829971e-08
9.910000000000000142e+00 2.304627051765990430e-08
9.919999999999999929e+00 2.303339510964475759e-08
9.929999999999999716e+00 2.301952589912296000e-08
9.939999999999999503e+00 2.300449345643865943e-08
9.950000000000001066e+00 2.298831152989881926e-08
9.960000000000000853e+00 2.297103484558387764e-08
9.970000000000000639e+00 2.295263073932840830e-08
9.980000000000000426e+00 2.293305541906825226e-08
9.990000000000000213e+00 2.291224100730996152e-08
1.000000000000000000e+01 2.289007402108648049e-08
