# r/r_i 			 βuii_eff(r/r_i)
1.000000000000000021e-02 8.078763998733724293e+03
2.000000000000000042e-02 3.992449353763995077e+03
2.999999999999999889e-02 2.630357806254243314e+03
4.000000000000000083e-02 1.949327024920901295e+03
5.000000000000000278e-02 1.540724535397674117e+03
5.999999999999999778e-02 1.268339503942537931e+03
7.000000000000000666e-02 1.073795849433123522e+03
8.000000000000000167e-02 9.279055214026566318e+02
8.999999999999999667e-02 8.144529260877581009e+02
1.000000000000000056e-01 7.237086968814356851e+02
1.100000000000000006e-01 6.494814082069557344e+02
1.199999999999999956e-01 5.876434324838965040e+02
1.300000000000000044e-01 5.353371708286996409e+02
1.400000000000000133e-01 4.905214706217593061e+02
1.499999999999999944e-01 4.516994760691175088e+02
1.600000000000000033e-01 4.177485348225284270e+02
1.700000000000000122e-01 3.878101375738690422e+02
1.799999999999999933e-01 3.612165444660164439e+02
1.900000000000000022e-01 3.374405821234415157e+02
2.000000000000000111e-01 3.160605015844350874e+02
2.099999999999999922e-01 2.967348768332990971e+02
2.200000000000000011e-01 2.791843491951026408e+02
2.300000000000000100e-01 2.631781340686605404e+02
2.399999999999999911e-01 2.485239009815110478e+02
2.500000000000000000e-01 2.350600824359589183e+02
2.600000000000000089e-01 2.226499576402370053e+02
2.700000000000000178e-01 2.111770509687762853e+02
2.800000000000000266e-01 2.005415164688540415e+02
2.899999999999999800e-01 1.906572704020524611e+02
2.999999999999999889e-01 1.814496972787783307e+02
3.099999999999999978e-01 1.728537998872330377e+02
3.200000000000000067e-01 1.648126961929359879e+02
3.300000000000000155e-01 1.572763895301985428e+02
3.400000000000000244e-01 1.502007558196141588e+02
3.500000000000000333e-01 1.435467044064938307e+02
3.599999999999999867e-01 1.372794787608178240e+02
3.699999999999999956e-01 1.313680705786794078e+02
3.800000000000000044e-01 1.257847263957839914e+02
3.900000000000000133e-01 1.205045301086288845e+02
4.000000000000000222e-01 1.155050481199233730e+02
4.100000000000000311e-01 1.107660264167351016e+02
4.199999999999999845e-01 1.062691309263813508e+02
4.299999999999999933e-01 1.019977241053409358e+02
4.400000000000000022e-01 9.793667199733629047e+01
4.500000000000000111e-01 9.407217702146490979e+01
4.600000000000000200e-01 9.039163257546657348e+01
4.700000000000000289e-01 8.688349620559050379e+01
4.799999999999999822e-01 8.353717863597427140e+01
4.899999999999999911e-01 8.034294639240737013e+01
5.000000000000000000e-01 7.729183611778574914e+01
5.100000000000000089e-01 7.437557897503369020e+01
5.200000000000000178e-01 7.158653378005126910e+01
5.300000000000000266e-01 6.891762771213487326e+01
5.400000000000000355e-01 6.636230362006874373e+01
5.500000000000000444e-01 6.391447308486937118e+01
5.600000000000000533e-01 6.156847452001290577e+01
5.700000000000000622e-01 5.931903569088292727e+01
5.799999999999999600e-01 5.716124012044778624e+01
5.899999999999999689e-01 5.509049692041767798e+01
5.999999999999999778e-01 5.310251364853095879e+01
6.099999999999999867e-01 5.119327184498290251e+01
6.199999999999999956e-01 4.935900494573785835e+01
6.300000000000000044e-01 4.759617830883837541e+01
6.400000000000000133e-01 4.590147112277966812e+01
6.500000000000000222e-01 4.427175999439602805e+01
6.600000000000000311e-01 4.270410403824073597e+01
6.700000000000000400e-01 4.119573131066697158e+01
6.800000000000000488e-01 3.974402645022514236e+01
6.900000000000000577e-01 3.834651940200960496e+01
7.000000000000000666e-01 3.700087511754855996e+01
7.099999999999999645e-01 3.570488413400934746e+01
7.199999999999999734e-01 3.445645394715526777e+01
7.299999999999999822e-01 3.325360110184023199e+01
7.399999999999999911e-01 3.209444393202387857e+01
7.500000000000000000e-01 3.097719588954077352e+01
7.600000000000000089e-01 2.990015940720439147e+01
7.700000000000000178e-01 2.886172024745864562e+01
7.800000000000000266e-01 2.786034229276813790e+01
7.900000000000000355e-01 2.689456273834671407e+01
8.000000000000000444e-01 2.596298765173786904e+01
8.100000000000000533e-01 2.506428786723747493e+01
8.200000000000000622e-01 2.419719518624819443e+01
8.300000000000000711e-01 2.336049885741392984e+01
8.399999999999999689e-01 2.255304231285341388e+01
8.499999999999999778e-01 2.177372013901123537e+01
8.599999999999999867e-01 2.102147526262164945e+01
8.699999999999999956e-01 2.029529633405034517e+01
8.800000000000000044e-01 1.959421529187117628e+01
8.900000000000000133e-01 1.891730509396457194e+01
9.000000000000000222e-01 1.826367760170420951e+01
9.100000000000000311e-01 1.763248160496084083e+01
9.200000000000000400e-01 1.702290097670318403e+01
9.300000000000000488e-01 1.643415294691864403e+01
9.400000000000000577e-01 1.586548648643253223e+01
9.500000000000000666e-01 1.531618079197961535e+01
9.599999999999999645e-01 1.478554386458960224e+01
9.699999999999999734e-01 1.427291117398198139e+01
9.799999999999999822e-01 1.377764440224994225e+01
9.899999999999999911e-01 1.329913026064846626e+01
1.000000000000000000e+00 1.283677937377573031e+01
1.010000000000000009e+00 1.239002522589202826e+01
1.020000000000000018e+00 1.195832316452429467e+01
1.030000000000000027e+00 1.154114945688643346e+01
1.040000000000000036e+00 1.113800039506105577e+01
1.050000000000000044e+00 1.074839144630146137e+01
1.060000000000000053e+00 1.037185644520162242e+01
1.070000000000000062e+00 1.000794682482288955e+01
1.080000000000000071e+00 9.656230884160938999e+00
1.090000000000000080e+00 9.316293089605828470e+00
1.100000000000000089e+00 8.987733408276612934e+00
1.110000000000000098e+00 8.670166671321128504e+00
1.120000000000000107e+00 8.363221965451007378e+00
1.130000000000000115e+00 8.066542051136746494e+00
1.140000000000000124e+00 7.779782806019666097e+00
1.150000000000000133e+00 7.502612692231840796e+00
1.159999999999999920e+00 7.234712246418272485e+00
1.169999999999999929e+00 6.975773591345721059e+00
1.179999999999999938e+00 6.725499968071207313e+00
1.189999999999999947e+00 6.483605287716406096e+00
1.199999999999999956e+00 6.249813701961680401e+00
1.209999999999999964e+00 6.023859191429344229e+00
1.219999999999999973e+00 5.805485171176306025e+00
1.229999999999999982e+00 5.594444112573732752e+00
1.239999999999999991e+00 5.390497180887045658e+00
1.250000000000000000e+00 5.193413887904333670e+00
1.260000000000000009e+00 5.002971759000612195e+00
1.270000000000000018e+00 4.818956014060493231e+00
1.280000000000000027e+00 4.641159261704299155e+00
1.290000000000000036e+00 4.469381206289775754e+00
1.300000000000000044e+00 4.303428367190425874e+00
1.310000000000000053e+00 4.143113809869622521e+00
1.320000000000000062e+00 3.988256888288647328e+00
1.330000000000000071e+00 3.838682998213625019e+00
1.340000000000000080e+00 3.694223340998578742e+00
1.350000000000000089e+00 3.554714697433551507e+00
1.360000000000000098e+00 3.419999211270768669e+00
1.370000000000000107e+00 3.289924182054586144e+00
1.380000000000000115e+00 3.164341866892768085e+00
1.390000000000000124e+00 3.043109290815672274e+00
1.400000000000000133e+00 2.926088065387026482e+00
1.409999999999999920e+00 2.813144215240106938e+00
1.419999999999999929e+00 2.704148012224711461e+00
1.429999999999999938e+00 2.598973816859597719e+00
1.439999999999999947e+00 2.497499926792399183e+00
1.449999999999999956e+00 2.399608431983054846e+00
1.459999999999999964e+00 2.305185076331958349e+00
1.469999999999999973e+00 2.214119125483274608e+00
1.479999999999999982e+00 2.126303240547581463e+00
1.489999999999999991e+00 2.041633357490184153e+00
1.500000000000000000e+00 1.960008571935902832e+00
1.510000000000000009e+00 1.881331029157291335e+00
1.520000000000000018e+00 1.805505819016056890e+00
1.530000000000000027e+00 1.732440875634487787e+00
1.540000000000000036e+00 1.662046881582496693e+00
1.550000000000000044e+00 1.594237176370729703e+00
1.560000000000000053e+00 1.528927669050066163e+00
1.570000000000000062e+00 1.466036754721208979e+00
1.580000000000000071e+00 1.405485234763164781e+00
1.590000000000000080e+00 1.347196240601495898e+00
1.600000000000000089e+00 1.291095160842304690e+00
1.610000000000000098e+00 1.237109571598108637e+00
1.620000000000000107e+00 1.185169169844002113e+00
1.630000000000000115e+00 1.135205709645090266e+00
1.640000000000000124e+00 1.087152941107404125e+00
1.650000000000000133e+00 1.040946551906724027e+00
1.660000000000000142e+00 9.965241112506286747e-01
1.669999999999999929e+00 9.538250161446953923e-01
1.679999999999999938e+00 9.127904398345841885e-01
1.689999999999999947e+00 8.733632822983272703e-01
1.699999999999999956e+00 8.354881226731787347e-01
1.709999999999999964e+00 7.991111735059350796e-01
1.719999999999999973e+00 7.641802367222430004e-01
1.729999999999999982e+00 7.306446612121139106e-01
1.739999999999999991e+00 6.984553019346504410e-01
1.750000000000000000e+00 6.675644804501497109e-01
1.760000000000000009e+00 6.379259467971261088e-01
1.770000000000000018e+00 6.094948426314179546e-01
1.780000000000000027e+00 5.822276655501372744e-01
1.790000000000000036e+00 5.560822345271643208e-01
1.800000000000000044e+00 5.310176563955093521e-01
1.810000000000000053e+00 5.069942933115223482e-01
1.820000000000000062e+00 4.839737311394551322e-01
1.830000000000000071e+00 4.619187487050188667e-01
1.840000000000000080e+00 4.407932878648601616e-01
1.850000000000000089e+00 4.205624243427656950e-01
1.860000000000000098e+00 4.011923392904124253e-01
1.870000000000000107e+00 3.826502915309484276e-01
1.880000000000000115e+00 3.649045904460495038e-01
1.890000000000000124e+00 3.479245694741093242e-01
1.900000000000000133e+00 3.316805601886999577e-01
1.910000000000000142e+00 3.161438669254960088e-01
1.919999999999999929e+00 3.012867419332882490e-01
1.929999999999999938e+00 2.870823610254632507e-01
1.939999999999999947e+00 2.735047997095459982e-01
1.949999999999999956e+00 2.605290097761210344e-01
1.959999999999999964e+00 2.481307963309876685e-01
1.969999999999999973e+00 2.362867952559939422e-01
1.979999999999999982e+00 2.249744510824586707e-01
1.989999999999999991e+00 2.141719952646114478e-01
2.000000000000000000e+00 2.038584248458631398e-01
2.010000000000000231e+00 1.940134815078560504e-01
2.020000000000000018e+00 1.846176309929317416e-01
2.030000000000000249e+00 1.756520428956395152e-01
2.040000000000000036e+00 1.670985708157203264e-01
2.049999999999999822e+00 1.589397328678631705e-01
2.060000000000000053e+00 1.511586925457733821e-01
2.069999999999999840e+00 1.437392399359816442e-01
2.080000000000000071e+00 1.366657732784194723e-01
2.089999999999999858e+00 1.299232808718256416e-01
2.100000000000000089e+00 1.234973233229593043e-01
2.109999999999999876e+00 1.173740161374710045e-01
2.120000000000000107e+00 1.115400126498054673e-01
2.129999999999999893e+00 1.059824872921151379e-01
2.140000000000000124e+00 1.006891192015287040e-01
2.149999999999999911e+00 9.564807616496566467e-02
2.160000000000000142e+00 9.084799890002945300e-02
2.169999999999999929e+00 8.627798567275792030e-02
2.180000000000000160e+00 8.192757724895496918e-02
2.189999999999999947e+00 7.778674217711453731e-02
2.200000000000000178e+00 7.384586240536560042e-02
2.209999999999999964e+00 7.009571923012586359e-02
2.220000000000000195e+00 6.652747957433367831e-02
2.229999999999999982e+00 6.313268259253274062e-02
2.240000000000000213e+00 5.990322660122734955e-02
2.250000000000000000e+00 5.683135633433233913e-02
2.260000000000000231e+00 5.390965051962348653e-02
2.270000000000000018e+00 5.113100977477411102e-02
2.280000000000000249e+00 4.848864481950126981e-02
2.290000000000000036e+00 4.597606500035744670e-02
2.300000000000000266e+00 4.358706712628321323e-02
2.310000000000000053e+00 4.131572461103513727e-02
2.319999999999999840e+00 3.915637691838833034e-02
2.330000000000000071e+00 3.710361930756211901e-02
2.339999999999999858e+00 3.515229287380089440e-02
2.350000000000000089e+00 3.329747488015796786e-02
2.359999999999999876e+00 3.153446937636053549e-02
2.370000000000000107e+00 2.985879810065919515e-02
2.379999999999999893e+00 2.826619165950672308e-02
2.390000000000000124e+00 2.675258098052263334e-02
2.399999999999999911e+00 2.531408903589782433e-02
2.410000000000000142e+00 2.394702282849259234e-02
2.419999999999999929e+00 2.264786563763701577e-02
2.430000000000000160e+00 2.141326951973840376e-02
2.439999999999999947e+00 2.024004805771500992e-02
2.450000000000000178e+00 1.912516935360406012e-02
2.459999999999999964e+00 1.806574926227760836e-02
2.470000000000000195e+00 1.705904485987538854e-02
2.479999999999999982e+00 1.610244813990246993e-02
2.490000000000000213e+00 1.519347993257330609e-02
2.500000000000000000e+00 1.432978404514054227e-02
2.510000000000000231e+00 1.350912161606515616e-02
2.520000000000000018e+00 1.272936567762486537e-02
2.530000000000000249e+00 1.198849592256212571e-02
2.540000000000000036e+00 1.128459366973758038e-02
2.550000000000000266e+00 1.061583702399265805e-02
2.560000000000000053e+00 9.980496224779394909e-03
2.569999999999999840e+00 9.376929179410437021e-03
2.580000000000000071e+00 8.803577176275070859e-03
2.589999999999999858e+00 8.258960772515033799e-03
2.600000000000000089e+00 7.741675852243931621e-03
2.609999999999999876e+00 7.250389849617108751e-03
2.620000000000000107e+00 6.783838131502531454e-03
2.629999999999999893e+00 6.340820537739461082e-03
2.640000000000000124e+00 5.920198072267054967e-03
2.649999999999999911e+00 5.520889740626311326e-03
2.660000000000000142e+00 5.141869531121973091e-03
2.669999999999999929e+00 4.782163533268171673e-03
2.680000000000000160e+00 4.440847190247149134e-03
2.689999999999999947e+00 4.117042680457691506e-03
2.700000000000000178e+00 3.809916424019649250e-03
2.709999999999999964e+00 3.518676710839704902e-03
2.720000000000000195e+00 3.242571445004643893e-03
2.729999999999999982e+00 2.980886000906193822e-03
2.740000000000000213e+00 2.732941188961002243e-03
2.750000000000000000e+00 2.498091325911715177e-03
2.760000000000000231e+00 2.275722405714580843e-03
2.770000000000000018e+00 2.065250366667319148e-03
2.780000000000000249e+00 1.866119451272713059e-03
2.790000000000000036e+00 1.677800655840305799e-03
2.800000000000000266e+00 1.499790264963031527e-03
2.810000000000000053e+00 1.331608467655398531e-03
2.819999999999999840e+00 1.172798051838720018e-03
2.830000000000000071e+00 1.022923174431438278e-03
2.839999999999999858e+00 8.815682019858925300e-04
2.850000000000000089e+00 7.483366189944603425e-04
2.859999999999999876e+00 6.228500012903033555e-04
2.870000000000000107e+00 5.047470514090105637e-04
2.879999999999999893e+00 3.936826919452938306e-04
2.890000000000000124e+00 2.893272136795625726e-04
2.899999999999999911e+00 1.913654773758807770e-04
2.910000000000000142e+00 9.949616540774405826e-05
2.919999999999999929e+00 1.343107887125452593e-05
2.930000000000000160e+00 -6.710552028143731973e-05
2.939999999999999947e+00 -1.423775249808217902e-04
2.950000000000000178e+00 -2.126375603209926246e-04
2.959999999999999964e+00 -2.781275231759014477e-04
2.970000000000000195e+00 -3.390790877319527219e-04
2.979999999999999982e+00 -3.957141796578217408e-04
2.990000000000000213e+00 -4.482454200545951672e-04
3.000000000000000000e+00 -4.968765396442115234e-04
3.010000000000000231e+00 -5.418027680478693098e-04
3.020000000000000018e+00 -5.832111982856102994e-04
3.030000000000000249e+00 -6.212811290962766408e-04
3.040000000000000036e+00 -6.561843864131416959e-04
3.050000000000000266e+00 -6.880856251035086246e-04
3.060000000000000053e+00 -7.171426134022912402e-04
3.070000000000000284e+00 -7.435065005477539679e-04
3.080000000000000071e+00 -7.673220690278675926e-04
3.089999999999999858e+00 -7.887279739142993851e-04
3.100000000000000089e+00 -8.078569689753262173e-04
3.109999999999999876e+00 -8.248361210171084590e-04
3.120000000000000107e+00 -8.397870137986998551e-04
3.129999999999999893e+00 -8.528259420714293104e-04
3.140000000000000124e+00 -8.640640976174326915e-04
3.149999999999999911e+00 -8.736077467676808816e-04
3.160000000000000142e+00 -8.815584007752508278e-04
3.169999999999999929e+00 -8.880129794030661161e-04
3.180000000000000160e+00 -8.930639683627991654e-04
3.189999999999999947e+00 -8.967995720824198380e-04
3.200000000000000178e+00 -8.993038610732931315e-04
3.209999999999999964e+00 -9.006569144244316871e-04
3.220000000000000195e+00 -9.009349594328586175e-04
3.229999999999999982e+00 -9.002105069193036546e-04
3.240000000000000213e+00 -8.985524826165963708e-04
3.250000000000000000e+00 -8.960263556326217294e-04
3.260000000000000231e+00 -8.926942641069163242e-04
3.270000000000000018e+00 -8.886151376990211737e-04
3.280000000000000249e+00 -8.838448180990832181e-04
3.290000000000000036e+00 -8.784361774329049743e-04
3.300000000000000266e+00 -8.724392327654068025e-04
3.310000000000000053e+00 -8.659012592044587620e-04
3.320000000000000284e+00 -8.588669010529750847e-04
3.330000000000000071e+00 -8.513782805282255062e-04
3.339999999999999858e+00 -8.434751049112843013e-04
3.350000000000000089e+00 -8.351947700463852042e-04
3.359999999999999876e+00 -8.265724622023781776e-04
3.370000000000000107e+00 -8.176412585461576010e-04
3.379999999999999893e+00 -8.084322248399639088e-04
3.390000000000000124e+00 -7.989745103992376696e-04
3.399999999999999911e+00 -7.892954413957209425e-04
3.410000000000000142e+00 -7.794206113967694360e-04
3.419999999999999929e+00 -7.693739693725096251e-04
3.430000000000000160e+00 -7.591779058921527268e-04
3.439999999999999947e+00 -7.488533357537345558e-04
3.450000000000000178e+00 -7.384197788269826479e-04
3.459999999999999964e+00 -7.278954383337712941e-04
3.470000000000000195e+00 -7.172972757113205144e-04
3.479999999999999982e+00 -7.066410838187202337e-04
3.490000000000000213e+00 -6.959415569497869047e-04
3.500000000000000000e+00 -6.852123575089644203e-04
3.510000000000000231e+00 -6.744661807058204006e-04
3.520000000000000018e+00 -6.637148158466360526e-04
3.530000000000000249e+00 -6.529692053915108624e-04
3.540000000000000036e+00 -6.422395008556566059e-04
3.550000000000000266e+00 -6.315351160912675843e-04
3.560000000000000053e+00 -6.208647776396484727e-04
3.570000000000000284e+00 -6.102365726237965818e-04
3.580000000000000071e+00 -5.996579939999569647e-04
3.589999999999999858e+00 -5.891359828269205050e-04
3.600000000000000089e+00 -5.786769678579261559e-04
3.609999999999999876e+00 -5.682869031077479680e-04
3.620000000000000107e+00 -5.579713026931110154e-04
3.629999999999999893e+00 -5.477352729248438981e-04
3.640000000000000124e+00 -5.375835423064544150e-04
3.649999999999999911e+00 -5.275204897062634596e-04
3.660000000000000142e+00 -5.175501697096407394e-04
3.669999999999999929e+00 -5.076763354432932418e-04
3.680000000000000160e+00 -4.979024603136150695e-04
3.689999999999999947e+00 -4.882317575871705090e-04
3.700000000000000178e+00 -4.786671982885595117e-04
3.709999999999999964e+00 -4.692115269043315579e-04
3.720000000000000195e+00 -4.598672760179056684e-04
3.729999999999999982e+00 -4.506367790827296715e-04
3.740000000000000213e+00 -4.415221817419372197e-04
3.750000000000000000e+00 -4.325254522571375659e-04
3.760000000000000231e+00 -4.236483906102199437e-04
3.770000000000000018e+00 -4.148926362157190351e-04
3.780000000000000249e+00 -4.062596746092980715e-04
3.790000000000000036e+00 -3.977508434718050878e-04
3.800000000000000266e+00 -3.893673379807803536e-04
3.810000000000000053e+00 -3.811102157781076638e-04
3.820000000000000284e+00 -3.729804007708906188e-04
3.830000000000000071e+00 -3.649786861803366866e-04
3.839999999999999858e+00 -3.571057372505209715e-04
3.850000000000000089e+00 -3.493620942574618415e-04
3.859999999999999876e+00 -3.417481749497311427e-04
3.870000000000000107e+00 -3.342642765518585857e-04
3.879999999999999893e+00 -3.269105772691766054e-04
3.890000000000000124e+00 -3.196871380163161802e-04
3.899999999999999911e+00 -3.125939048068716863e-04
3.910000000000000142e+00 -3.056307101427860329e-04
3.919999999999999929e+00 -2.987972744383851631e-04
3.930000000000000160e+00 -2.920932079996108044e-04
3.939999999999999947e+00 -2.855180131351407746e-04
3.950000000000000178e+00 -2.790710862008924376e-04
3.959999999999999964e+00 -2.727517197937505411e-04
3.970000000000000195e+00 -2.665591055101730611e-04
3.979999999999999982e+00 -2.604923362908399820e-04
3.990000000000000213e+00 -2.545504091196644503e-04
4.000000000000000000e+00 -2.487322281743108154e-04
4.009999999999999787e+00 -2.430366081609403039e-04
4.020000000000000462e+00 -2.374622779930044003e-04
4.030000000000000249e+00 -2.320078842437227340e-04
4.040000000000000036e+00 -2.266719955138982168e-04
4.049999999999999822e+00 -2.214531063965755053e-04
4.060000000000000497e+00 -2.163496415445165244e-04
4.070000000000000284e+00 -2.113599604969818024e-04
4.080000000000000071e+00 -2.064823620191759412e-04
4.089999999999999858e+00 -2.017150890848348754e-04
4.099999999999999645e+00 -1.970563335126143678e-04
4.110000000000000320e+00 -1.925042405566262937e-04
4.120000000000000107e+00 -1.880569144233693035e-04
4.129999999999999893e+00 -1.837124236937180688e-04
4.139999999999999680e+00 -1.794688063225732821e-04
4.150000000000000355e+00 -1.753240739462182118e-04
4.160000000000000142e+00 -1.712762170655302008e-04
4.169999999999999929e+00 -1.673232106611487191e-04
4.179999999999999716e+00 -1.634630189721267973e-04
4.190000000000000391e+00 -1.596935998443675675e-04
4.200000000000000178e+00 -1.560129094595238269e-04
4.209999999999999964e+00 -1.524189069747501624e-04
4.219999999999999751e+00 -1.489095591075371983e-04
4.230000000000000426e+00 -1.454828441609778283e-04
4.240000000000000213e+00 -1.421367560768046351e-04
4.250000000000000000e+00 -1.388693088412076143e-04
4.259999999999999787e+00 -1.356785399931450045e-04
4.270000000000000462e+00 -1.325625135259501930e-04
4.280000000000000249e+00 -1.295193230407337345e-04
4.290000000000000036e+00 -1.265470944530411659e-04
4.299999999999999822e+00 -1.236439891495093660e-04
4.310000000000000497e+00 -1.208082063341533487e-04
4.320000000000000284e+00 -1.180379847521601140e-04
4.330000000000000071e+00 -1.153316053154858703e-04
4.339999999999999858e+00 -1.126873920124782380e-04
4.350000000000000533e+00 -1.101037134310179971e-04
4.360000000000000320e+00 -1.075789841957959796e-04
4.370000000000000107e+00 -1.051116652687788850e-04
4.379999999999999893e+00 -1.027002647112044021e-04
4.389999999999999680e+00 -1.003433381875026582e-04
4.400000000000000355e+00 -9.803948914013666666e-05
4.410000000000000142e+00 -9.578736897399714456e-05
4.419999999999999929e+00 -9.358567648041658457e-05
4.429999999999999716e+00 -9.143315703887509860e-05
4.440000000000000391e+00 -8.932860206206823250e-05
4.450000000000000178e+00 -8.727084820753239214e-05
4.459999999999999964e+00 -8.525877635957856970e-05
4.469999999999999751e+00 -8.329131036602811095e-05
4.480000000000000426e+00 -8.136741591631239945e-05
4.490000000000000213e+00 -7.948609929112320643e-05
4.500000000000000000e+00 -7.764640600317878477e-05
4.509999999999999787e+00 -7.584741891293773908e-05
4.520000000000000462e+00 -7.408825657129539111e-05
4.530000000000000249e+00 -7.236807181469108452e-05
4.540000000000000036e+00 -7.068604949041212837e-05
4.549999999999999822e+00 -6.904140461282994023e-05
4.560000000000000497e+00 -6.743338071246197940e-05
4.570000000000000284e+00 -6.586124805547932670e-05
4.580000000000000071e+00 -6.432430217121962168e-05
4.589999999999999858e+00 -6.282186172257980816e-05
4.600000000000000533e+00 -6.135326659046508313e-05
4.610000000000000320e+00 -5.991787653001658109e-05
4.620000000000000107e+00 -5.851506930106172011e-05
4.629999999999999893e+00 -5.714423928905934535e-05
4.639999999999999680e+00 -5.580479595051340835e-05
4.650000000000000355e+00 -5.449616172181759310e-05
4.660000000000000142e+00 -5.321777096497538884e-05
4.669999999999999929e+00 -5.196906860767923353e-05
4.679999999999999716e+00 -5.074950914666850887e-05
4.690000000000000391e+00 -4.955855558693399165e-05
4.700000000000000178e+00 -4.839567807193335958e-05
4.709999999999999964e+00 -4.726035255723029516e-05
4.719999999999999751e+00 -4.615206008437219842e-05
4.730000000000000426e+00 -4.507028607461140146e-05
4.740000000000000213e+00 -4.401451991681987197e-05
4.750000000000000000e+00 -4.298425464323990530e-05
4.759999999999999787e+00 -4.197898625169470266e-05
4.770000000000000462e+00 -4.099821315859362991e-05
4.780000000000000249e+00 -4.004143591368122812e-05
4.790000000000000036e+00 -3.910815688191494888e-05
4.799999999999999822e+00 -3.819788004626005484e-05
4.810000000000000497e+00 -3.731011111665454016e-05
4.820000000000000284e+00 -3.644435753881979101e-05
4.830000000000000071e+00 -3.560012822637938223e-05
4.839999999999999858e+00 -3.477693391109627774e-05
4.850000000000000533e+00 -3.397428759241774565e-05
4.860000000000000320e+00 -3.319170472800697658e-05
4.870000000000000107e+00 -3.242870337339179287e-05
4.879999999999999893e+00 -3.168480478817070622e-05
4.889999999999999680e+00 -3.095953362027351052e-05
4.900000000000000355e+00 -3.025241799904220680e-05
4.910000000000000142e+00 -2.956299031158741292e-05
4.919999999999999929e+00 -2.889078781734017581e-05
4.929999999999999716e+00 -2.823535279060027103e-05
4.940000000000000391e+00 -2.759623299044243472e-05
4.950000000000000178e+00 -2.697298200875653668e-05
4.959999999999999964e+00 -2.636516004050556972e-05
4.969999999999999751e+00 -2.577233430801559311e-05
4.980000000000000426e+00 -2.519407925422045835e-05
4.990000000000000213e+00 -2.462997675660352076e-05
5.000000000000000000e+00 -2.407961711257131446e-05
5.009999999999999787e+00 -2.354259943438243366e-05
5.020000000000000462e+00 -2.301853180019380885e-05
5.030000000000000249e+00 -2.250703188555859893e-05
5.040000000000000036e+00 -2.200772706864844580e-05
5.049999999999999822e+00 -2.152025452962233812e-05
5.060000000000000497e+00 -2.104426150532456678e-05
5.070000000000000284e+00 -2.057940554663572306e-05
5.080000000000000071e+00 -2.012535497435325761e-05
5.089999999999999858e+00 -1.968178864612053942e-05
5.100000000000000533e+00 -1.924839599264598468e-05
5.110000000000000320e+00 -1.882487745073676546e-05
5.120000000000000107e+00 -1.841094417146028916e-05
5.129999999999999893e+00 -1.800631823869157377e-05
5.139999999999999680e+00 -1.761073260932730436e-05
5.150000000000000355e+00 -1.722393057778303857e-05
5.160000000000000142e+00 -1.684566577408747740e-05
5.169999999999999929e+00 -1.647570236534899417e-05
5.179999999999999716e+00 -1.611381479867351856e-05
5.190000000000000391e+00 -1.575978740949324913e-05
5.200000000000000178e+00 -1.541341403255231182e-05
5.209999999999999964e+00 -1.507449791792207436e-05
5.219999999999999751e+00 -1.474285138592691669e-05
5.230000000000000426e+00 -1.441829529371307581e-05
5.240000000000000213e+00 -1.410065903923981082e-05
5.250000000000000000e+00 -1.378978028490586080e-05
5.259999999999999787e+00 -1.348550438956585065e-05
5.270000000000000462e+00 -1.318768400693530116e-05
5.280000000000000249e+00 -1.289617879722320878e-05
5.290000000000000036e+00 -1.261085496851149096e-05
5.299999999999999822e+00 -1.233158492200576994e-05
5.310000000000000497e+00 -1.205824669000925276e-05
5.320000000000000284e+00 -1.179072350184634521e-05
5.330000000000000071e+00 -1.152890346210831002e-05
5.339999999999999858e+00 -1.127267921635990988e-05
5.350000000000000533e+00 -1.102194751535692102e-05
5.360000000000000320e+00 -1.077660915781066681e-05
5.370000000000000107e+00 -1.053656825390596186e-05
5.379999999999999893e+00 -1.030173187801207424e-05
5.389999999999999680e+00 -1.007200988435621308e-05
5.400000000000000355e+00 -9.847314680519816954e-06
5.410000000000000142e+00 -9.627560910867999366e-06
5.419999999999999929e+00 -9.412664919369005678e-06
5.429999999999999716e+00 -9.202544519312273741e-06
5.440000000000000391e+00 -8.997118868431762395e-06
5.450000000000000178e+00 -8.796308051819447249e-06
5.459999999999999964e+00 -8.600033024074027477e-06
5.469999999999999751e+00 -8.408215595762276451e-06
5.480000000000000426e+00 -8.220778135247831797e-06
5.490000000000000213e+00 -8.037643507025245271e-06
5.500000000000000000e+00 -7.858734858783543442e-06
5.509999999999999787e+00 -7.683975269292056542e-06
5.520000000000000462e+00 -7.513287717003658273e-06
5.530000000000000249e+00 -7.346595262203332866e-06
5.540000000000000036e+00 -7.183820921882570765e-06
5.549999999999999822e+00 -7.024887653315006752e-06
5.560000000000000497e+00 -6.869717979025684318e-06
5.570000000000000284e+00 -6.718234214732853038e-06
5.580000000000000071e+00 -6.570358638477435953e-06
5.589999999999999858e+00 -6.426013700790850214e-06
5.600000000000000533e+00 -6.285122009311479296e-06
5.610000000000000320e+00 -6.147606033565528733e-06
5.620000000000000107e+00 -6.013388111160856281e-06
5.629999999999999893e+00 -5.882390525696005318e-06
5.639999999999999680e+00 -5.754535990631394482e-06
5.650000000000000355e+00 -5.629747756476146531e-06
5.660000000000000142e+00 -5.507949266539587108e-06
5.669999999999999929e+00 -5.389064397007866519e-06
5.679999999999999716e+00 -5.273017519675030074e-06
5.690000000000000391e+00 -5.159733646392574563e-06
5.700000000000000178e+00 -5.049138382322553714e-06
5.709999999999999964e+00 -4.941158196557909887e-06
5.719999999999999751e+00 -4.835720562549640500e-06
5.730000000000000426e+00 -4.732754046426774358e-06
5.740000000000000213e+00 -4.632188465911136685e-06
5.750000000000000000e+00 -4.533954917825943481e-06
5.759999999999999787e+00 -4.437986027899017832e-06
5.770000000000000462e+00 -4.344215739378711263e-06
5.780000000000000249e+00 -4.252579497586363860e-06
5.790000000000000036e+00 -4.163014436554118847e-06
5.799999999999999822e+00 -4.075459275737318421e-06
5.810000000000000497e+00 -3.989854647751906944e-06
5.820000000000000284e+00 -3.906142909790148200e-06
5.830000000000000071e+00 -3.824267987667033346e-06
5.839999999999999858e+00 -3.744175669181753173e-06
5.850000000000000533e+00 -3.665813696248807711e-06
5.860000000000000320e+00 -3.589131869886750701e-06
5.870000000000000107e+00 -3.514081659199981528e-06
5.879999999999999893e+00 -3.440616352149529012e-06
5.889999999999999680e+00 -3.368691366458073568e-06
5.900000000000000355e+00 -3.298263779970083374e-06
5.910000000000000142e+00 -3.229292544935263073e-06
5.919999999999999929e+00 -3.161738479317199521e-06
5.929999999999999716e+00 -3.095564010164035713e-06
5.940000000000000391e+00 -3.030733457412429846e-06
5.950000000000000178e+00 -2.967212789533701760e-06
5.959999999999999964e+00 -2.904969686069258997e-06
5.969999999999999751e+00 -2.843973812429985773e-06
5.980000000000000426e+00 -2.784196434744371645e-06
5.990000000000000213e+00 -2.725609931058213531e-06
6.000000000000000000e+00 -2.668188015832444887e-06
6.009999999999999787e+00 -2.611905974673122896e-06
6.020000000000000462e+00 -2.556740470657792308e-06
6.030000000000000249e+00 -2.502669262175122658e-06
6.040000000000000036e+00 -2.449671260389141292e-06
6.049999999999999822e+00 -2.397726494124743923e-06
6.060000000000000497e+00 -2.346815785806604174e-06
6.070000000000000284e+00 -2.296920834202664449e-06
6.080000000000000071e+00 -2.248024410383703958e-06
6.089999999999999858e+00 -2.200110189147681805e-06
6.100000000000000533e+00 -2.153162547755601425e-06
6.110000000000000320e+00 -2.107166301057450397e-06
6.120000000000000107e+00 -2.062106754649548762e-06
6.129999999999999893e+00 -2.017969660875456456e-06
6.140000000000000568e+00 -1.974741379483051229e-06
6.150000000000000355e+00 -1.932408604765969984e-06
6.160000000000000142e+00 -1.890958260831847315e-06
6.169999999999999929e+00 -1.850377592017404121e-06
6.179999999999999716e+00 -1.810654097720524464e-06
6.190000000000000391e+00 -1.771775447990345947e-06
6.200000000000000178e+00 -1.733729525949922329e-06
6.209999999999999964e+00 -1.696504068562313533e-06
6.219999999999999751e+00 -1.660086707937387385e-06
6.230000000000000426e+00 -1.624464916125979708e-06
6.240000000000000213e+00 -1.589626193441041196e-06
6.250000000000000000e+00 -1.555558199988274493e-06
6.259999999999999787e+00 -1.522248484488956249e-06
6.270000000000000462e+00 -1.489684721577531901e-06
6.280000000000000249e+00 -1.457854511873434011e-06
6.290000000000000036e+00 -1.426745147169779931e-06
6.299999999999999822e+00 -1.396343829953086702e-06
6.310000000000000497e+00 -1.366637492962972933e-06
6.320000000000000284e+00 -1.337612731683226336e-06
6.330000000000000071e+00 -1.309256145666645374e-06
6.339999999999999858e+00 -1.281554463808962444e-06
6.350000000000000533e+00 -1.254494188331328058e-06
6.360000000000000320e+00 -1.228061650966486354e-06
6.370000000000000107e+00 -1.202243121036818130e-06
6.379999999999999893e+00 -1.177025096586476610e-06
6.390000000000000568e+00 -1.152394031554921164e-06
6.400000000000000355e+00 -1.128336263958714877e-06
6.410000000000000142e+00 -1.104838198887504036e-06
6.419999999999999929e+00 -1.081886178090326125e-06
6.429999999999999716e+00 -1.059466455007951682e-06
6.440000000000000391e+00 -1.037565274193512355e-06
6.450000000000000178e+00 -1.016169014795599568e-06
6.459999999999999964e+00 -9.952641178319343584e-07
6.469999999999999751e+00 -9.748372998504874209e-07
6.480000000000000426e+00 -9.548755767343304265e-07
6.490000000000000213e+00 -9.353659069664867903e-07
6.500000000000000000e+00 -9.162953876472876638e-07
6.509999999999999787e+00 -8.976514707660339723e-07
6.520000000000000462e+00 -8.794216780837974673e-07
6.530000000000000249e+00 -8.615937293956219337e-07
6.540000000000000036e+00 -8.441559550085176583e-07
6.549999999999999822e+00 -8.270971101712065211e-07
6.560000000000000497e+00 -8.104060530052530249e-07
6.570000000000000284e+00 -7.940716807831415917e-07
6.580000000000000071e+00 -7.780831782783366977e-07
6.589999999999999858e+00 -7.624303275442052222e-07
6.600000000000000533e+00 -7.471034727891186656e-07
6.610000000000000320e+00 -7.320929300853721601e-07
6.620000000000000107e+00 -7.173893989405216482e-07
6.629999999999999893e+00 -7.029844495545233582e-07
6.640000000000000568e+00 -6.888700767544502987e-07
6.650000000000000355e+00 -6.750385807129002762e-07
6.660000000000000142e+00 -6.614825517643611093e-07
6.669999999999999929e+00 -6.481945253421889618e-07
6.679999999999999716e+00 -6.351674883805016880e-07
6.690000000000000391e+00 -6.223948952560165275e-07
6.700000000000000178e+00 -6.098704712179949493e-07
6.709999999999999964e+00 -5.975881460474024957e-07
6.719999999999999751e+00 -5.855421947810381805e-07
6.730000000000000426e+00 -5.737273794350272391e-07
6.740000000000000213e+00 -5.621386995462726924e-07
6.750000000000000000e+00 -5.507712750765607346e-07
6.759999999999999787e+00 -5.396206407224388504e-07
6.770000000000000462e+00 -5.286825935245289404e-07
6.780000000000000249e+00 -5.179530509104432121e-07
6.790000000000000036e+00 -5.074282055335995606e-07
6.799999999999999822e+00 -4.971045519931672693e-07
6.810000000000000497e+00 -4.869788379128050029e-07
6.820000000000000284e+00 -4.770478757206699991e-07
6.830000000000000071e+00 -4.673084193937372330e-07
6.839999999999999858e+00 -4.577576102287152574e-07
6.850000000000000533e+00 -4.483927083805778688e-07
6.860000000000000320e+00 -4.392110754150406471e-07
6.870000000000000107e+00 -4.302102823358633366e-07
6.879999999999999893e+00 -4.213878416789267056e-07
6.890000000000000568e+00 -4.127414109229799941e-07
6.900000000000000355e+00 -4.042686665059989914e-07
6.910000000000000142e+00 -3.959671964212999051e-07
6.919999999999999929e+00 -3.878346703971649601e-07
6.929999999999999716e+00 -3.798686508389801514e-07
6.940000000000000391e+00 -3.720667846706781495e-07
6.950000000000000178e+00 -3.644269250483583855e-07
6.959999999999999964e+00 -3.569467800445223771e-07
6.969999999999999751e+00 -3.496240555212002526e-07
6.980000000000000426e+00 -3.424568065209590562e-07
6.990000000000000213e+00 -3.354430927143912250e-07
7.000000000000000000e+00 -3.285807082201858131e-07
7.009999999999999787e+00 -3.218673739880219611e-07
7.020000000000000462e+00 -3.153009234292680762e-07
7.030000000000000249e+00 -3.088790944179992115e-07
7.040000000000000036e+00 -3.025995393886055790e-07
7.049999999999999822e+00 -2.964596747055247422e-07
7.060000000000000497e+00 -2.904569846437152214e-07
7.070000000000000284e+00 -2.845890881473210621e-07
7.080000000000000071e+00 -2.788535270378247541e-07
7.089999999999999858e+00 -2.732475711746768995e-07
7.100000000000000533e+00 -2.677683389165543687e-07
7.110000000000000320e+00 -2.624132431738434440e-07
7.120000000000000107e+00 -2.571799362914876583e-07
7.129999999999999893e+00 -2.520657953971900539e-07
7.140000000000000568e+00 -2.470682005980412432e-07
7.150000000000000355e+00 -2.421845582181161513e-07
7.160000000000000142e+00 -2.374122497937006943e-07
7.169999999999999929e+00 -2.327486122285973152e-07
7.179999999999999716e+00 -2.281909404314467690e-07
7.190000000000000391e+00 -2.237365710316399289e-07
7.200000000000000178e+00 -2.193829219774168920e-07
7.209999999999999964e+00 -2.151273025095953514e-07
7.219999999999999751e+00 -2.109668656122038084e-07
7.230000000000000426e+00 -2.068988907747934015e-07
7.240000000000000213e+00 -2.029207784349802007e-07
7.250000000000000000e+00 -1.990300863724016323e-07
7.259999999999999787e+00 -1.952245767900873986e-07
7.270000000000000462e+00 -1.915019929972180436e-07
7.280000000000000249e+00 -1.878600537094741313e-07
7.290000000000000036e+00 -1.842963792713552332e-07
7.299999999999999822e+00 -1.808086646152662173e-07
7.310000000000000497e+00 -1.773946583440318397e-07
7.320000000000000284e+00 -1.740521999193023108e-07
7.330000000000000071e+00 -1.707791999543356674e-07
7.339999999999999858e+00 -1.675736524068134311e-07
7.350000000000000533e+00 -1.644334991916557472e-07
7.360000000000000320e+00 -1.613566060141888412e-07
7.370000000000000107e+00 -1.583408537235868926e-07
7.379999999999999893e+00 -1.553843743152079493e-07
7.390000000000000568e+00 -1.524853519950965643e-07
7.400000000000000355e+00 -1.496420356098928706e-07
7.410000000000000142e+00 -1.468529294381591905e-07
7.419999999999999929e+00 -1.441166885742667381e-07
7.429999999999999716e+00 -1.414320039451195509e-07
7.440000000000000391e+00 -1.387975545448722273e-07
7.450000000000000178e+00 -1.362119949977012162e-07
7.459999999999999964e+00 -1.336741299191304341e-07
7.469999999999999751e+00 -1.311829018234365440e-07
7.480000000000000426e+00 -1.287373308583254078e-07
7.490000000000000213e+00 -1.263363454116783226e-07
7.500000000000000000e+00 -1.239788023219478771e-07
7.509999999999999787e+00 -1.216636822955435675e-07
7.520000000000000462e+00 -1.193901420562244568e-07
7.530000000000000249e+00 -1.171576159959375300e-07
7.540000000000000036e+00 -1.149655901542265615e-07
7.549999999999999822e+00 -1.128134611762146404e-07
7.560000000000000497e+00 -1.107006692682623722e-07
7.570000000000000284e+00 -1.086266899971710664e-07
7.580000000000000071e+00 -1.065911352328744420e-07
7.589999999999999858e+00 -1.045935338771686492e-07
7.600000000000000533e+00 -1.026332814452212729e-07
7.610000000000000320e+00 -1.007098328073357217e-07
7.620000000000000107e+00 -9.882274396944088629e-08
7.629999999999999893e+00 -9.697164972513648909e-08
7.640000000000000568e+00 -9.515616846268813017e-08
7.650000000000000355e+00 -9.337587100776735538e-08
7.660000000000000142e+00 -9.163036363398152986e-08
7.669999999999999929e+00 -8.991934326589481191e-08
7.679999999999999716e+00 -8.824225969275133891e-08
7.690000000000000391e+00 -8.659850025006382568e-08
7.700000000000000178e+00 -8.498772886871485896e-08
7.709999999999999964e+00 -8.340964980946838706e-08
7.719999999999999751e+00 -8.186389571437913126e-08
7.730000000000000426e+00 -8.035001749460155343e-08
7.740000000000000213e+00 -7.886744715976520478e-08
7.750000000000000000e+00 -7.741572989800916960e-08
7.759999999999999787e+00 -7.599466652946813838e-08
7.770000000000000462e+00 -7.460383815777920161e-08
7.780000000000000249e+00 -7.324276871508101153e-08
7.790000000000000036e+00 -7.191108392833262322e-08
7.799999999999999822e+00 -7.060828874740684297e-08
7.810000000000000497e+00 -6.933377553965287821e-08
7.820000000000000284e+00 -6.808695656883084410e-08
7.830000000000000071e+00 -6.686729035325919904e-08
7.839999999999999858e+00 -6.567436763442761546e-08
7.850000000000000533e+00 -6.450768012935875415e-08
7.860000000000000320e+00 -6.336665489276981783e-08
7.870000000000000107e+00 -6.225065996419377676e-08
7.879999999999999893e+00 -6.115901050028106634e-08
7.890000000000000568e+00 -6.009102991301430371e-08
7.900000000000000355e+00 -5.904603913767887333e-08
7.910000000000000142e+00 -5.802352387110224288e-08
7.919999999999999929e+00 -5.702305094882091294e-08
7.930000000000000604e+00 -5.604421423618206541e-08
7.940000000000000391e+00 -5.508646608613429474e-08
7.950000000000000178e+00 -5.414929593350889872e-08
7.959999999999999964e+00 -5.323237348711868169e-08
7.969999999999999751e+00 -5.233517826297136646e-08
7.980000000000000426e+00 -5.145713494013456554e-08
7.990000000000000213e+00 -5.059776162256394288e-08
8.000000000000000000e+00 -4.975651555656486306e-08
8.009999999999999787e+00 -4.893276933981885977e-08
8.019999999999999574e+00 -4.812594401698523303e-08
8.029999999999999361e+00 -4.733545337716102940e-08
8.040000000000000924e+00 -4.656078050297254335e-08
8.050000000000000711e+00 -4.580139821809472035e-08
8.060000000000000497e+00 -4.505679051570749688e-08
8.070000000000000284e+00 -4.432647114456706762e-08
8.080000000000000071e+00 -4.361028383177028601e-08
8.089999999999999858e+00 -4.290806905478904403e-08
8.099999999999999645e+00 -4.221950969869771439e-08
8.109999999999999432e+00 -4.154424899073202483e-08
8.120000000000000995e+00 -4.088188865117547673e-08
8.130000000000000782e+00 -4.023204598521805148e-08
8.140000000000000568e+00 -3.959436662350572489e-08
8.150000000000000355e+00 -3.896828499451123655e-08
8.160000000000000142e+00 -3.835323302093992257e-08
8.169999999999999929e+00 -3.774884702272793572e-08
8.179999999999999716e+00 -3.715492755352662506e-08
8.189999999999999503e+00 -3.657122647593533549e-08
8.199999999999999289e+00 -3.599737884771964883e-08
8.210000000000000853e+00 -3.543312720078080347e-08
8.220000000000000639e+00 -3.487833595463424308e-08
8.230000000000000426e+00 -3.433273555696872339e-08
8.240000000000000213e+00 -3.379615056630866105e-08
8.250000000000000000e+00 -3.326861368660970208e-08
8.259999999999999787e+00 -3.275009847878871880e-08
8.269999999999999574e+00 -3.224042560806788908e-08
8.279999999999999361e+00 -3.173944102129893675e-08
8.290000000000000924e+00 -3.124710144108847412e-08
8.300000000000000711e+00 -3.076318298505468368e-08
8.310000000000000497e+00 -3.028753479299758217e-08
8.320000000000000284e+00 -2.982011327500250567e-08
8.330000000000000071e+00 -2.936071335092171192e-08
8.339999999999999858e+00 -2.890918662857883299e-08
8.349999999999999645e+00 -2.846533653721398244e-08
8.359999999999999432e+00 -2.802895857857072397e-08
8.370000000000000995e+00 -2.759983388386203114e-08
8.380000000000000782e+00 -2.717783985465042559e-08
8.390000000000000568e+00 -2.676300886526698786e-08
8.400000000000000355e+00 -2.635540025593976175e-08
8.410000000000000142e+00 -2.595496437424790054e-08
8.419999999999999929e+00 -2.556150912970726018e-08
8.429999999999999716e+00 -2.517497340594979788e-08
8.439999999999999503e+00 -2.479528502039984178e-08
8.449999999999999289e+00 -2.442233362740550522e-08
8.460000000000000853e+00 -2.405608642581241741e-08
8.470000000000000639e+00 -2.369651377765315085e-08
8.480000000000000426e+00 -2.334363488788867777e-08
8.490000000000000213e+00 -2.299744566942917359e-08
8.500000000000000000e+00 -2.265781190441537238e-08
8.509999999999999787e+00 -2.232470191934447790e-08
8.519999999999999574e+00 -2.199826535569191638e-08
8.529999999999999361e+00 -2.167862134334268102e-08
8.540000000000000924e+00 -2.136566802125872133e-08
8.550000000000000711e+00 -2.105920170975624124e-08
8.560000000000000497e+00 -2.075908760135972836e-08
8.570000000000000284e+00 -2.046516842303018960e-08
8.580000000000000071e+00 -2.017727526010780481e-08
8.589999999999999858e+00 -1.989525492729392678e-08
8.599999999999999645e+00 -1.961901223174623149e-08
8.609999999999999432e+00 -1.934839846226186176e-08
8.620000000000000995e+00 -1.908308716293749194e-08
8.630000000000000782e+00 -1.882286999730546986e-08
8.640000000000000568e+00 -1.856761854741894625e-08
8.650000000000000355e+00 -1.831728786835448708e-08
8.660000000000000142e+00 -1.807197454067898702e-08
8.669999999999999929e+00 -1.783170394518583321e-08
8.679999999999999716e+00 -1.759646536993045643e-08
8.689999999999999503e+00 -1.736618376573374582e-08
8.700000000000001066e+00 -1.714077486788785978e-08
8.710000000000000853e+00 -1.692027518557280910e-08
8.720000000000000639e+00 -1.670443558506712854e-08
8.730000000000000426e+00 -1.649290378284728499e-08
8.740000000000000213e+00 -1.628545983415046351e-08
8.750000000000000000e+00 -1.608175369765098631e-08
8.759999999999999787e+00 -1.588156315905273584e-08
8.769999999999999574e+00 -1.568487912069331004e-08
8.779999999999999361e+00 -1.549169182560696575e-08
8.790000000000000924e+00 -1.530187904294141865e-08
8.800000000000000711e+00 -1.511516446104895287e-08
8.810000000000000497e+00 -1.493143171646773345e-08
8.820000000000000284e+00 -1.475074920620023187e-08
8.830000000000000071e+00 -1.457302542165863149e-08
8.839999999999999858e+00 -1.439820887480682118e-08
8.849999999999999645e+00 -1.422626289519649326e-08
8.859999999999999432e+00 -1.405699818679328810e-08
8.870000000000000995e+00 -1.389017131655655331e-08
8.880000000000000782e+00 -1.372567941920639962e-08
8.890000000000000568e+00 -1.356353257198443304e-08
8.900000000000000355e+00 -1.340376853958694450e-08
8.910000000000000142e+00 -1.324628142062618400e-08
8.919999999999999929e+00 -1.309095109300572853e-08
8.929999999999999716e+00 -1.293771129345669900e-08
8.939999999999999503e+00 -1.278651008995880653e-08
8.950000000000001066e+00 -1.263731340744384457e-08
8.960000000000000853e+00 -1.249003790405992008e-08
8.970000000000000639e+00 -1.234460152489973064e-08
8.980000000000000426e+00 -1.220106945264511945e-08
8.990000000000000213e+00 -1.205958086244616947e-08
9.000000000000000000e+00 -1.192011918728710929e-08
9.009999999999999787e+00 -1.178259594582166565e-08
9.019999999999999574e+00 -1.164692548931726621e-08
9.029999999999999361e+00 -1.151306621249132377e-08
9.040000000000000924e+00 -1.138102702095337808e-08
9.050000000000000711e+00 -1.125070515933411161e-08
9.060000000000000497e+00 -1.112205150517069953e-08
9.070000000000000284e+00 -1.099497243053112853e-08
9.080000000000000071e+00 -1.086943775431689282e-08
9.089999999999999858e+00 -1.074546121698804254e-08
9.099999999999999645e+00 -1.062301817274539581e-08
9.109999999999999432e+00 -1.050220153386621693e-08
9.120000000000000995e+00 -1.038309071055667273e-08
9.130000000000000782e+00 -1.026561245344036373e-08
9.140000000000000568e+00 -1.014971049418636646e-08
9.150000000000000355e+00 -1.003528901411020538e-08
9.160000000000000142e+00 -9.922288635605966758e-09
9.169999999999999929e+00 -9.810748438740957839e-09
9.179999999999999716e+00 -9.700834553483033904e-09
9.189999999999999503e+00 -9.592746678298508592e-09
9.200000000000001066e+00 -9.486492622424579774e-09
9.210000000000000853e+00 -9.382028514812960213e-09
9.220000000000000639e+00 -9.279487280032354402e-09
9.230000000000000426e+00 -9.178985203617566133e-09
9.240000000000000213e+00 -9.080405277277518380e-09
9.250000000000000000e+00 -8.983599434069389905e-09
9.259999999999999787e+00 -8.888446557280601373e-09
9.269999999999999574e+00 -8.794883433750318516e-09
9.279999999999999361e+00 -8.702994391083661470e-09
9.290000000000000924e+00 -8.612715194299905980e-09
9.300000000000000711e+00 -8.524092021751535075e-09
9.310000000000000497e+00 -8.437252875756495220e-09
9.320000000000000284e+00 -8.352337425285077596e-09
9.330000000000000071e+00 -8.269351737790137449e-09
9.339999999999999858e+00 -8.188231858137083770e-09
9.349999999999999645e+00 -8.108929928151245060e-09
9.359999999999999432e+00 -8.031422945778800629e-09
9.370000000000000995e+00 -7.955683063951024016e-09
9.380000000000000782e+00 -7.881653573242890405e-09
9.390000000000000568e+00 -7.809196957746992844e-09
9.400000000000000355e+00 -7.738223429924490776e-09
9.410000000000000142e+00 -7.668694048675690420e-09
9.419999999999999929e+00 -7.600523387868277948e-09
9.429999999999999716e+00 -7.533674059752564628e-09
9.439999999999999503e+00 -7.468339276528262148e-09
9.450000000000001066e+00 -7.404574199149300054e-09
9.460000000000000853e+00 -7.342162387739673869e-09
9.470000000000000639e+00 -7.280999777376472026e-09
9.480000000000000426e+00 -7.221096535626352932e-09
9.490000000000000213e+00 -7.162439664341836362e-09
9.500000000000000000e+00 -7.105080933573571043e-09
9.509999999999999787e+00 -7.048915696310827789e-09
9.519999999999999574e+00 -6.993773406305042132e-09
9.529999999999999361e+00 -6.939626859480362269e-09
9.540000000000000924e+00 -6.886487836377794877e-09
9.550000000000000711e+00 -6.834283680408478282e-09
9.560000000000000497e+00 -6.783005545427973773e-09
9.570000000000000284e+00 -6.732692483808999347e-09
9.580000000000000071e+00 -6.683373873161383306e-09
9.589999999999999858e+00 -6.635052305948045334e-09
9.599999999999999645e+00 -6.587809300492774244e-09
9.609999999999999432e+00 -6.541719478934550206e-09
9.620000000000000995e+00 -6.496790998525915932e-09
9.630000000000000782e+00 -6.453039138374525757e-09
9.640000000000000568e+00 -6.410519933679539872e-09
9.650000000000000355e+00 -6.369268962119699318e-09
9.660000000000000142e+00 -6.329265682383306479e-09
9.669999999999999929e+00 -6.290455250752293413e-09
9.679999999999999716e+00 -6.252820084633631563e-09
9.689999999999999503e+00 -6.216302136449481644e-09
9.700000000000001066e+00 -6.180870022954909658e-09
9.710000000000000853e+00 -6.146637940179799399e-09
9.720000000000000639e+00 -6.113566015572818174e-09
9.730000000000000426e+00 -6.081485810137355827e-09
9.740000000000000213e+00 -6.050235901660467805e-09
9.750000000000000000e+00 -6.019707476251096728e-09
9.759999999999999787e+00 -5.989910237417042389e-09
9.769999999999999574e+00 -5.960899734514110097e-09
9.779999999999999361e+00 -5.932735035703361019e-09
9.790000000000000924e+00 -5.905412217846667863e-09
9.800000000000000711e+00 -5.878863883752145046e-09
9.810000000000000497e+00 -5.853121715250616738e-09
9.820000000000000284e+00 -5.828200483234654075e-09
9.830000000000000071e+00 -5.804084993613696682e-09
9.839999999999999858e+00 -5.780809643243767747e-09
9.849999999999999645e+00 -5.758401256452131897e-09
9.859999999999999432e+00 -5.736912867204896696e-09
9.870000000000000995e+00 -5.716346276280555479e-09
9.880000000000000782e+00 -5.696696761029970170e-09
9.890000000000000568e+00 -5.678037577036597686e-09
9.900000000000000355e+00 -5.660333766342685521e-09
9.910000000000000142e+00 -5.643526500558482956e-09
9.919999999999999929e+00 -5.627621977078475606e-09
9.929999999999999716e+00 -5.612695561180917718e-09
9.939999999999999503e+00 -5.598822235176751164e-09
9.950000000000001066e+00 -5.586113652536733171e-09
9.960000000000000853e+00 -5.574706289391282224e-09
9.970000000000000639e+00 -5.564648063207376129e-09
9.980000000000000426e+00 -5.555963066312540229e-09
9.990000000000000213e+00 -5.548486142921676273e-09
1.000000000000000000e+01 -5.542251721129382545e-09
