# atom Al1 T=1.0 eV, r_i=3.00, Zbar (TFDW) =2.989 , solve_err=3.295e-08
#  r/r_i 				 gii(r/r_i) 				 gie(r/r_i) 				 gee(r/r_i)
2.000000000000000042e-02 0.000000000000000000e+00 3.336684058134919972e-03 1.408173832536623538e+00
4.000000000000000083e-02 0.000000000000000000e+00 3.358161669624659673e-03 1.211278247351925685e+00
5.999999999999999778e-02 0.000000000000000000e+00 3.394273538106395982e-03 1.116341801295454017e+00
8.000000000000000167e-02 0.000000000000000000e+00 3.445515975099122663e-03 1.039669887240779911e+00
1.000000000000000056e-01 0.000000000000000000e+00 3.512577071048128552e-03 9.921942419248673817e-01
1.199999999999999956e-01 0.000000000000000000e+00 3.596382886272730950e-03 9.560818095745360345e-01
1.400000000000000133e-01 0.000000000000000000e+00 3.698062149873115878e-03 9.350007315958812626e-01
1.600000000000000033e-01 0.000000000000000000e+00 3.818992584578517757e-03 9.209128005144008311e-01
1.799999999999999933e-01 0.000000000000000000e+00 2.053493025878872658e+01 9.160893501170955799e-01
2.000000000000000111e-01 0.000000000000000000e+00 1.545004098467084575e+01 9.157442900912168282e-01
2.200000000000000011e-01 0.000000000000000000e+00 1.187605678719537750e+01 9.217713833036216275e-01
2.399999999999999911e-01 0.000000000000000000e+00 9.313678336365480703e+00 9.306827884943750240e-01
2.600000000000000089e-01 0.000000000000000000e+00 7.441905726515162023e+00 9.443629182821332568e-01
2.800000000000000266e-01 0.000000000000000000e+00 6.050506260650958090e+00 9.597068896921451264e-01
2.999999999999999889e-01 0.000000000000000000e+00 4.999221040762659385e+00 9.789973494535633147e-01
3.200000000000000067e-01 0.000000000000000000e+00 4.192832463162902812e+00 9.985672141362378351e-01
3.400000000000000244e-01 0.000000000000000000e+00 3.565593300334404692e+00 1.022692123193186475e+00
3.599999999999999867e-01 0.000000000000000000e+00 3.071377892811513188e+00 1.035463160122866322e+00
3.800000000000000044e-01 0.000000000000000000e+00 2.677327589366381488e+00 1.029213673078131830e+00
4.000000000000000222e-01 0.000000000000000000e+00 2.359697931177604069e+00 1.015799300307239861e+00
4.199999999999999845e-01 0.000000000000000000e+00 2.101095310017603079e+00 9.984506121661855804e-01
4.400000000000000022e-01 0.000000000000000000e+00 1.888615040872641204e+00 9.811618814088726159e-01
4.600000000000000200e-01 0.000000000000000000e+00 1.712566820937509782e+00 9.647053581576833237e-01
4.799999999999999822e-01 0.000000000000000000e+00 1.565591322591391110e+00 9.503036610104902415e-01
5.000000000000000000e-01 0.000000000000000000e+00 1.442039977323735789e+00 9.377905338022581860e-01
5.200000000000000178e-01 1.110223024625156540e-16 1.337533559696838958e+00 9.274337638552367924e-01
5.400000000000000355e-01 3.552713678800500929e-15 1.248646168268389589e+00 9.188393539657233600e-01
5.600000000000000533e-01 7.749356711883592652e-14 1.172677925871470572e+00 9.119790944462080606e-01
5.799999999999999600e-01 1.271982519313041848e-12 1.107484550623157205e+00 9.064717397184967052e-01
5.999999999999999778e-01 1.629940626912684820e-11 1.051348238270366053e+00 9.022219844142788103e-01
6.199999999999999956e-01 1.667789240045181032e-10 1.002883317183373091e+00 8.989244315150649589e-01
6.400000000000000133e-01 1.396538218401133236e-09 9.609651515521203669e-01 8.964912818486278079e-01
6.600000000000000311e-01 9.726832228551529624e-09 9.246769915859028854e-01 8.946973359440063556e-01
6.800000000000000488e-01 5.740296316059101400e-08 8.932687409966072467e-01 8.934820795906156521e-01
7.000000000000000666e-01 2.906807616831486030e-07 8.661252568523426509e-01 8.926879549010059423e-01
7.199999999999999734e-01 1.281441246892001118e-06 8.427410832382781214e-01 8.922823644910702345e-01
7.399999999999999911e-01 4.967925138266160445e-06 8.227005008889936022e-01 8.921598289385417324e-01
7.600000000000000089e-01 1.713553542137535857e-05 8.056611051125168732e-01 8.923101316070247702e-01
7.800000000000000266e-01 5.302561284947771014e-05 7.913404207494867393e-01 8.926655914047821883e-01
8.000000000000000444e-01 1.486256318529166620e-04 7.795044660130987513e-01 8.932315284223167895e-01
8.200000000000000622e-01 3.799802015808095845e-04 7.699581961562778076e-01 8.939662708797997404e-01
8.399999999999999689e-01 8.932269568110440261e-04 7.625371549521396952e-01 8.948844135380636944e-01
8.599999999999999867e-01 1.942157036038505424e-03 7.571005391078357016e-01 8.959610954608638878e-01
8.800000000000000044e-01 3.932517626388021270e-03 7.535252020490325053e-01 8.972150997094890945e-01
9.000000000000000222e-01 7.453256235498084692e-03 7.517009081939342030e-01 8.986314658205710737e-01
9.200000000000000400e-01 1.329917063144037126e-02 7.515264010897455549e-01 9.002293336252124023e-01
9.400000000000000577e-01 2.244044367301822884e-02 7.529065724558655637e-01 9.019986281097812642e-01
9.599999999999999645e-01 3.598556641740313644e-02 7.557502719978594907e-01 9.039561466137085999e-01
9.799999999999999822e-01 5.505373111988998147e-02 7.599689642911875431e-01 9.060931937675450465e-01
1.000000000000000000e+00 8.069973862645252183e-02 7.654757732828734174e-01 9.084224664703306473e-01
1.020000000000000018e+00 1.137200041270931550e-01 7.721850285976470385e-01 9.109343163276818478e-01
1.040000000000000036e+00 1.546295899237584148e-01 7.800119111670504868e-01 9.136363362870246752e-01
1.060000000000000053e+00 2.034692714151885573e-01 7.888722262700027521e-01 9.165165018132354069e-01
1.080000000000000071e+00 2.599234682041011713e-01 7.986820287300100407e-01 9.195769036799572582e-01
1.100000000000000089e+00 3.231610492067792384e-01 8.093570747086541450e-01 9.228024353882295916e-01
1.120000000000000107e+00 3.921140597114372017e-01 8.208120403895429185e-01 9.261897819200441972e-01
1.140000000000000124e+00 4.653232076840900788e-01 8.329594771172731393e-01 9.297206235303047128e-01
1.159999999999999920e+00 5.413300041084764258e-01 8.457087197863742967e-01 9.333867388415394428e-01
1.179999999999999938e+00 6.184715393675277451e-01 8.589647106151971911e-01 9.371669158503264097e-01
1.199999999999999956e+00 6.953198231458761480e-01 8.726271901624562677e-01 9.410488355219938095e-01
1.219999999999999973e+00 7.703909526761447690e-01 8.865901154958951702e-01 9.450090445796969219e-01
1.239999999999999991e+00 8.425858966659215410e-01 9.007418539697574777e-01 9.490321394411203038e-01
1.260000000000000009e+00 9.108164636689030091e-01 9.149657906737245217e-01 9.530932814154640109e-01
1.280000000000000027e+00 9.744297837262544393e-01 9.291418612982755842e-01 9.571750921396345868e-01
1.300000000000000044e+00 1.032779016551517604e+00 9.431483924021246690e-01 9.612522934095237837e-01
1.320000000000000062e+00 1.085630231414624447e+00 9.568646834066517615e-01 9.653066467559142660e-01
1.340000000000000080e+00 1.132712059783863356e+00 9.701735417494607994e-01 9.693133840228659315e-01
1.360000000000000098e+00 1.174107602508557280e+00 9.829641732054724690e-01 9.732544666042234338e-01
1.380000000000000115e+00 1.209810962815582425e+00 9.951346133111549364e-01 9.771065404000552901e-01
1.400000000000000133e+00 1.240104757782030331e+00 1.006594132535706843e+00 9.808527451052969637e-01
1.419999999999999929e+00 1.265141390024084656e+00 1.017264897112551303e+00 9.844719775218333524e-01
1.439999999999999947e+00 1.285304020870235098e+00 1.027083373929506882e+00 9.879494410978463259e-01
1.459999999999999964e+00 1.300821571972411217e+00 1.036000912742186530e+00 9.912670358821470407e-01
1.479999999999999982e+00 1.312109637562751008e+00 1.043984027416616334e+00 9.944128012538592243e-01
1.500000000000000000e+00 1.319422030936534318e+00 1.051013956697331997e+00 9.973722740657767760e-01
1.520000000000000018e+00 1.323168105083756707e+00 1.057086012152653298e+00 1.000136945802731825e+00
1.540000000000000036e+00 1.323599984145010344e+00 1.062208407023255807e+00 1.002696449716358851e+00
1.560000000000000053e+00 1.321103637245961471e+00 1.066401014592087471e+00 1.005046131269111243e+00
1.580000000000000071e+00 1.315919151353869054e+00 1.069693825817145116e+00 1.007179945686004219e+00
1.600000000000000089e+00 1.308404227343015869e+00 1.072125468753496902e+00 1.009097228706841598e+00
1.620000000000000107e+00 1.298784335563133441e+00 1.073741608559448668e+00 1.010796209242479371e+00
1.640000000000000124e+00 1.287388731566353028e+00 1.074593497735135239e+00 1.012280063679479092e+00
1.660000000000000142e+00 1.274427519915539486e+00 1.074736529948065566e+00 1.013550971856842731e+00
1.679999999999999938e+00 1.260201529263324405e+00 1.074228982455429193e+00 1.014615537771328180e+00
1.699999999999999956e+00 1.244903726708042058e+00 1.073130829570421385e+00 1.015479337261667503e+00
1.719999999999999973e+00 1.228805147432991296e+00 1.071502743502124266e+00 1.016151786597549123e+00
1.739999999999999991e+00 1.212078453506550746e+00 1.069405192923683634e+00 1.016641144523753981e+00
1.760000000000000009e+00 1.194962519377894550e+00 1.066897704406721381e+00 1.016958905524384171e+00
1.780000000000000027e+00 1.177606107087107334e+00 1.064038224330527083e+00 1.017115226764663261e+00
1.800000000000000044e+00 1.160213734760045634e+00 1.060882610388630409e+00 1.017122914665658184e+00
1.820000000000000062e+00 1.142907477343412914e+00 1.057484215494118862e+00 1.016993250056701603e+00
1.840000000000000080e+00 1.125856532274036592e+00 1.053893568579952422e+00 1.016739626375064987e+00
1.860000000000000098e+00 1.109155142164337082e+00 1.050158136553008825e+00 1.016373746066675743e+00
1.880000000000000115e+00 1.092937962611214342e+00 1.046322155097939799e+00 1.015908957958515657e+00
1.900000000000000133e+00 1.077272121250941961e+00 1.042426529369453680e+00 1.015356796573683384e+00
1.919999999999999929e+00 1.062260186320702626e+00 1.038508780743024662e+00 1.014730056407962655e+00
1.939999999999999947e+00 1.047944463891621325e+00 1.034603052790539435e+00 1.014039644706710819e+00
1.959999999999999964e+00 1.034399108507149778e+00 1.030740144887327681e+00 1.013297422281416615e+00
1.979999999999999982e+00 1.021644916093895628e+00 1.026947594805358355e+00 1.012513340082438873e+00
2.000000000000000000e+00 1.009731917065733509e+00 1.023249773872870971e+00 1.011698070001272987e+00
2.020000000000000018e+00 9.986631230537250659e-01 1.019668021264824365e+00 1.010860396379675397e+00
2.040000000000000036e+00 9.884687863960284204e-01 1.016220778587402895e+00 1.010009655763009606e+00
2.060000000000000053e+00 9.791377759783178591e-01 1.012923754425906431e+00 1.009153356128465351e+00
2.080000000000000071e+00 9.706845589196043678e-01 1.009790079539211405e+00 1.008299441425737131e+00
2.100000000000000089e+00 9.630870912953322094e-01 1.006830484012125826e+00 1.007454113499905768e+00
2.120000000000000107e+00 9.563474651409102911e-01 1.004053458016232581e+00 1.006623935107773926e+00
2.140000000000000124e+00 9.504353890240379021e-01 1.001465428083107456e+00 1.005813831985541418e+00
2.160000000000000142e+00 9.453433384108643756e-01 9.990709124754665327e-01 1.005029046552485150e+00
2.180000000000000160e+00 9.410348622588775580e-01 9.968726873595256111e-01 1.004273300121139467e+00
2.200000000000000178e+00 9.374949739297502305e-01 9.948719298479333784e-01 1.003550608460501037e+00
2.220000000000000195e+00 9.346826522983536778e-01 9.930683687955859096e-01 1.002863586621049796e+00
2.240000000000000213e+00 9.325771133617540842e-01 9.914604121264242176e-01 1.002215136758280778e+00
2.260000000000000231e+00 9.311339804589806590e-01 9.900452802693219256e-01 1.001606880350738749e+00
2.280000000000000249e+00 9.303279847552379245e-01 9.888191171912990018e-01 1.001040728062009721e+00
2.300000000000000266e+00 9.301123634455672473e-01 9.877771069416124705e-01 1.000517426208385352e+00
2.319999999999999840e+00 9.304584522277298264e-01 9.869135697693197651e-01 1.000038017881546448e+00
2.339999999999999858e+00 9.313179376352245242e-01 9.862220638165110076e-01 9.996024923433940446e-01
2.359999999999999876e+00 9.326597281000358342e-01 9.856954688162713474e-01 9.992111460900703346e-01
2.379999999999999893e+00 9.344347411704938544e-01 9.853260757425527094e-01 9.988633254073698842e-01
2.399999999999999911e+00 9.366103728838657272e-01 9.851056609722538271e-01 9.985586955007862420e-01
2.419999999999999929e+00 9.391375460285500409e-01 9.850255667988706554e-01 9.982960677459346011e-01
2.439999999999999947e+00 9.419830406146121327e-01 9.850767687558399377e-01 9.980745844287995938e-01
2.459999999999999964e+00 9.450985679898010750e-01 9.852499495062191359e-01 9.978926232947403774e-01
2.479999999999999982e+00 9.484511778636970369e-01 9.855355614407427245e-01 9.977489048410341788e-01
2.500000000000000000e+00 9.519941565380659609e-01 9.859238957481168963e-01 9.976414676361848866e-01
2.520000000000000018e+00 9.556956873426546428e-01 9.864051415983462467e-01 9.975687044944203663e-01
2.540000000000000036e+00 9.595114003861165974e-01 9.869694513517163204e-01 9.975284027385592500e-01
2.560000000000000053e+00 9.634114322529931940e-01 9.876069967792532323e-01 9.975187149785453844e-01
2.580000000000000071e+00 9.673544800217677153e-01 9.883080305352576200e-01 9.975372590605019463e-01
2.600000000000000089e+00 9.713133814378044351e-01 9.890629390882279548e-01 9.975820285847711855e-01
2.620000000000000107e+00 9.752505477661872479e-01 9.898622998811898999e-01 9.976505477531185662e-01
2.640000000000000124e+00 9.791421662821565564e-01 9.906969300470552797e-01 9.977407262109712072e-01
2.660000000000000142e+00 9.829549051231873946e-01 9.915579381918403490e-01 9.978500644023657884e-01
2.680000000000000160e+00 9.866688248724073684e-01 9.924367676053336140e-01 9.979764568184704698e-01
2.700000000000000178e+00 9.902552642673606575e-01 9.933252413610708098e-01 9.981174438195055121e-01
2.720000000000000195e+00 9.936985361679853135e-01 9.942155986221578035e-01 9.982709669262009866e-01
2.740000000000000213e+00 9.969749161591423547e-01 9.951005317560838170e-01 9.984346633882131838e-01
2.760000000000000231e+00 1.000073189686360386e+00 9.959732144571977752e-01 9.986065767721353792e-01
2.780000000000000249e+00 1.002974676636265716e+00 9.968273297907657149e-01 9.987844908603276117e-01
2.800000000000000266e+00 1.005672690381999690e+00 9.976570891628322446e-01 9.989665984697239098e-01
2.819999999999999840e+00 1.008153540686313798e+00 9.984572505828341882e-01 9.991508715618380165e-01
2.839999999999999858e+00 1.010414961324120231e+00 9.992231279486361029e-01 9.993356909682867828e-01
2.859999999999999876e+00 1.012448041351501571e+00 9.999505992875939997e-01 9.995192498856549923e-01
2.879999999999999893e+00 1.014254675352289414e+00 1.000636106325361707e+00 9.997001469803411533e-01
2.899999999999999911e+00 1.015830379396336802e+00 1.001276652968629666e+00 9.998768207305799294e-01
2.919999999999999929e+00 1.017180816264608989e+00 1.001869795630506044e+00 1.000048108226159638e+00
2.939999999999999947e+00 1.018305457357390420e+00 1.002413632698210266e+00 1.000212708100794545e+00
2.959999999999999964e+00 1.019213234021826286e+00 1.002906786544460305e+00 1.000369707220995164e+00
2.979999999999999982e+00 1.019907010307120165e+00 1.003348385135286680e+00 1.000518070219874600e+00
3.000000000000000000e+00 1.020398410336263773e+00 1.003738037027405383e+00 1.000657136172901529e+00
3.020000000000000018e+00 1.020693069238702622e+00 1.004075806583486496e+00 1.000786132993139121e+00
3.040000000000000036e+00 1.020804685110210608e+00 1.004362183515254081e+00 1.000904646109199936e+00
3.060000000000000053e+00 1.020741016815117197e+00 1.004598053368272126e+00 1.001012156206297687e+00
3.080000000000000071e+00 1.020517207315783992e+00 1.004784663308486481e+00 1.001108481844250608e+00
3.100000000000000089e+00 1.020142497543347959e+00 1.004923589611421919e+00 1.001193339224269785e+00
3.120000000000000107e+00 1.019632865740147665e+00 1.005016701407653645e+00 1.001266760605185713e+00
3.140000000000000124e+00 1.018998426494490239e+00 1.005066126869460952e+00 1.001328674940082708e+00
3.160000000000000142e+00 1.018255428282536901e+00 1.005074216540528420e+00 1.001379303862258041e+00
3.180000000000000160e+00 1.017414306319740058e+00 1.005043509773223098e+00 1.001418762168139187e+00
3.200000000000000178e+00 1.016491077843335811e+00 1.004976699089978887e+00 1.001447433048455959e+00
3.220000000000000195e+00 1.015496016893307596e+00 1.004876598209604177e+00 1.001465587495764087e+00
3.240000000000000213e+00 1.014444484173869787e+00 1.004746108647574854e+00 1.001473740350660835e+00
3.260000000000000231e+00 1.013346191452202616e+00 1.004588190406633386e+00 1.001472287786768556e+00
3.280000000000000249e+00 1.012215500195352558e+00 1.004405831747599009e+00 1.001461845628067726e+00
3.300000000000000266e+00 1.011061243102922003e+00 1.004202023334645588e+00 1.001442904115591226e+00
3.320000000000000284e+00 1.009896523231416099e+00 1.003979731822925769e+00 1.001416149832799141e+00
3.339999999999999858e+00 1.008729060349095707e+00 1.003741877966378038e+00 1.001382136991442628e+00
3.359999999999999876e+00 1.007570519980743207e+00 1.003491314395517309e+00 1.001341594180734651e+00
3.379999999999999893e+00 1.006427352815826071e+00 1.003230807934890390e+00 1.001295111429945095e+00
3.399999999999999911e+00 1.005309681055229998e+00 1.002963021700576940e+00 1.001243432877465533e+00
3.419999999999999929e+00 1.004222599999694543e+00 1.002690501649290411e+00 1.001187158879534467e+00
3.439999999999999947e+00 1.003174647252184082e+00 1.002415662921305683e+00 1.001127025580416996e+00
3.459999999999999964e+00 1.002169536814741413e+00 1.002140780461523883e+00 1.001063621344426613e+00
3.479999999999999982e+00 1.001214235067963365e+00 1.001867979374817086e+00 1.000997654101061007e+00
3.500000000000000000e+00 1.000311099144143290e+00 1.001599229323581142e+00 1.000929681384575831e+00
3.520000000000000018e+00 9.994655821367808279e-01 1.001336338549010829e+00 1.000860366229979093e+00
3.540000000000000036e+00 9.986787491254722759e-01 1.001080951657827178e+00 1.000790220113285223e+00
3.560000000000000053e+00 9.979546327268828954e-01 1.000834546891134380e+00 1.000719848086938146e+00
3.580000000000000071e+00 9.972931018469808340e-01 1.000598436860043128e+00 1.000649703926077549e+00
3.600000000000000089e+00 9.966968874382805543e-01 1.000373768607420555e+00 1.000580325115627556e+00
3.620000000000000107e+00 9.961647807895438467e-01 1.000161526831183645e+00 1.000512099524182519e+00
3.640000000000000124e+00 9.956983481713916895e-01 9.999625362761519476e-01 1.000445490789410252e+00
3.660000000000000142e+00 9.952954371856302940e-01 9.997774669872848685e-01 1.000380815861595218e+00
3.680000000000000160e+00 9.949565978508019271e-01 9.996068385814935731e-01 1.000318461278420612e+00
3.700000000000000178e+00 9.946788771878940505e-01 9.994510270937945196e-01 1.000258670944385475e+00
3.720000000000000195e+00 9.944619632012791088e-01 9.993102707054511979e-01 1.000201753739383248e+00
3.740000000000000213e+00 9.943022494441315917e-01 9.991846777775387212e-01 1.000147880927445110e+00
3.760000000000000231e+00 9.941987172886455060e-01 9.990742336463935835e-01 1.000097285504591982e+00
3.780000000000000249e+00 9.941472536789704995e-01 9.989788094762624970e-01 1.000050068659800839e+00
3.800000000000000266e+00 9.941462860562003678e-01 9.988981697713196217e-01 1.000006391235120473e+00
3.820000000000000284e+00 9.941913378639678500e-01 9.988319817181757765e-01 9.999662886925626548e-01
3.839999999999999858e+00 9.942804295069763709e-01 9.987798231025606377e-01 9.999298550322629486e-01
3.859999999999999876e+00 9.944088574191956020e-01 9.987411918510336051e-01 9.998970657503805093e-01
3.879999999999999893e+00 9.945743734927975366e-01 9.987155140779995222e-01 9.998679545381219391e-01
3.899999999999999911e+00 9.947721746641757790e-01 9.987021535726676724e-01 9.998424437470537773e-01
3.919999999999999929e+00 9.949998723671094059e-01 9.987004197375023429e-01 9.998205141722339429e-01
3.939999999999999947e+00 9.952526806374994983e-01 9.987095768008755758e-01 9.998020425721116933e-01
3.959999999999999964e+00 9.955281863206891790e-01 9.987288514412347995e-01 9.997869648221524574e-01
3.979999999999999982e+00 9.958217246599774253e-01 9.987574415381174076e-01 9.997751200663859139e-01
4.000000000000000000e+00 9.961309602374708305e-01 9.987945233075842255e-01 9.997664075132701722e-01
4.020000000000000462e+00 9.964514398919318561e-01 9.988392594348021181e-01 9.997606368247488051e-01
4.040000000000000036e+00 9.967809936899587608e-01 9.988908055761592797e-01 9.997576788133011316e-01
4.060000000000000497e+00 9.971154558350824315e-01 9.989483177460182217e-01 9.997573217019932734e-01
4.080000000000000071e+00 9.974528943572863460e-01 9.990109580699696457e-01 9.997594159704483729e-01
4.099999999999999645e+00 9.977894914250462488e-01 9.990779013270927322e-01 9.997637361457955008e-01
4.120000000000000107e+00 9.981236099019390462e-01 9.991483398673755012e-01 9.997701200354630613e-01
4.139999999999999680e+00 9.984518251648607512e-01 9.992214892391921843e-01 9.997783357341599730e-01
4.160000000000000142e+00 9.987728361973483571e-01 9.992965922121986866e-01 9.997882154727947279e-01
4.179999999999999716e+00 9.990836416526150954e-01 9.993729234477557455e-01 9.997995275506782464e-01
4.200000000000000178e+00 9.993833027360752297e-01 9.994497925964707097e-01 9.998121050223537365e-01
4.219999999999999751e+00 9.996692568319767158e-01 9.995265479967276878e-01 9.998257222871101968e-01
4.240000000000000213e+00 9.999409390539703013e-01 9.996025788431304182e-01 9.998402188289146064e-01
4.259999999999999787e+00 1.000196227277278638e+00 9.996773179246957186e-01 9.998553802170571103e-01
4.280000000000000249e+00 1.000434928902473652e+00 9.997502428861919643e-01 9.998710571085422938e-01
4.299999999999999822e+00 1.000655351608715105e+00 9.998208780422623843e-01 9.998870504342193266e-01
4.320000000000000284e+00 1.000857661569727108e+00 9.998887947773860141e-01 9.999032258677242879e-01
4.339999999999999858e+00 1.001040574659102012e+00 9.999536124945328508e-01 9.999194029907229053e-01
4.360000000000000320e+00 1.001204592075982225e+00 1.000014998220485340e+00 9.999354654276123577e-01
4.379999999999999893e+00 1.001348807099978533e+00 1.000072666766894214e+00 9.999512538014391216e-01
4.400000000000000355e+00 1.001474023812063185e+00 1.000126379625331019e+00 9.999666717288652196e-01
4.419999999999999929e+00 1.001579674811928111e+00 1.000175944434221975e+00 9.999815823948521309e-01
4.440000000000000391e+00 1.001666828461922343e+00 1.000221213261728304e+00 9.999959105976795604e-01
4.459999999999999964e+00 1.001735213247229028e+00 1.000262081483550114e+00 1.000009542785526673e+00
4.480000000000000426e+00 1.001786118713917872e+00 1.000298485561224249e+00 1.000022425336441589e+00
4.500000000000000000e+00 1.001819522382312755e+00 1.000330401442969475e+00 1.000034467913453184e+00
4.520000000000000462e+00 1.001836889299357880e+00 1.000357841950101578e+00 1.000045638159174910e+00
4.540000000000000036e+00 1.001838397603993291e+00 1.000380854815941412e+00 1.000055868238020507e+00
4.560000000000000497e+00 1.001825641365494679e+00 1.000399519793883751e+00 1.000065146119494708e+00
4.580000000000000071e+00 1.001798951058948894e+00 1.000413946448081015e+00 1.000073425186463139e+00
4.600000000000000533e+00 1.001760004115576308e+00 1.000424271093580231e+00 1.000080712275074335e+00
4.620000000000000107e+00 1.001709236703162809e+00 1.000430654447440171e+00 1.000086980236895240e+00
4.639999999999999680e+00 1.001648366172877003e+00 1.000433278504720969e+00 1.000092252896804590e+00
4.660000000000000142e+00 1.001577890653811975e+00 1.000432344150448127e+00 1.000096520464235583e+00
4.679999999999999716e+00 1.001499527346682905e+00 1.000428068065721376e+00 1.000099821563301683e+00
4.700000000000000178e+00 1.001413796543489942e+00 1.000420680390146533e+00 1.000102161394494038e+00
4.719999999999999751e+00 1.001322379490945824e+00 1.000410421740606903e+00 1.000103590983816737e+00
4.740000000000000213e+00 1.001225783539968939e+00 1.000397541001161850e+00 1.000104128001208847e+00
4.759999999999999787e+00 1.001125623085297622e+00 1.000382292523817718e+00 1.000103833367655071e+00
4.780000000000000249e+00 1.001022362636610818e+00 1.000364934109137627e+00 1.000102734640505808e+00
4.799999999999999822e+00 1.000917524134102843e+00 1.000345724444363871e+00 1.000100900109505142e+00
4.820000000000000284e+00 1.000811504821467857e+00 1.000324921323780147e+00 1.000098364662229233e+00
4.839999999999999858e+00 1.000705714042076311e+00 1.000302779365394024e+00 1.000095201491858932e+00
4.860000000000000320e+00 1.000600462880059105e+00 1.000279548506055605e+00 1.000091450358323142e+00
4.879999999999999893e+00 1.000497033361791965e+00 1.000255472024184522e+00 1.000087187022556723e+00
4.900000000000000355e+00 1.000395636921101561e+00 1.000230785331258421e+00 1.000082453820786421e+00
4.919999999999999929e+00 1.000297418761968871e+00 1.000205714315215877e+00 1.000077326932080624e+00
4.940000000000000391e+00 1.000202482298198969e+00 1.000180474437616818e+00 1.000071849184708705e+00
4.959999999999999964e+00 1.000111831275636742e+00 1.000155269400721636e+00 1.000066095256101351e+00
4.980000000000000426e+00 1.000025457431617859e+00 1.000130290548653988e+00 1.000060106631498469e+00
5.000000000000000000e+00 9.999442228333600413e-01 1.000105715850985622e+00 1.000053954828099556e+00
5.020000000000000462e+00 9.998680081032707001e-01 1.000081709596815083e+00 1.000047678427389064e+00
5.040000000000000036e+00 9.997975372972147667e-01 1.000058421679099308e+00 1.000041344408347355e+00
5.060000000000000497e+00 9.997325841433791771e-01 1.000035987562785111e+00 1.000034987176015910e+00
5.080000000000000071e+00 9.996737416622990535e-01 1.000014527847198131e+00 1.000028668082202588e+00
5.100000000000000533e+00 9.996206839709168568e-01 9.999941484832205463e-01 1.000022416374096501e+00
5.120000000000000107e+00 9.995738827365769907e-01 9.999749405857429885e-01 1.000016286974984236e+00
5.139999999999999680e+00 9.995329222052973250e-01 9.999569808703515639e-01 1.000010303278099588e+00
5.160000000000000142e+00 9.994981644772003015e-01 9.999403316840932421e-01 1.000004513254473704e+00
5.179999999999999716e+00 9.994691155224330048e-01 9.999250416290986765e-01 9.999989340187542819e-01
5.200000000000000178e+00 9.994460411741292738e-01 9.999111457775982092e-01 9.999936063264599495e-01
5.219999999999999751e+00 9.994283820007152652e-01 9.998986664482377718e-01 9.999885408402238163e-01
5.240000000000000213e+00 9.994163218246346903e-01 9.998876135702612356e-01 9.999837710744039487e-01
5.259999999999999787e+00 9.994092494239299462e-01 9.998779855778275882e-01 9.999793012921170954e-01
5.280000000000000249e+00 9.994072813038056280e-01 9.998697698883886043e-01 9.999751579513389554e-01
5.299999999999999822e+00 9.994097683031037960e-01 9.998629438809324421e-01 9.999713391651916528e-01
5.320000000000000284e+00 9.994167742738185867e-01 9.998574754546721843e-01 9.999678647003275023e-01
5.339999999999999858e+00 9.994276257657294105e-01 9.998533240586425785e-01 9.999647269351975565e-01
5.360000000000000320e+00 9.994423481996425052e-01 9.998504412987201384e-01 9.999619394586132248e-01
5.379999999999999893e+00 9.994602569011405979e-01 9.998487719882320768e-01 9.999594894631359532e-01
5.400000000000000355e+00 9.994813522896731639e-01 9.998482547738883897e-01 9.999573849892150479e-01
5.419999999999999929e+00 9.995049506247377646e-01 9.998488231798785542e-01 9.999556086933735211e-01
5.440000000000000391e+00 9.995310396732317582e-01 9.998504062263554593e-01 9.999541637811847350e-01
5.459999999999999964e+00 9.995589476201147683e-01 9.998529294427487280e-01 9.999530290925570108e-01
5.480000000000000426e+00 9.995886606215962367e-01 9.998563154558709476e-01 9.999522037649956063e-01
5.500000000000000000e+00 9.996195284172886275e-01 9.998604849517200854e-01 9.999516635809824194e-01
5.520000000000000462e+00 9.996515451240942651e-01 9.998653572139414303e-01 9.999514044014274905e-01
5.540000000000000036e+00 9.996840901668708756e-01 9.998708510171174790e-01 9.999513997228711704e-01
5.560000000000000497e+00 9.997171736197562053e-01 9.998768851000895408e-01 9.999516429197194967e-01
5.580000000000000071e+00 9.997502111480505160e-01 9.998833789775175562e-01 9.999521059617310081e-01
5.600000000000000533e+00 9.997832351563998854e-01 9.998902533363517309e-01 9.999527805025181237e-01
5.620000000000000107e+00 9.998157025074085880e-01 9.998974307561682151e-01 9.999536377104955021e-01
5.639999999999999680e+00 9.998476726917366886e-01 9.999048360207654085e-01 9.999546682401670994e-01
5.660000000000000142e+00 9.998786471535795473e-01 9.999123967413803271e-01 9.999558431323800622e-01
5.679999999999999716e+00 9.999087156561310419e-01 9.999200435788929697e-01 9.999571527040798102e-01
5.700000000000000178e+00 9.999374261061736435e-01 9.999277107673963938e-01 9.999585684763058202e-01
5.719999999999999751e+00 9.999649002457127178e-01 9.999353362457348293e-01 9.999600810173436827e-01
5.740000000000000213e+00 9.999907329266085609e-01 9.999428620819899027e-01 9.999616628593999135e-01
5.759999999999999787e+00 1.000015078220382048e+00 9.999502345160062866e-01 9.999633053293849327e-01
5.780000000000000249e+00 1.000037577145459045e+00 9.999574042880872149e-01 9.999649824175896873e-01
5.799999999999999822e+00 1.000058415247068844e+00 9.999643265967244066e-01 9.999666866296692547e-01
5.820000000000000284e+00 1.000077277827261746e+00 9.999709613371430272e-01 9.999683937729020311e-01
5.839999999999999858e+00 1.000094380009874939e+00 9.999772729806044591e-01 9.999700978622872993e-01
5.860000000000000320e+00 1.000109448569136417e+00 9.999832307303768708e-01 9.999717767920824896e-01
5.879999999999999893e+00 1.000122725455981243e+00 9.999888083307063580e-01 9.999734263282639146e-01
5.900000000000000355e+00 1.000133975359167149e+00 9.999939841492945236e-01 9.999750266349980432e-01
5.919999999999999929e+00 1.000143463632886753e+00 9.999987409253378035e-01 9.999765753850242689e-01
5.940000000000000391e+00 1.000150988762859905e+00 1.000003065788652501e+00 9.999780551125241335e-01
5.959999999999999964e+00 1.000156835597188820e+00 1.000006949957054303e+00 9.999794654722554688e-01
5.980000000000000426e+00 1.000160831921615090e+00 1.000010388702935904e+00 9.999807913919276370e-01
6.000000000000000000e+00 1.000163277861501276e+00 1.000013381010717239e+00 9.999820345101468888e-01
6.020000000000000462e+00 1.000164025799932022e+00 1.000015929501943512e+00 9.999831821028923873e-01
6.040000000000000036e+00 1.000163386783223807e+00 1.000018040063626268e+00 9.999842377295108387e-01
6.060000000000000497e+00 1.000161233044827735e+00 1.000019721742823053e+00 9.999851909092212221e-01
6.080000000000000071e+00 1.000157882211013538e+00 1.000020986356441322e+00 9.999860470035284443e-01
6.100000000000000533e+00 1.000153221716906904e+00 1.000021848365847843e+00 9.999867976198651975e-01
6.120000000000000107e+00 1.000147571575275229e+00 1.000022324478148539e+00 9.999874497578825627e-01
6.140000000000000568e+00 1.000140829995775693e+00 1.000022433510690201e+00 9.999879969183798067e-01
6.160000000000000142e+00 1.000133315448532123e+00 1.000022195993039764e+00 9.999884475399728467e-01
6.179999999999999716e+00 1.000124932817544554e+00 1.000021634030330731e+00 9.999887967923787313e-01
6.200000000000000178e+00 1.000115995457203200e+00 1.000020770914178181e+00 9.999890543289746692e-01
6.219999999999999751e+00 1.000106411232511539e+00 1.000019630992749819e+00 9.999892167442969715e-01
6.240000000000000213e+00 1.000096485237724320e+00 1.000018239297721268e+00 9.999892946669919347e-01
6.259999999999999787e+00 1.000086125094490797e+00 1.000016621427760599e+00 9.999892858620859082e-01
6.280000000000000249e+00 1.000075624970830468e+00 1.000014803197412538e+00 9.999892016877941492e-01
6.299999999999999822e+00 1.000064889527143563e+00 1.000012810539434582e+00 9.999890408237267492e-01
6.320000000000000284e+00 1.000054199847473901e+00 1.000010669180237066e+00 9.999888151139849635e-01
6.339999999999999858e+00 1.000043455440140727e+00 1.000008404565238429e+00 9.999885239030009698e-01
6.360000000000000320e+00 1.000032922665607948e+00 1.000006041564228454e+00 9.999881792863156704e-01
6.379999999999999893e+00 1.000022494217593705e+00 1.000003604422661452e+00 9.999877810362231001e-01
6.400000000000000355e+00 1.000012420605861596e+00 1.000001116499095177e+00 9.999873412806065121e-01
6.419999999999999929e+00 1.000002586559092688e+00 9.999986002441496602e-01 9.999868600009800268e-01
6.440000000000000391e+00 9.999932260988887434e-01 9.999960769710312114e-01 9.999863491587651643e-01
6.459999999999999964e+00 9.999842153244733467e-01 9.999935668627849550e-01 9.999858087487143443e-01
6.480000000000000426e+00 9.999757715905421840e-01 9.999910887758708400e-01 9.999852503910416912e-01
6.500000000000000000e+00 9.999677621477999212e-01 9.999886602753467191e-01 9.999846739235810356e-01
6.520000000000000462e+00 9.999603879174110421e-01 9.999862974705375773e-01 9.999840904772604455e-01
6.540000000000000036e+00 9.999535074805591117e-01 9.999840150769274683e-01 9.999834995906973223e-01
6.560000000000000497e+00 9.999473059215517878e-01 9.999818262821774661e-01 9.999829117856248173e-01
6.580000000000000071e+00 9.999416336742350531e-01 9.999797428327752424e-01 9.999823261879744463e-01
6.600000000000000533e+00 9.999366608876707474e-01 9.999777749280157613e-01 9.999817526190303285e-01
6.620000000000000107e+00 9.999322306553607431e-01 9.999759313288827389e-01 9.999811897073948019e-01
6.640000000000000568e+00 9.999284993406247768e-01 9.999742192770988414e-01 9.999806465108671549e-01
6.660000000000000142e+00 9.999253037291107038e-01 9.999726446232770627e-01 9.999801211040427740e-01
6.679999999999999716e+00 9.999227877350275184e-01 9.999712117677871381e-01 9.999796217451885072e-01
6.700000000000000178e+00 9.999207830343165293e-01 9.999699238049238881e-01 9.999791459245829239e-01
6.719999999999999751e+00 9.999194225574580264e-01 9.999687824821197335e-01 9.999787010899959805e-01
6.740000000000000213e+00 9.999185341765138846e-01 9.999677883567096304e-01 9.999782841412516721e-01
6.759999999999999787e+00 9.999182413773465283e-01 9.999669407699209867e-01 9.999779017273020543e-01
6.780000000000000249e+00 9.999183695890736523e-01 9.999662380127815053e-01 9.999775501728824789e-01
6.799999999999999822e+00 9.999190344136738018e-01 9.999656773113363428e-01 9.999772353596106944e-01
6.820000000000000284e+00 9.999200602018145645e-01 9.999652549983124583e-01 9.999769530710017618e-01
6.839999999999999858e+00 9.999215562072897301e-01 9.999649665061363102e-01 9.999767084695153629e-01
6.860000000000000320e+00 9.999233470279595970e-01 9.999648065411295139e-01 9.999764968466070547e-01
6.879999999999999893e+00 9.999255370394142250e-01 9.999647690811070966e-01 9.999763227071891691e-01
6.900000000000000355e+00 9.999279523349601240e-01 9.999648475491247357e-01 9.999761809118153932e-01
6.919999999999999929e+00 9.999306937831942133e-01 9.999650348127140376e-01 9.999760753796032020e-01
6.940000000000000391e+00 9.999335901140306015e-01 9.999653233545030551e-01 9.999760006100804066e-01
6.959999999999999964e+00 9.999367399333259909e-01 9.999657052704802318e-01 9.999759600152416938e-01
6.980000000000000426e+00 9.999399756158509067e-01 9.999661724351562864e-01 9.999759478090201048e-01
7.000000000000000000e+00 9.999433946014442132e-01 9.999667164966185018e-01 9.999759669788133021e-01
7.020000000000000462e+00 9.999468337691254094e-01 9.999673290342860899e-01 9.999760115309778152e-01
7.040000000000000036e+00 9.999503903280736461e-01 9.999680015489089691e-01 9.999760841118571220e-01
7.060000000000000497e+00 9.999539063596973865e-01 9.999687256113654055e-01 9.999761785981317042e-01
7.080000000000000071e+00 9.999574796089817363e-01 9.999694928461605459e-01 9.999762973771019192e-01
7.100000000000000533e+00 9.999609578926813569e-01 9.999702950701124804e-01 9.999764342711617848e-01
7.120000000000000107e+00 9.999644400868232808e-01 9.999711242683093637e-01 9.999765914868310457e-01
7.140000000000000568e+00 9.999677801113555642e-01 9.999719727219199550e-01 9.999767628630488181e-01
7.160000000000000142e+00 9.999710784016597742e-01 9.999728329759467460e-01 9.999769504982140012e-01
7.179999999999999716e+00 9.999741951896661263e-01 9.999736979557704020e-01 9.999771483124082483e-01
7.200000000000000178e+00 9.999772327386776682e-01 9.999745609263950286e-01 9.999773583614822714e-01
7.219999999999999751e+00 9.999800576522657192e-01 9.999754155976737779e-01 9.999775747037252804e-01
7.240000000000000213e+00 9.999827741425137972e-01 9.999762560750738993e-01 9.999777994098231204e-01
7.259999999999999787e+00 9.999852551069786655e-01 9.999770769538361970e-01 9.999780267248781218e-01
7.280000000000000249e+00 9.999876066939261676e-01 9.999778732615749455e-01 9.999782587828662805e-01
7.299999999999999822e+00 9.999897078971765607e-01 9.999786405418926716e-01 9.999784900552851630e-01
7.320000000000000284e+00 9.999916666734869342e-01 9.999793747893699347e-01 9.999787227785381649e-01
7.339999999999999858e+00 9.999933678127215231e-01 9.999800725233792820e-01 9.999789516808448298e-01
7.360000000000000320e+00 9.999949208545289014e-01 9.999807307162231762e-01 9.999791791307871547e-01
7.379999999999999893e+00 9.999962160003944556e-01 9.999813468580597275e-01 9.999794001344531891e-01
7.400000000000000355e+00 9.999973640694804766e-01 9.999819188791067015e-01 9.999796172131865113e-01
7.419999999999999929e+00 9.999982602257062592e-01 9.999824452067235248e-01 9.999798256632509430e-01
7.440000000000000391e+00 9.999990162054175347e-01 9.999829246827051099e-01 9.999800281706335836e-01
7.459999999999999964e+00 9.999995316407191970e-01 9.999833566136501206e-01 9.999802203258141287e-01
7.480000000000000426e+00 9.999999187837628201e-01 9.999837406844339638e-01 9.999804049832757835e-01
7.500000000000000000e+00 1.000000081213786363e+00 9.999840770030328230e-01 9.999805780242408959e-01
7.520000000000000462e+00 1.000000131276012061e+00 9.999843660112912591e-01 9.999807424683502255e-01
7.540000000000000036e+00 9.999999759653922515e-01 9.999846085253771832e-01 9.999808944774810637e-01
7.560000000000000497e+00 9.999997272913109247e-01 9.999848056449427425e-01 9.999810372268563841e-01
7.580000000000000071e+00 9.999992951391027951e-01 9.999849587903560932e-01 9.999811671433013194e-01
7.600000000000000533e+00 9.999987907647556185e-01 9.999850696113089521e-01 9.999812875428457648e-01
7.620000000000000107e+00 9.999981264384019131e-01 9.999851400219104125e-01 9.999813950969915766e-01
7.640000000000000568e+00 9.999974122671014820e-01 9.999851721097239299e-01 9.999814932436711379e-01
7.660000000000000142e+00 9.999965624312303625e-01 9.999851681697164985e-01 9.999815788753024792e-01
7.679999999999999716e+00 9.999956855264899858e-01 9.999851306146175789e-01 9.999816555297628140e-01
7.700000000000000178e+00 9.999946972097731868e-01 9.999850620086129238e-01 9.999817202941958527e-01
7.719999999999999751e+00 9.999937042455944169e-01 9.999849649797999396e-01 9.999817767824571435e-01
7.740000000000000213e+00 9.999926233817452159e-01 9.999848422544015403e-01 9.999818222488101593e-01
7.759999999999999787e+00 9.999915592793914287e-01 9.999846965719710878e-01 9.999818603580998833e-01
7.780000000000000249e+00 9.999904294440826735e-01 9.999845307207674283e-01 9.999818885036340088e-01
7.799999999999999822e+00 9.999893362134829600e-01 9.999843474562347678e-01 9.999819103761402594e-01
7.820000000000000284e+00 9.999881975740401163e-01 9.999841495380488166e-01 9.999819234802785894e-01
7.839999999999999858e+00 9.999871133736231155e-01 9.999839396522632873e-01 9.999819315082406623e-01
7.860000000000000320e+00 9.999860018588111465e-01 9.999837204504059551e-01 9.999819320494789388e-01
7.879999999999999893e+00 9.999849602759992573e-01 9.999834944755526811e-01 9.999819287746117835e-01
7.900000000000000355e+00 9.999839069679457015e-01 9.999832642037208563e-01 9.999819193330862221e-01
7.919999999999999929e+00 9.999829365199256470e-01 9.999830319740149465e-01 9.999819073528651847e-01
7.940000000000000391e+00 9.999819672592554776e-01 9.999828000324421096e-01 9.999818905208633923e-01
7.959999999999999964e+00 9.999810911004237690e-01 9.999825704661545744e-01 9.999818724037088380e-01
7.980000000000000426e+00 9.999802262941258624e-01 9.999823452497084153e-01 9.999818507059121675e-01
8.000000000000000000e+00 9.999794621193924815e-01 9.999821261833204966e-01 9.999818289168155294e-01
8.019999999999999574e+00 9.999787167344293959e-01 9.999819149414919117e-01 9.999818047415708344e-01
8.040000000000000924e+00 9.999780768591196578e-01 9.999817130151127387e-01 9.999817815792177988e-01
8.060000000000000497e+00 9.999774605819778950e-01 9.999815217622837205e-01 9.999817571216573775e-01
8.080000000000000071e+00 9.999769521731594057e-01 9.999813423540262480e-01 9.999817346676380669e-01
8.099999999999999645e+00 9.999764697080085751e-01 9.999811758270689133e-01 9.999817118850196085e-01
8.120000000000000995e+00 9.999760951460532343e-01 9.999810230328574079e-01 9.999816919652894098e-01
8.140000000000000568e+00 9.999757466330938538e-01 9.999808846920211769e-01 9.999816725445183074e-01
8.160000000000000142e+00 9.999755039781466071e-01 9.999807613463334022e-01 9.999816567028823044e-01
8.179999999999999716e+00 9.999752855015765496e-01 9.999806534145323500e-01 9.999816420398172090e-01
8.199999999999999289e+00 9.999751690381200042e-01 9.999805611468521871e-01 9.999816315228794439e-01
8.220000000000000639e+00 9.999750732008556575e-01 9.999804846818478588e-01 9.999816227127120705e-01
8.240000000000000213e+00 9.999750740354242939e-01 9.999804240031042735e-01 9.999816184654455320e-01
8.259999999999999787e+00 9.999750905742649243e-01 9.999803789967056655e-01 9.999816163031921556e-01
8.279999999999999361e+00 9.999751972630913643e-01 9.999803494097242451e-01 9.999816189740633465e-01
8.300000000000000711e+00 9.999753136823226196e-01 9.999803349079759984e-01 9.999816239640118010e-01
8.320000000000000284e+00 9.999755128650767988e-01 9.999803350359005583e-01 9.999816339184243175e-01
8.339999999999999858e+00 9.999757150666153116e-01 9.999803492742579403e-01 9.999816462912369808e-01
8.359999999999999432e+00 9.999759920883012354e-01 9.999803770010313730e-01 9.999816636319507346e-01
8.380000000000000782e+00 9.999762649792540703e-01 9.999804175487432278e-01 9.999816833680448269e-01
8.400000000000000355e+00 9.999766044799996978e-01 9.999804701660370831e-01 9.999817079611632575e-01
8.419999999999999929e+00 9.999769325432642519e-01 9.999805340743221915e-01 9.999817348189528055e-01
8.439999999999999503e+00 9.999773190061239658e-01 9.999806084297266917e-01 9.999817663240688770e-01
8.460000000000000853e+00 9.999776868203587021e-01 9.999806923788178148e-01 9.999817998716673539e-01
8.480000000000000426e+00 9.999781050609561905e-01 9.999807850206577919e-01 9.999818377747867748e-01
8.500000000000000000e+00 9.999784977589102342e-01 9.999808854613829734e-01 9.999818774238236063e-01
8.519999999999999574e+00 9.999789333502889788e-01 9.999809927761388328e-01 9.999819210717609819e-01
8.540000000000000924e+00 9.999793370084205657e-01 9.999811060623455816e-01 9.999819661120540326e-01
8.560000000000000497e+00 9.999797766355033035e-01 9.999812244013305262e-01 9.999820147470971365e-01
8.580000000000000071e+00 9.999801785922509678e-01 9.999813469101536123e-01 9.999820643810404253e-01
8.599999999999999645e+00 9.999806103319305306e-01 9.999814727027989125e-01 9.999821171748105586e-01
8.620000000000000995e+00 9.999809994295421056e-01 9.999816009404760564e-01 9.999821705504747804e-01
8.640000000000000568e+00 9.999814129561600540e-01 9.999817307922769238e-01 9.999822266360555156e-01
8.660000000000000142e+00 9.999817797109818995e-01 9.999818614839111053e-01 9.999822828781518291e-01
8.679999999999999716e+00 9.999821664308850000e-01 9.999819922577753983e-01 9.999823413797183091e-01
8.700000000000001066e+00 9.999825031325949576e-01 9.999821224201176362e-01 9.999823996177402696e-01
8.720000000000000639e+00 9.999828562500560070e-01 9.999822513005066638e-01 9.999824596770832130e-01
8.740000000000000213e+00 9.999831569951995736e-01 9.999823782974543995e-01 9.999825190701040478e-01
8.759999999999999787e+00 9.999834715143655073e-01 9.999825028373042768e-01 9.999825798696102552e-01
8.779999999999999361e+00 9.999837321791588129e-01 9.999826244183753765e-01 9.999826396273754359e-01
8.800000000000000711e+00 9.999840048503542134e-01 9.999827425693182947e-01 9.999827004091832450e-01
8.820000000000000284e+00 9.999842230117051978e-01 9.999828568918674998e-01 9.999827598092948522e-01
8.839999999999999858e+00 9.999844522287761883e-01 9.999829670187361241e-01 9.999828198904928689e-01
8.859999999999999432e+00 9.999846270411725246e-01 9.999830726550860138e-01 9.999828782916236891e-01
8.880000000000000782e+00 9.999848127002173293e-01 9.999831735360524831e-01 9.999829370754984570e-01
8.900000000000000355e+00 9.999849447369401068e-01 9.999832694670566235e-01 9.999829939267054213e-01
8.919999999999999929e+00 9.999850880620624327e-01 9.999833602810649369e-01 9.999830509101660381e-01
8.939999999999999503e+00 9.999851791291536340e-01 9.999834458778782409e-01 9.999831057564827486e-01
8.960000000000000853e+00 9.999852824774071447e-01 9.999835261812386467e-01 9.999831605338910245e-01
8.980000000000000426e+00 9.999853354106936765e-01 9.999836011772359479e-01 9.999832130184744816e-01
9.000000000000000000e+00 9.999854020626777196e-01 9.999836708713780720e-01 9.999832652821969425e-01
9.019999999999999574e+00 9.999854205141109897e-01 9.999837353262583939e-01 9.999833151453790814e-01
9.040000000000000924e+00 9.999854544577685411e-01 9.999837946187060123e-01 9.999833646834389578e-01
9.060000000000000497e+00 9.999854426790732997e-01 9.999838488768488798e-01 9.999834117590853388e-01
9.080000000000000071e+00 9.999854483963301899e-01 9.999838982374584795e-01 9.999834584503402013e-01
9.099999999999999645e+00 9.999854110301441557e-01 9.999839428825402221e-01 9.999835026599581678e-01
9.120000000000000995e+00 9.999853932929330114e-01 9.999839829969755511e-01 9.999835464672530705e-01
9.140000000000000568e+00 9.999853351743615004e-01 9.999840188047619538e-01 9.999835878123063404e-01
9.160000000000000142e+00 9.999852988530935072e-01 9.999840505270444213e-01 9.999836287740648810e-01
9.179999999999999716e+00 9.999852248271150490e-01 9.999840784181148745e-01 9.999836673269524301e-01
9.200000000000001066e+00 9.999851747184033135e-01 9.999841027239142477e-01 9.999837055476555880e-01
9.220000000000000639e+00 9.999850894785451416e-01 9.999841237178849207e-01 9.999837414418001336e-01
9.240000000000000213e+00 9.999850301555882615e-01 9.999841416600097066e-01 9.999837770817887606e-01
9.259999999999999787e+00 9.999849381065264442e-01 9.999841568325966712e-01 9.999838105012502920e-01
9.279999999999999361e+00 9.999848737942130805e-01 9.999841694999064279e-01 9.999838437662464941e-01
9.300000000000000711e+00 9.999847789396849596e-01 9.999841799439306289e-01 9.999838749352422118e-01
9.320000000000000284e+00 9.999847134160161355e-01 9.999841884246397639e-01 9.999839060659490020e-01
9.339999999999999858e+00 9.999846192742336548e-01 9.999841952158061709e-01 9.999839352386089564e-01
9.359999999999999432e+00 9.999845557994399003e-01 9.999842005658883259e-01 9.999839645006945998e-01
9.380000000000000782e+00 9.999844653457782284e-01 9.999842047339287943e-01 9.999839919513369146e-01
9.400000000000000355e+00 9.999844066181964308e-01 9.999842079510793402e-01 9.999840196260567637e-01
9.419999999999999929e+00 9.999843222534245957e-01 9.999842104565891399e-01 9.999840456402049327e-01
9.439999999999999503e+00 9.999842703902113161e-01 9.999842124599618298e-01 9.999840720158571505e-01
9.460000000000000853e+00 9.999841939336937546e-01 9.999842141770342030e-01 9.999840968821693821e-01
9.480000000000000426e+00 9.999841504759033883e-01 9.999842157927415487e-01 9.999841222465253310e-01
9.500000000000000000e+00 9.999840831823415543e-01 9.999842174972758402e-01 9.999841462497459643e-01
9.519999999999999574e+00 9.999840491224720740e-01 9.999842194494256153e-01 9.999841708835380816e-01
9.540000000000000924e+00 9.999839917181595483e-01 9.999842218127922289e-01 9.999841942985313592e-01
9.560000000000000497e+00 9.999839675440097553e-01 9.999842247196587541e-01 9.999842184700352687e-01
9.580000000000000071e+00 9.999839202785383296e-01 9.999842283072361004e-01 9.999842415569096810e-01
9.599999999999999645e+00 9.999839060324535733e-01 9.999842326820090888e-01 9.999842655176036654e-01
9.620000000000000995e+00 9.999838687447417662e-01 9.999842379559755745e-01 9.999842885178950036e-01
9.640000000000000568e+00 9.999838640956449920e-01 9.999842442114134089e-01 9.999843124991477650e-01
9.660000000000000142e+00 9.999838362899765576e-01 9.999842515370739315e-01 9.999843356329887190e-01
9.679999999999999716e+00 9.999838406118628509e-01 9.999842599933083109e-01 9.999843598436869430e-01
9.700000000000001066e+00 9.999838215390370877e-01 9.999842696481708870e-01 9.999843833078649880e-01
9.720000000000000639e+00 9.999838339943377674e-01 9.999842805428458270e-01 9.999844079328715774e-01
9.740000000000000213e+00 9.999838227358489595e-01 9.999842927276180182e-01 9.999844318996541359e-01
9.759999999999999787e+00 9.999838423594533676e-01 9.999843062275400873e-01 9.999844570989664394e-01
9.779999999999999361e+00 9.999838379102430341e-01 9.999843210782277669e-01 9.999844817155590926e-01
9.800000000000000711e+00 9.999838636901383637e-01 9.999843372917126549e-01 9.999845076240330144e-01
9.820000000000000284e+00 9.999838650365748816e-01 9.999843548920230862e-01 9.999845330125315401e-01
9.839999999999999858e+00 9.999838959883733391e-01 9.999843738811687865e-01 9.999845597400278674e-01
9.859999999999999432e+00 9.999839021791457894e-01 9.999843942744728320e-01 9.999845859977264384e-01
9.880000000000000782e+00 9.999839374131438419e-01 9.999844160666383486e-01 9.999846136295440502e-01
9.900000000000000355e+00 9.999839476210308220e-01 9.999844392668155724e-01 9.999846408294624789e-01
9.919999999999999929e+00 9.999839863975732435e-01 9.999844638647121808e-01 9.999846694269414193e-01
9.939999999999999503e+00 9.999839999686825909e-01 9.999844898653632574e-01 9.999846976184794123e-01
9.960000000000000853e+00 9.999840417413057292e-01 9.999845172552574990e-01 9.999847272196742409e-01
9.980000000000000426e+00 9.999840582311456672e-01 9.999845460368014249e-01 9.999847564292800861e-01
1.000000000000000000e+01 9.999841026753033546e-01 9.999845761944362588e-01 9.999847870496091362e-01
