# atom Be1 T=4.4 eV, r_i=1.72, Zbar (TFDW) =2.357 , solve_err=2.706e-09
#  r/r_i 				 gii(r/r_i) 				 gie(r/r_i) 				 gee(r/r_i)
2.000000000000000042e-02 0.000000000000000000e+00 7.179051306502870489e-02 1.864685952013206416e-01
4.000000000000000083e-02 0.000000000000000000e+00 7.190164418663358425e-02 1.953779928734358240e-01
5.999999999999999778e-02 0.000000000000000000e+00 7.208717927045804608e-02 2.056443288069824682e-01
8.000000000000000167e-02 0.000000000000000000e+00 7.234759805106094621e-02 2.163121798192595424e-01
1.000000000000000056e-01 0.000000000000000000e+00 7.268357716717033234e-02 2.277533190460355739e-01
1.199999999999999956e-01 0.000000000000000000e+00 7.309599987797077425e-02 2.397580687378357833e-01
1.400000000000000133e-01 0.000000000000000000e+00 7.358596068629741360e-02 2.525081805459519213e-01
1.600000000000000033e-01 0.000000000000000000e+00 7.415477818840332525e-02 2.659052355054729588e-01
1.799999999999999933e-01 1.088018564132653410e-14 7.480400027222167125e-02 2.800651625368932862e-01
2.000000000000000111e-01 7.568390358869692136e-13 7.553541867633095652e-02 2.949230259108700514e-01
2.200000000000000011e-01 2.406086441197885506e-11 7.635107077581393398e-02 3.105595375724237162e-01
2.399999999999999911e-01 4.239619766366331532e-10 7.725325532103721748e-02 3.269185439302024765e-01
2.600000000000000089e-01 4.748518578345795049e-09 7.824452218815614035e-02 3.440558964176406720e-01
2.800000000000000266e-01 3.723340114003548251e-08 4.445915789990865896e+00 3.619126283275972966e-01
2.999999999999999889e-01 2.196317042679751808e-07 3.980530263872215535e+00 3.805240167549949204e-01
3.200000000000000067e-01 1.027569592304544699e-06 3.587618501648993874e+00 3.998216449573773756e-01
3.400000000000000244e-01 3.974373442239276244e-06 3.253992293167570882e+00 4.198228436244001438e-01
3.599999999999999867e-01 1.311143000093384359e-05 2.969176674738350563e+00 4.404456889304626532e-01
3.800000000000000044e-01 3.784990190336401383e-05 2.724798046129426332e+00 4.616925134224760807e-01
4.000000000000000222e-01 9.750371214267694597e-05 2.514120666137407145e+00 4.834653781328425159e-01
4.199999999999999845e-01 2.279199536212583865e-04 2.331692918693351935e+00 5.057562210655767165e-01
4.400000000000000022e-01 4.896772684686023780e-04 2.173076266533546796e+00 5.284489992302390249e-01
4.600000000000000200e-01 9.781294428042874856e-04 2.034636100067123810e+00 5.515332752819058770e-01
4.799999999999999822e-01 1.832208352610442681e-03 1.913379577127410913e+00 5.748702772610682077e-01
5.000000000000000000e-01 3.245391282240661646e-03 1.806829045727594396e+00 5.984641438823741222e-01
5.200000000000000178e-01 5.467001594496312400e-03 1.712922759718501053e+00 6.221323101749756113e-01
5.400000000000000355e-01 8.817950567026389130e-03 1.629936503015353644e+00 6.459630014779652596e-01
5.600000000000000533e-01 1.362122381618269262e-02 1.556421423995614672e+00 6.692250388192537702e-01
5.799999999999999600e-01 2.016549481350760065e-02 1.491154431939133218e+00 6.912730451811673893e-01
5.999999999999999778e-01 2.877749081552594124e-02 1.433098434322616965e+00 7.122746223801362797e-01
6.199999999999999956e-01 3.972853290100752943e-02 1.381370287466643365e+00 7.321697866977894265e-01
6.400000000000000133e-01 5.326594812813245650e-02 1.335214847220887124e+00 7.510321354591816823e-01
6.600000000000000311e-01 6.955434513726088674e-02 1.293983855106998204e+00 7.688410417481966741e-01
6.800000000000000488e-01 8.870979289666147682e-02 1.257118678596123695e+00 7.856468233595290673e-01
7.000000000000000666e-01 1.107507799738129961e-01 1.224136141020321089e+00 8.014457396155170166e-01
7.199999999999999734e-01 1.356421788006313411e-01 1.194616826481003535e+00 8.162805894197938672e-01
7.399999999999999911e-01 1.632533676023749658e-01 1.168195392293569501e+00 8.301594004875259003e-01
7.600000000000000089e-01 1.934109099768593909e-01 1.144552490430499780e+00 8.431237640535204081e-01
7.800000000000000266e-01 2.258611604668325779e-01 1.123408014266271682e+00 8.551913117097031947e-01
8.000000000000000444e-01 2.603280217340634417e-01 1.104515398197912335e+00 8.664049767400984203e-01
8.200000000000000622e-01 2.964773933188442623e-01 1.087656816238690816e+00 8.767901725097805299e-01
8.399999999999999689e-01 3.339760419857171758e-01 1.072639016880961638e+00 8.863916973627534723e-01
8.599999999999999867e-01 3.724559648490175512e-01 1.059289553821509244e+00 8.952407580729941916e-01
8.800000000000000044e-01 4.115711854412212878e-01 1.047453963836528557e+00 9.033834052709855955e-01
9.000000000000000222e-01 4.509610835918433924e-01 1.036993410278714167e+00 9.108545308529454321e-01
9.200000000000000400e-01 4.903030693026217968e-01 1.027782624780491316e+00 9.177002735036664527e-01
9.400000000000000577e-01 5.292748162512866950e-01 1.019708148191563302e+00 9.239571633660635941e-01
9.599999999999999645e-01 5.676018316867352809e-01 1.012666812177814846e+00 9.296701127959519084e-01
9.799999999999999822e-01 6.050191348588515039e-01 1.006564452540700039e+00 9.348754764237928727e-01
1.000000000000000000e+00 6.413135401442964234e-01 1.001314808891670571e+00 9.396157355169773018e-01
1.020000000000000018e+00 6.762856155940750735e-01 9.968386027423113971e-01 9.439256021224695647e-01
1.040000000000000036e+00 7.097869931397239318e-01 9.930627559719861219e-01 9.478441770171761593e-01
1.060000000000000053e+00 7.416834824961082706e-01 9.899197433545013913e-01 9.514034574537686417e-01
1.080000000000000071e+00 7.718879641106151102e-01 9.873470470668689325e-01 9.546385282727616328e-01
1.100000000000000089e+00 8.003254079621289208e-01 9.852867083996528219e-01 9.575779882929931208e-01
1.120000000000000107e+00 8.269619683434688007e-01 9.836849501565642084e-01 9.602525828818934128e-01
1.140000000000000124e+00 8.517724506279029661e-01 9.824918663924203655e-01 9.626871740374514097e-01
1.159999999999999920e+00 8.747661872542291661e-01 9.816611582834420258e-01 9.649081178075489262e-01
1.179999999999999938e+00 8.959572719253892092e-01 9.811499140695399968e-01 9.669364838115895866e-01
1.199999999999999956e+00 9.153877058098913722e-01 9.809184167962101686e-01 9.687944057779003248e-01
1.219999999999999973e+00 9.331005165532371137e-01 9.809299788849465962e-01 9.704993168024422800e-01
1.239999999999999991e+00 9.491605658921815625e-01 9.811507916643913418e-01 9.720694485195284784e-01
1.260000000000000009e+00 9.636305146192064575e-01 9.815497897215538226e-01 9.735188961675941277e-01
1.280000000000000027e+00 9.765895964061853673e-01 9.820985219649277509e-01 9.748624040672240199e-01
1.300000000000000044e+00 9.881122812587000981e-01 9.827710297999801003e-01 9.761111120671082109e-01
1.320000000000000062e+00 9.982852524890422075e-01 9.835437273726427287e-01 9.772767373039999983e-01
1.340000000000000080e+00 1.007188555592550383e+00 9.843952845363710402e-01 9.783678832784770130e-01
1.360000000000000098e+00 1.014910966429894756e+00 9.853065098786326637e-01 9.793937072359907292e-01
1.380000000000000115e+00 1.021533381106650706e+00 9.862602344647318775e-01 9.803606966847366877e-01
1.400000000000000133e+00 1.027142730325544484e+00 9.872411953927242578e-01 9.812758960473670911e-01
1.419999999999999929e+00 1.031817359150066116e+00 9.882359196212719965e-01 9.821440741506693994e-01
1.439999999999999947e+00 1.035639620854882592e+00 9.892326083914221302e-01 9.829705716045344932e-01
1.459999999999999964e+00 1.038683004793823805e+00 9.902210223735424810e-01 9.837587976468725737e-01
1.479999999999999982e+00 1.041023528883096017e+00 9.911923686628288932e-01 9.845127500231730666e-01
1.500000000000000000e+00 1.042728392346349953e+00 9.921391893544858620e-01 9.852347913408675550e-01
1.520000000000000018e+00 1.043866276066895749e+00 9.930552533040215568e-01 9.859278853782333929e-01
1.540000000000000036e+00 1.044497319824038373e+00 9.939354503893835791e-01 9.865936124194393253e-01
1.560000000000000053e+00 1.044682431997538963e+00 9.947756901340834013e-01 9.872341594576382606e-01
1.580000000000000071e+00 1.044474414784730243e+00 9.955728036213475907e-01 9.878505413538591906e-01
1.600000000000000089e+00 1.043926377840959097e+00 9.963244506593509353e-01 9.884443770001530849e-01
1.620000000000000107e+00 1.043083857922146862e+00 9.970290307960575360e-01 9.890162889824650749e-01
1.640000000000000124e+00 1.041992424343376911e+00 9.976856001493137338e-01 9.895674932142153324e-01
1.660000000000000142e+00 1.040690660500234621e+00 9.982937923887167386e-01 9.900983544142317738e-01
1.679999999999999938e+00 1.039217042284490855e+00 9.988537457860586777e-01 9.906098128500573363e-01
1.699999999999999956e+00 1.037603667583302691e+00 9.993660344820416430e-01 9.911020766290663531e-01
1.719999999999999973e+00 1.035882482003935179e+00 9.998316058099115944e-01 9.915759058864039854e-01
1.739999999999999991e+00 1.034079658684524228e+00 1.000251721704205510e+00 9.920314258379011596e-01
1.760000000000000009e+00 1.032221238956545273e+00 1.000627905948503926e+00 9.924692859198660511e-01
1.780000000000000027e+00 1.030328078773818712e+00 1.000961895231758714e+00 9.928895799293354640e-01
1.800000000000000044e+00 1.028420965420167255e+00 1.001255595679062749e+00 9.932928952007268331e-01
1.820000000000000062e+00 1.026516058813048637e+00 1.001511042818120645e+00 9.936793280894413716e-01
1.840000000000000080e+00 1.024629539166936887e+00 1.001730366562577634e+00 9.940494361955113378e-01
1.860000000000000098e+00 1.022773481616624069e+00 1.001915759204465184e+00 9.944033390291261432e-01
1.880000000000000115e+00 1.020960083964768561e+00 1.002069447917252720e+00 9.947415845150839875e-01
1.900000000000000133e+00 1.019197921748207891e+00 1.002193669821858535e+00 9.950643259892902881e-01
1.919999999999999929e+00 1.017495799883972651e+00 1.002290651042659020e+00 9.953721126983242629e-01
1.939999999999999947e+00 1.015859342695420775e+00 1.002362587886138190e+00 9.956651353724343956e-01
1.959999999999999964e+00 1.014294508445631848e+00 1.002411631499479538e+00 9.959439491356991692e-01
1.979999999999999982e+00 1.012804475143592509e+00 1.002439874234919870e+00 9.962087808278025092e-01
2.000000000000000000e+00 1.011392852613688831e+00 1.002449339011420637e+00 9.964601916306153884e-01
2.020000000000000018e+00 1.010060830281135136e+00 1.002441969999738669e+00 9.966984401017925377e-01
2.040000000000000036e+00 1.008810117550538843e+00 1.002419625860075270e+00 9.969240908756390462e-01
2.060000000000000053e+00 1.007640324364387219e+00 1.002384073961305022e+00 9.971374280520545197e-01
2.080000000000000071e+00 1.006551657221001372e+00 1.002336986751448444e+00 9.973390155193786466e-01
2.100000000000000089e+00 1.005542507227978222e+00 1.002279938810778592e+00 9.975291559321305401e-01
2.120000000000000107e+00 1.004611926043853076e+00 1.002214405700154520e+00 9.977084075104685201e-01
2.140000000000000124e+00 1.003757399509308534e+00 1.002141763235623761e+00 9.978770843547619673e-01
2.160000000000000142e+00 1.002977125108645229e+00 1.002063288247046158e+00 9.980357339825793872e-01
2.180000000000000160e+00 1.002267952139182405e+00 1.001980159547159577e+00 9.981846751793026495e-01
2.200000000000000178e+00 1.001627479919795727e+00 1.001893460116118684e+00 9.983244400239599248e-01
2.220000000000000195e+00 1.001052147924161861e+00 1.001804179318132482e+00 9.984553458723194330e-01
2.240000000000000213e+00 1.000539171877376177e+00 1.001713216104560322e+00 9.985779051844908549e-01
2.260000000000000231e+00 1.000084769391278661e+00 1.001621382104631808e+00 9.986924285878394647e-01
2.280000000000000249e+00 9.996859492521359414e-01 1.001529405509510973e+00 9.987994054411590827e-01
2.300000000000000266e+00 9.993388599072468015e-01 1.001437934729557444e+00 9.988991352355719444e-01
2.319999999999999840e+00 9.990404456257331312e-01 1.001347542683907132e+00 9.989920815030226553e-01
2.339999999999999858e+00 9.987869067379714361e-01 1.001258730775093087e+00 9.990785290892614245e-01
2.359999999999999876e+00 9.985752349196672650e-01 1.001171933363255606e+00 9.991589137306754465e-01
2.379999999999999893e+00 9.984017754163634351e-01 1.001087521859897578e+00 9.992335029788669276e-01
2.399999999999999911e+00 9.982636524334580486e-01 1.001005809213193265e+00 9.993027035229155031e-01
2.419999999999999929e+00 9.981574247187717797e-01 1.000927053966649050e+00 9.993667637636806100e-01
2.439999999999999947e+00 9.980804109164734816e-01 1.000851464622616316e+00 9.994260607430314192e-01
2.459999999999999964e+00 9.980294308587821517e-01 1.000779203549218677e+00 9.994808225609989050e-01
2.479999999999999982e+00 9.980020397414837152e-01 1.000710391123681431e+00 9.995313965847364424e-01
2.500000000000000000e+00 9.979953483148074067e-01 1.000645109402669597e+00 9.995779900758069436e-01
2.520000000000000018e+00 9.980071738465293718e-01 1.000583405976044338e+00 9.996209211857854937e-01
2.540000000000000036e+00 9.980349331225614185e-01 1.000525297342318209e+00 9.996603763166695966e-01
2.560000000000000053e+00 9.980767173671749593e-01 1.000470772427531685e+00 9.996966452638904599e-01
2.580000000000000071e+00 9.981302525834709893e-01 1.000419795629482689e+00 9.997298939721853683e-01
2.600000000000000089e+00 9.981939048877190857e-01 1.000372309976149010e+00 9.997603850575920159e-01
2.620000000000000107e+00 9.982657032543222897e-01 1.000328239820208909e+00 9.997882647459613858e-01
2.640000000000000124e+00 9.983442810828963010e-01 1.000287493627352253e+00 9.998137698909769222e-01
2.660000000000000142e+00 9.984279568746472489e-01 1.000249966316897998e+00 9.998370279944239769e-01
2.680000000000000160e+00 9.985156172786350259e-01 1.000215541682925036e+00 9.998582517354435151e-01
2.700000000000000178e+00 9.986058516281914876e-01 1.000184094387957412e+00 9.998775510721388260e-01
2.720000000000000195e+00 9.986977811996181620e-01 1.000155492029537685e+00 9.998951162064795284e-01
2.740000000000000213e+00 9.987902438881098854e-01 1.000129596802443288e+00 9.999110408570776043e-01
2.760000000000000231e+00 9.988825739518030211e-01 1.000106267230516099e+00 9.999254945029955044e-01
2.780000000000000249e+00 9.989738334148892118e-01 1.000085359519051309e+00 9.999385559986597727e-01
2.800000000000000266e+00 9.990635461571684139e-01 1.000066728976774399e+00 9.999503758670912346e-01
2.819999999999999840e+00 9.991509729044429911e-01 1.000050231084262276e+00 9.999610195009466240e-01
2.839999999999999858e+00 9.992358031537926788e-01 1.000035722634255553e+00 9.999706202103415542e-01
2.859999999999999876e+00 9.993174708538163920e-01 1.000023062544532992e+00 9.999792313197798377e-01
2.879999999999999893e+00 9.993958073242910078e-01 1.000012112746544446e+00 9.999869706168934558e-01
2.899999999999999911e+00 9.994703949461799519e-01 1.000002738772404642e+00 9.999938807143241570e-01
2.919999999999999929e+00 9.995411839375172303e-01 9.999948104224013479e-01 1.000000065492600454e+00
2.939999999999999947e+00 9.996078815691799013e-01 9.999882021558915701e-01 1.000005558149540175e+00
2.959999999999999964e+00 9.996705353931498728e-01 9.999827935678662350e-01 1.000010450182470478e+00
2.979999999999999982e+00 9.997289556779951347e-01 9.999784696127907990e-01 1.000014766596053928e+00
3.000000000000000000e+00 9.997832674480917614e-01 9.999751209192598855e-01 1.000018587925541880e+00
3.020000000000000018e+00 9.998333639954404273e-01 9.999726438744304113e-01 1.000021932117630241e+00
3.040000000000000036e+00 9.998794298757994747e-01 9.999709408040899916e-01 1.000024870056940518e+00
3.060000000000000053e+00 9.999214235027056308e-01 9.999699199434506358e-01 1.000027413674062560e+00
3.080000000000000071e+00 9.999595730565371543e-01 9.999694955078526348e-01 1.000029625401539057e+00
3.100000000000000089e+00 9.999938863042991954e-01 9.999695875734772033e-01 1.000031512099086140e+00
3.120000000000000107e+00 1.000024621207738607e+00 9.999701220615427877e-01 1.000033128832641172e+00
3.140000000000000124e+00 1.000051821239919647e+00 9.999710305500947305e-01 1.000034478239249625e+00
3.160000000000000142e+00 1.000075762326562812e+00 9.999722501920571549e-01 1.000035608992896563e+00
3.180000000000000160e+00 1.000096512048792130e+00 9.999737234767581695e-01 1.000036520261044171e+00
3.200000000000000178e+00 1.000114354415931217e+00 9.999753980996601843e-01 1.000037255193706009e+00
3.220000000000000195e+00 1.000129371453918559e+00 9.999772266897943851e-01 1.000037810150436579e+00
3.240000000000000213e+00 1.000141847186065691e+00 9.999791666465009943e-01 1.000038223524166048e+00
3.260000000000000231e+00 1.000151870209276650e+00 9.999811798465109147e-01 1.000038489441838596e+00
3.280000000000000249e+00 1.000159718150085864e+00 9.999832324606354739e-01 1.000038642211685147e+00
3.300000000000000266e+00 1.000165479926638401e+00 9.999852946519433017e-01 1.000038674222928803e+00
3.320000000000000284e+00 1.000169421849357754e+00 9.999873403830852325e-01 1.000038616284226967e+00
3.339999999999999858e+00 1.000171628356012699e+00 9.999893471148761925e-01 1.000038459468131302e+00
3.359999999999999876e+00 1.000172350838209434e+00 9.999912956128734765e-01 1.000038231589201798e+00
3.379999999999999893e+00 1.000171665720318126e+00 9.999931696537275316e-01 1.000037922757412101e+00
3.399999999999999911e+00 1.000169807013577605e+00 9.999949558377614345e-01 1.000037558226773093e+00
3.419999999999999929e+00 1.000166840687555458e+00 9.999966433087054130e-01 1.000037127438787810e+00
3.439999999999999947e+00 1.000162981881876467e+00 9.999982235773723360e-01 1.000036653456170654e+00
3.459999999999999964e+00 1.000158284591510238e+00 9.999996902588540459e-01 1.000036125292945277e+00
3.479999999999999982e+00 1.000152944401167421e+00 1.000001038910933504e+00 1.000035564132885968e+00
3.500000000000000000e+00 1.000147002573438471e+00 1.000002266791501615e+00 1.000034958757033854e+00
3.520000000000000018e+00 1.000140635111894216e+00 1.000003372714107774e+00 1.000034328732710698e+00
3.540000000000000036e+00 1.000133870404068759e+00 1.000004356827225438e+00 1.000033662762252140e+00
3.560000000000000053e+00 1.000126865365575046e+00 1.000005220488305202e+00 1.000032979015734291e+00
3.580000000000000071e+00 1.000119635848591315e+00 1.000005966065587781e+00 1.000032266236682954e+00
3.600000000000000089e+00 1.000112320570186286e+00 1.000006596831161110e+00 1.000031541379933664e+00
3.620000000000000107e+00 1.000104923551412117e+00 1.000007116785266437e+00 1.000030793321078804e+00
3.640000000000000124e+00 1.000097566488087120e+00 1.000007530568179037e+00 1.000030037950056183e+00
3.660000000000000142e+00 1.000090242536186835e+00 1.000007843306353728e+00 1.000029264341232960e+00
3.680000000000000160e+00 1.000083057741939285e+00 1.000008060542416866e+00 1.000028487443318514e+00
3.700000000000000178e+00 1.000075995536074069e+00 1.000008188102050610e+00 1.000027696576328173e+00
3.720000000000000195e+00 1.000069147802017833e+00 1.000008232040983547e+00 1.000026905849174863e+00
3.740000000000000213e+00 1.000062489484994765e+00 1.000008198531188164e+00 1.000026104858384279e+00
3.760000000000000231e+00 1.000056099841861945e+00 1.000008093823480770e+00 1.000025306956165316e+00
3.780000000000000249e+00 1.000049946611248686e+00 1.000007924151387950e+00 1.000024502033731277e+00
3.800000000000000266e+00 1.000044097955940181e+00 1.000007695707789468e+00 1.000023702754732957e+00
3.820000000000000284e+00 1.000038515677424522e+00 1.000007414564685559e+00 1.000022899313419034e+00
3.839999999999999858e+00 1.000033258331382457e+00 1.000007086662218603e+00 1.000022103740990431e+00
3.859999999999999876e+00 1.000028283004366081e+00 1.000006717742526252e+00 1.000021306535673782e+00
3.879999999999999893e+00 1.000023640054732432e+00 1.000006313349456111e+00 1.000020519142760911e+00
3.899999999999999911e+00 1.000019283000929349e+00 1.000005878774695045e+00 1.000019732360011293e+00
3.919999999999999929e+00 1.000015255313826401e+00 1.000005419066520407e+00 1.000018957085845983e+00
3.939999999999999947e+00 1.000011507995417492e+00 1.000004938986461145e+00 1.000018184409389166e+00
3.959999999999999964e+00 1.000008078823862556e+00 1.000004443025499512e+00 1.000017424715436309e+00
3.979999999999999982e+00 1.000004917228500601e+00 1.000003935369611963e+00 1.000016669373917422e+00
4.000000000000000000e+00 1.000002056365892011e+00 1.000003419921935865e+00 1.000015928284841316e+00
4.020000000000000462e+00 9.999994449219771209e-01 1.000002900275664741e+00 1.000015193087055332e+00
4.040000000000000036e+00 9.999971123757953606e-01 1.000002379740821068e+00 1.000014473221323863e+00
4.060000000000000497e+00 9.999950073827874597e-01 1.000001861323110086e+00 1.000013760583002176e+00
4.080000000000000071e+00 9.999931565625574947e-01 1.000001347754078562e+00 1.000013064176725086e+00
4.099999999999999645e+00 9.999915091386319954e-01 1.000000841474687707e+00 1.000012376142032089e+00
4.120000000000000107e+00 9.999900895676124835e-01 1.000000344667776542e+00 1.000011705068780454e+00
4.139999999999999680e+00 9.999888481304396448e-01 9.999998592452571389e-01 1.000011043328883353e+00
4.160000000000000142e+00 9.999878077023867107e-01 9.999993868819571086e-01 1.000010399117506221e+00
4.179999999999999716e+00 9.999869200091143773e-01 9.999989290054901447e-01 1.000009765027924269e+00
4.200000000000000178e+00 9.999862068201652576e-01 9.999984868306853736e-01 1.000009148879784648e+00
4.219999999999999751e+00 9.999856215999922693e-01 9.999980613513336225e-01 1.000008543477681089e+00
4.240000000000000213e+00 9.999851853917522959e-01 9.999976533745486007e-01 1.000007956284242772e+00
4.259999999999999787e+00 9.999848536091832107e-01 9.999972635137232002e-01 1.000007380306386029e+00
4.280000000000000249e+00 9.999846468626852891e-01 9.999968922222922663e-01 1.000006822667702133e+00
4.299999999999999822e+00 9.999845226524154418e-01 9.999965397873564754e-01 1.000006276569485042e+00
4.320000000000000284e+00 9.999845013746104794e-01 9.999962063624338038e-01 1.000005748813830531e+00
4.339999999999999858e+00 9.999845426897755463e-01 9.999958919613248787e-01 1.000005232789473730e+00
4.360000000000000320e+00 9.999846669340950456e-01 9.999955964895379523e-01 1.000004734994147215e+00
4.379999999999999893e+00 9.999848359491357863e-01 9.999953197380674341e-01 1.000004248998019651e+00
4.400000000000000355e+00 9.999850701108121687e-01 9.999950614132762094e-01 1.000003781011177262e+00
4.419999999999999929e+00 9.999853334187149834e-01 9.999948211303454348e-01 1.000003324780036174e+00
4.440000000000000391e+00 9.999856463434688703e-01 9.999945984414714273e-01 1.000002886243309019e+00
4.459999999999999964e+00 9.999859749846987667e-01 9.999943928288227424e-01 1.000002459319176529e+00
4.480000000000000426e+00 9.999863399266898378e-01 9.999942037309755838e-01 1.000002049690760009e+00
4.500000000000000000e+00 9.999867092841898675e-01 9.999940305352795766e-01 1.000001651444104134e+00
4.520000000000000462e+00 9.999871037459797662e-01 9.999938726025106028e-01 1.000001270021978916e+00
4.540000000000000036e+00 9.999874933372442376e-01 9.999937292585944215e-01 1.000000899674853283e+00
4.560000000000000497e+00 9.999878988210294528e-01 9.999935998175032426e-01 1.000000545619790904e+00
4.580000000000000071e+00 9.999882920147949994e-01 9.999934835723318649e-01 1.000000202268593208e+00
4.600000000000000533e+00 9.999886937106597928e-01 9.999933798164941656e-01 9.999998746266192118e-01
4.620000000000000107e+00 9.999890773921186193e-01 9.999932878341807330e-01 9.999995572641527941e-01
4.639999999999999680e+00 9.999894638254349655e-01 9.999932069199404250e-01 9.999992549881657755e-01
4.660000000000000142e+00 9.999898280303632925e-01 9.999931363685677921e-01 9.999989625247250880e-01
4.679999999999999716e+00 9.999901906870385382e-01 9.999930754931767307e-01 9.999986844950156106e-01
4.700000000000000178e+00 9.999905282219043734e-01 9.999930236145849749e-01 9.999984157782603189e-01
4.719999999999999751e+00 9.999908611669157121e-01 9.999929800779957523e-01 9.999981608217164419e-01
4.740000000000000213e+00 9.999911672288147590e-01 9.999929442419601688e-01 9.999979146551425391e-01
4.759999999999999787e+00 9.999914667303846372e-01 9.999929154937868825e-01 9.999976815629764149e-01
4.780000000000000249e+00 9.999917385377656842e-01 9.999928932381709767e-01 9.999974567228462341e-01
4.799999999999999822e+00 9.999920027068471828e-01 9.999928769114541094e-01 9.999972442667240946e-01
4.820000000000000284e+00 9.999922391494563412e-01 9.999928659700083600e-01 9.999970395173590765e-01
4.839999999999999858e+00 9.999924676017334368e-01 9.999928599034719756e-01 9.999968464638639976e-01
4.860000000000000320e+00 9.999926689158399329e-01 9.999928582229707930e-01 9.999966605712495848e-01
4.879999999999999893e+00 9.999928624612616224e-01 9.999928604734482640e-01 9.999964856946451652e-01
4.900000000000000355e+00 9.999930299341985851e-01 9.999928662218092734e-01 9.999963174383372788e-01
4.919999999999999929e+00 9.999931902972281073e-01 9.999928750684545786e-01 9.999961595316403384e-01
4.940000000000000391e+00 9.999933260036997229e-01 9.999928866354229617e-01 9.999960077149979698e-01
4.959999999999999964e+00 9.999934555759654176e-01 9.999929005772334456e-01 9.999958655993993473e-01
4.980000000000000426e+00 9.999935621470307234e-01 9.999929165690942812e-01 9.999957290581942271e-01
5.000000000000000000e+00 9.999936637726849487e-01 9.999929343171486407e-01 9.999956015908951779e-01
5.020000000000000462e+00 9.999937441972849284e-01 9.999929535468107256e-01 9.999954792003804549e-01
5.040000000000000036e+00 9.999938209904867259e-01 9.999929740124970934e-01 9.999953652809294713e-01
5.060000000000000497e+00 9.999938784484373455e-01 9.999929954861449533e-01 9.999952559614602166e-01
5.080000000000000071e+00 9.999939336414578328e-01 9.999930177665030673e-01 9.999951545366996264e-01
5.100000000000000533e+00 9.999939713661034624e-01 9.999930406678757544e-01 9.999950572580190711e-01
5.120000000000000107e+00 9.999940081860638763e-01 9.999930640290365380e-01 9.999949673257536586e-01
5.139999999999999680e+00 9.999940293544354875e-01 9.999930877022351616e-01 9.999948811100642931e-01
5.160000000000000142e+00 9.999940509262473798e-01 9.999931115617904931e-01 9.999948017215783969e-01
5.179999999999999716e+00 9.999940585740778598e-01 9.999931354933861982e-01 9.999947256455246070e-01
5.200000000000000178e+00 9.999940678469342314e-01 9.999931594023885317e-01 9.999946559070728158e-01
5.219999999999999751e+00 9.999940648058477377e-01 9.999931832034523183e-01 9.999945891027627320e-01
5.240000000000000213e+00 9.999940645004172790e-01 9.999932068286054854e-01 9.999945281761647431e-01
5.259999999999999787e+00 9.999940533544011689e-01 9.999932302171736787e-01 9.999944698313570912e-01
5.280000000000000249e+00 9.999940459279593741e-01 9.999932533236635113e-01 9.999944169338186306e-01
5.299999999999999822e+00 9.999940289864112097e-01 9.999932761080180255e-01 9.999943662913991504e-01
5.320000000000000284e+00 9.999940166131451313e-01 9.999932985433200860e-01 9.999943206946806384e-01
5.339999999999999858e+00 9.999939958977582810e-01 9.999933206063806868e-01 9.999942770515433121e-01
5.360000000000000320e+00 9.999939804616672090e-01 9.999933422852833598e-01 9.999942380805894038e-01
5.379999999999999893e+00 9.999939577046736972e-01 9.999933635703038837e-01 9.999942007860314064e-01
5.400000000000000355e+00 9.999939408025767529e-01 9.999933844613092537e-01 9.999941678171667681e-01
5.419999999999999929e+00 9.999939174539648201e-01 9.999934049590029073e-01 9.999941362709012793e-01
5.440000000000000391e+00 9.999939004064803960e-01 9.999934250721894680e-01 9.999941087296885245e-01
5.459999999999999964e+00 9.999938776481720470e-01 9.999934448093380501e-01 9.999940823795627765e-01
5.480000000000000426e+00 9.999938615166239497e-01 9.999934641857189943e-01 9.999940597384097130e-01
5.500000000000000000e+00 9.999938402816797023e-01 9.999934832152727049e-01 9.999940380779133164e-01
5.520000000000000462e+00 9.999938258892366871e-01 9.999935019176258155e-01 9.999940198535067770e-01
5.540000000000000036e+00 9.999938068844775874e-01 9.999935203102529035e-01 9.999940024191414922e-01
5.560000000000000497e+00 9.999937948399508780e-01 9.999935384153720852e-01 9.999939881697753608e-01
5.580000000000000071e+00 9.999937785706256577e-01 9.999935562523889487e-01 9.999939745383485956e-01
5.600000000000000533e+00 9.999937692937427292e-01 9.999935738446709133e-01 9.999939638612019843e-01
5.620000000000000107e+00 9.999937560891016819e-01 9.999935912122588366e-01 9.999939536470980883e-01
5.639999999999999680e+00 9.999937498361687327e-01 9.999936083785214702e-01 9.999939461755160686e-01
5.660000000000000142e+00 9.999937398750049500e-01 9.999936253631185323e-01 9.999939390279897200e-01
5.679999999999999716e+00 9.999937367641619224e-01 9.999936421885347038e-01 9.999939344288037990e-01
5.700000000000000178e+00 9.999937300995558331e-01 9.999936588732808440e-01 9.999939300293307909e-01
5.719999999999999751e+00 9.999937301348917895e-01 9.999936754383049742e-01 9.999939280002537734e-01
5.740000000000000213e+00 9.999937267175867950e-01 9.999936919004174252e-01 9.999939260599709501e-01
5.759999999999999787e+00 9.999937298117065332e-01 9.999937082785779197e-01 9.999939263270900547e-01
5.780000000000000249e+00 9.999937295117358182e-01 9.999937245875302194e-01 9.999939265843428293e-01
5.799999999999999822e+00 9.999937355063913680e-01 9.999937408439644182e-01 9.999939288997318210e-01
5.820000000000000284e+00 9.999937381326698960e-01 9.999937570603475434e-01 9.999939311177493684e-01
5.839999999999999858e+00 9.999937468173002442e-01 9.999937732509593946e-01 9.999939352572123630e-01
5.860000000000000320e+00 9.999937521350410474e-01 9.999937894259093296e-01 9.999939392219179268e-01
5.879999999999999893e+00 9.999937632630596651e-01 9.999938055970414297e-01 9.999939449828735283e-01
5.900000000000000355e+00 9.999937710089280563e-01 9.999938217721264788e-01 9.999939505008397234e-01
5.919999999999999929e+00 9.999937843117759906e-01 9.999938379606384542e-01 9.999939577003503777e-01
5.940000000000000391e+00 9.999937942068314323e-01 9.999938541681084869e-01 9.999939645968991542e-01
5.959999999999999964e+00 9.999938094058288263e-01 9.999938704017737878e-01 9.999939730698467200e-01
5.980000000000000426e+00 9.999938211662908749e-01 9.999938866650837088e-01 9.999939811872965434e-01
6.000000000000000000e+00 9.999938379823918311e-01 9.999939029632202159e-01 9.999939907847025244e-01
6.020000000000000462e+00 9.999938513284102326e-01 9.999939192977491675e-01 9.999939999807574420e-01
6.040000000000000036e+00 9.999938694900141201e-01 9.999939356720133343e-01 9.999940105682431080e-01
6.060000000000000497e+00 9.999938841525499722e-01 9.999939520859183473e-01 9.999940207145198157e-01
6.080000000000000071e+00 9.999939034015247197e-01 9.999939685411995960e-01 9.999940321709023250e-01
6.100000000000000533e+00 9.999939191275515338e-01 9.999939850363399607e-01 9.999940431515897954e-01
6.120000000000000107e+00 9.999939392236777413e-01 9.999940015717087016e-01 9.999940553676054389e-01
6.140000000000000568e+00 9.999939557799022438e-01 9.999940181446034249e-01 9.999940670782474506e-01
6.160000000000000142e+00 9.999939765039242978e-01 9.999940347542661812e-01 9.999940799553950210e-01
6.179999999999999716e+00 9.999939936791997219e-01 9.999940513970413392e-01 9.999940923017895944e-01
6.200000000000000178e+00 9.999940148346618818e-01 9.999940680712725571e-01 9.999941057512856668e-01
6.219999999999999751e+00 9.999940324412901482e-01 9.999940847725719006e-01 9.999941186484916367e-01
6.240000000000000213e+00 9.999940538553675484e-01 9.999941014985987975e-01 9.999941325903290990e-01
6.259999999999999787e+00 9.999940717294878434e-01 9.999941182444360699e-01 9.999941459617712747e-01
6.280000000000000249e+00 9.999940932529904902e-01 9.999941350072543145e-01 9.999941603238713395e-01
6.299999999999999822e+00 9.999941112542439781e-01 9.999941517817910741e-01 9.999941741005362594e-01
6.320000000000000284e+00 9.999941327609782604e-01 9.999941685649026413e-01 9.999941888179877392e-01
6.339999999999999858e+00 9.999941507715714994e-01 9.999941853511427059e-01 9.999942029377008046e-01
6.360000000000000320e+00 9.999941721571596887e-01 9.999942021372059120e-01 9.999942179520758812e-01
6.379999999999999893e+00 9.999941900804780737e-01 9.999942189176018736e-01 9.999942323588526527e-01
6.400000000000000355e+00 9.999942112608145584e-01 9.999942356889930384e-01 9.999942476175929240e-01
6.419999999999999929e+00 9.999942290197448846e-01 9.999942524459610738e-01 9.999942622610561438e-01
6.440000000000000391e+00 9.999942499292137077e-01 9.999942691852448107e-01 9.999942777169216201e-01
6.459999999999999964e+00 9.999942674642668949e-01 9.999942859015941155e-01 9.999942925517784076e-01
6.480000000000000426e+00 9.999942880537959766e-01 9.999943025919093564e-01 9.999943081623519081e-01
6.500000000000000000e+00 9.999943053211124422e-01 9.999943192511839829e-01 9.999943231479223593e-01
6.520000000000000462e+00 9.999943255561623001e-01 9.999943358765472912e-01 9.999943388751644235e-01
6.540000000000000036e+00 9.999943425254861351e-01 9.999943524632923797e-01 9.999943539749585053e-01
6.560000000000000497e+00 9.999943623840382712e-01 9.999943690088268777e-01 9.999943697848050483e-01
6.580000000000000071e+00 9.999943790367297192e-01 9.999943855087830569e-01 9.999943849661402373e-01
6.600000000000000533e+00 9.999943985073393993e-01 9.999944019608797419e-01 9.999944008281407282e-01
6.620000000000000107e+00 9.999944148344817041e-01 9.999944183611131354e-01 9.999944160617965094e-01
6.640000000000000568e+00 9.999944339144417604e-01 9.999944347075327977e-01 9.999944319487860112e-01
6.660000000000000142e+00 9.999944499150466015e-01 9.999944509965108530e-01 9.999944472086913505e-01
6.679999999999999716e+00 9.999944686086666978e-01 9.999944672264352574e-01 9.999944630964932024e-01
6.700000000000000178e+00 9.999944842880369444e-01 9.999944833940546118e-01 9.999944783594428843e-01
6.719999999999999751e+00 9.999945026050919283e-01 9.999944994980933810e-01 9.999944942265984738e-01
6.740000000000000213e+00 9.999945179733487066e-01 9.999945155356696480e-01 9.999945094719940863e-01
6.759999999999999787e+00 9.999945359276946055e-01 9.999945315058328399e-01 9.999945252995177114e-01
6.780000000000000249e+00 9.999945509984722314e-01 9.999945474060563111e-01 9.999945405091326123e-01
6.799999999999999822e+00 9.999945686068215656e-01 9.999945632356990188e-01 9.999945562802861065e-01
6.820000000000000284e+00 9.999945833961356723e-01 9.999945789925682726e-01 9.999945714380501505e-01
6.839999999999999858e+00 9.999946006770237261e-01 9.999945946763115767e-01 9.999945871381378248e-01
6.860000000000000320e+00 9.999946152023078128e-01 9.999946102850475471e-01 9.999946022299402992e-01
6.879999999999999893e+00 9.999946321752068989e-01 9.999946258186871439e-01 9.999946178461204260e-01
6.900000000000000355e+00 9.999946464545069746e-01 9.999946412756333114e-01 9.999946328596287515e-01
6.919999999999999929e+00 9.999946631390990159e-01 9.999946566560352634e-01 9.999946483807417019e-01
6.940000000000000391e+00 9.999946771904210108e-01 9.999946719585521837e-01 9.999946633052361200e-01
6.959999999999999964e+00 9.999946936060249980e-01 9.999946871835443396e-01 9.999946787216444921e-01
6.980000000000000426e+00 9.999947074468242825e-01 9.999947023298991766e-01 9.999946935478646326e-01
7.000000000000000000e+00 9.999947236119477445e-01 9.999947173981600379e-01 9.999947088513079230e-01
7.020000000000000462e+00 9.999947372587438821e-01 9.999947323874153193e-01 9.999947235713129157e-01
7.040000000000000036e+00 9.999947531907599219e-01 9.999947472983651275e-01 9.999947387547732935e-01
7.060000000000000497e+00 9.999947666588612227e-01 9.999947621302714973e-01 9.999947533618118722e-01
7.080000000000000071e+00 9.999947823737792563e-01 9.999947768839660966e-01 9.999947684193898345e-01
7.100000000000000533e+00 9.999947956770929292e-01 9.999947915588587311e-01 9.999947829077817651e-01
7.120000000000000107e+00 9.999948111894150227e-01 9.999948061558892043e-01 9.999947978345832267e-01
7.140000000000000568e+00 9.999948243403490311e-01 9.999948206745917778e-01 9.999948121996098394e-01
7.160000000000000142e+00 9.999948396630097269e-01 9.999948351159919646e-01 9.999948269916409949e-01
7.179999999999999716e+00 9.999948526724324882e-01 9.999948494797270548e-01 9.999948412294441535e-01
7.200000000000000178e+00 9.999948678167855931e-01 9.999948637668885087e-01 9.999948558835157764e-01
7.219999999999999751e+00 9.999948806940462953e-01 9.999948779771971052e-01 9.999948699910061745e-01
7.240000000000000213e+00 9.999948956699186153e-01 9.999948921117925993e-01 9.999948845046454649e-01
7.259999999999999787e+00 9.999949084229201590e-01 9.999949061704619391e-01 9.999948984794172491e-01
7.280000000000000249e+00 9.999949232386917686e-01 9.999949201543781863e-01 9.999949128507871210e-01
7.299999999999999822e+00 9.999949358739691485e-01 9.999949340633789152e-01 9.999949266910409529e-01
7.320000000000000284e+00 9.999949505366646507e-01 9.999949478986575047e-01 9.999949409188663152e-01
7.339999999999999858e+00 9.999949630594937577e-01 9.999949616600896096e-01 9.999949546233386499e-01
7.360000000000000320e+00 9.999949775749139569e-01 9.999949753488767135e-01 9.999949687068393489e-01
7.379999999999999893e+00 9.999949899894569061e-01 9.999949889649221157e-01 9.999949822747375983e-01
7.400000000000000355e+00 9.999950043623205831e-01 9.999950025094265227e-01 9.999949962135668002e-01
7.419999999999999929e+00 9.999950166717570532e-01 9.999950159823112195e-01 9.999950096445116010e-01
7.440000000000000391e+00 9.999950309058316389e-01 9.999950293847692517e-01 9.999950234387013914e-01
7.459999999999999964e+00 9.999950431124866590e-01 9.999950427167322298e-01 9.999950367326724265e-01
7.480000000000000426e+00 9.999950572107243474e-01 9.999950559793794325e-01 9.999950503825822956e-01
7.500000000000000000e+00 9.999950693162161786e-01 9.999950691726475771e-01 9.999950635398713317e-01
7.520000000000000462e+00 9.999950832808937040e-01 9.999950822976971798e-01 9.999950770461440985e-01
7.540000000000000036e+00 9.999950952862489695e-01 9.999950953544655130e-01 9.999950900673111320e-01
7.560000000000000497e+00 9.999951091190860675e-01 9.999951083440915545e-01 9.999951034308316444e-01
7.580000000000000071e+00 9.999951210248693156e-01 9.999951212665100231e-01 9.999951163166667101e-01
7.600000000000000533e+00 9.999951347271506252e-01 9.999951341228359158e-01 9.999951295385254291e-01
7.620000000000000107e+00 9.999951465335721323e-01 9.999951469129986226e-01 9.999951422900137388e-01
7.640000000000000568e+00 9.999951601062523343e-01 9.999951596380884933e-01 9.999951553714743202e-01
7.660000000000000142e+00 9.999951718132645828e-01 9.999951722980285895e-01 9.999951679897650658e-01
7.679999999999999716e+00 9.999951852570551081e-01 9.999951848938832821e-01 9.999951809322357166e-01
7.700000000000000178e+00 9.999951968644362754e-01 9.999951974255686382e-01 9.999951934186150915e-01
7.719999999999999751e+00 9.999952101798849080e-01 9.999952098941233825e-01 9.999952062236224792e-01
7.740000000000000213e+00 9.999952216873140287e-01 9.999952222994563655e-01 9.999952185794891424e-01
7.759999999999999787e+00 9.999952348748888387e-01 9.999952346425813321e-01 9.999952312486561912e-01
7.780000000000000249e+00 9.999952462820115295e-01 9.999952469233998054e-01 9.999952434754998398e-01
7.799999999999999822e+00 9.999952593421364000e-01 9.999952591429015492e-01 9.999952560105256349e-01
7.820000000000000284e+00 9.999952706486087139e-01 9.999952713009815364e-01 9.999952681099082419e-01
7.839999999999999858e+00 9.999952835817235153e-01 9.999952833986061052e-01 9.999952805125511546e-01
7.860000000000000320e+00 9.999952947872551290e-01 9.999952954356647883e-01 9.999952924860909809e-01
7.879999999999999893e+00 9.999953075938455838e-01 9.999953074131023856e-01 9.999953047581527921e-01
7.900000000000000355e+00 9.999953186982289965e-01 9.999953193308029897e-01 9.999953166075099542e-01
7.919999999999999929e+00 9.999953313788557674e-01 9.999953311896911945e-01 9.999953287508235311e-01
7.940000000000000391e+00 9.999953423819912812e-01 9.999953429896470958e-01 9.999953404776873445e-01
7.959999999999999964e+00 9.999953549373119532e-01 9.999953547315761915e-01 9.999953524941050942e-01
7.980000000000000426e+00 9.999953658392239930e-01 9.999953664153558019e-01 9.999953641001841920e-01
8.000000000000000000e+00 9.999953782700020666e-01 9.999953780418737725e-01 9.999953759915685136e-01
8.019999999999999574e+00 9.999953890708350723e-01 9.999953896110049811e-01 9.999953874785811880e-01
8.040000000000000924e+00 9.999954013779347450e-01 9.999954011236211748e-01 9.999953992467963682e-01
8.060000000000000497e+00 9.999954120779593891e-01 9.999954125795960103e-01 9.999954106164634648e-01
8.080000000000000071e+00 9.999954242623547707e-01 9.999954239797863575e-01 9.999954222633685719e-01
8.099999999999999645e+00 9.999954348619689570e-01 9.999954353240650962e-01 9.999954335174066067e-01
8.120000000000000995e+00 9.999954469247426259e-01 9.999954466132753295e-01 9.999954450448501619e-01
8.140000000000000568e+00 9.999954574244668271e-01 9.999954578472901590e-01 9.999954561849661028e-01
8.160000000000000142e+00 9.999954693668048344e-01 9.999954690269399205e-01 9.999954675947808624e-01
8.179999999999999716e+00 9.999954797672772067e-01 9.999954801520988257e-01 9.999954786226676884e-01
8.199999999999999289e+00 9.999954915904595287e-01 9.999954912235845539e-01 9.999954899166667577e-01
8.220000000000000639e+00 9.999955018924239214e-01 9.999955022412729821e-01 9.999955008339999063e-01
8.240000000000000213e+00 9.999955135978157994e-01 9.999955132059707985e-01 9.999955120139737419e-01
8.259999999999999787e+00 9.999955238021048798e-01 9.999955241175554344e-01 9.999955228224080006e-01
8.279999999999999361e+00 9.999955353911360589e-01 9.999955349768232526e-01 9.999955338901219681e-01
8.300000000000000711e+00 9.999955454986605430e-01 9.999955457836532391e-01 9.999955445912888097e-01
8.320000000000000284e+00 9.999955569728160576e-01 9.999955565388322087e-01 9.999955555484810743e-01
8.339999999999999858e+00 9.999955669845463913e-01 9.999955672422413677e-01 9.999955661439873245e-01
8.359999999999999432e+00 9.999955783453542413e-01 9.999955778946575391e-01 9.999955769923672966e-01
8.380000000000000782e+00 9.999955882623174919e-01 9.999955884959648156e-01 9.999955874837934688e-01
8.400000000000000355e+00 9.999955995113483098e-01 9.999955990469309164e-01 9.999955982250405828e-01
8.419999999999999929e+00 9.999956093346222818e-01 9.999956095474414886e-01 9.999956086139399902e-01
8.439999999999999503e+00 9.999956204734742338e-01 9.999956199982562577e-01 9.999956192497032603e-01
8.460000000000000853e+00 9.999956302041685952e-01 9.999956303992629802e-01 9.999956295376010162e-01
8.480000000000000426e+00 9.999956412344502832e-01 9.999956407512125001e-01 9.999956400694983705e-01
8.500000000000000000e+00 9.999956508736962402e-01 9.999956510539947940e-01 9.999956502578913886e-01
8.519999999999999574e+00 9.999956617970231498e-01 9.999956613083526014e-01 9.999956606875093357e-01
8.540000000000000924e+00 9.999956713459650093e-01 9.999956715141776753e-01 9.999956707778655529e-01
8.560000000000000497e+00 9.999956821639560678e-01 9.999956816722045394e-01 9.999956811067594042e-01
8.580000000000000071e+00 9.999956916237533466e-01 9.999956917823268343e-01 9.999956911005181137e-01
8.599999999999999645e+00 9.999957023380221521e-01 9.999957018452708679e-01 9.999957013302118725e-01
8.620000000000000995e+00 9.999957117098330350e-01 9.999957118609319462e-01 9.999957112287837235e-01
8.640000000000000568e+00 9.999957223219756441e-01 9.999957218300282724e-01 9.999957213607704176e-01
8.660000000000000142e+00 9.999957316069498781e-01 9.999957317524564848e-01 9.999957311655374159e-01
8.679999999999999716e+00 9.999957421185450279e-01 9.999957416289269041e-01 9.999957412012794311e-01
8.700000000000001066e+00 9.999957513178234780e-01 9.999957514593372787e-01 9.999957509135958267e-01
8.720000000000000639e+00 9.999957617304225943e-01 9.999957612443898247e-01 9.999957608545252397e-01
8.740000000000000213e+00 9.999957708451239213e-01 9.999957709839832898e-01 9.999957704757170829e-01
8.759999999999999787e+00 9.999957811602463442e-01 9.999957806788121184e-01 9.999957803232365494e-01
8.779999999999999361e+00 9.999957901914696690e-01 9.999957903287756134e-01 9.999957898546029122e-01
8.800000000000000711e+00 9.999958004106109799e-01 9.999957999345603366e-01 9.999957996100855562e-01
8.820000000000000284e+00 9.999958093594411013e-01 9.999958094960657018e-01 9.999958090528985322e-01
8.839999999999999858e+00 9.999958194840691261e-01 9.999958190139709435e-01 9.999958187176890556e-01
8.859999999999999432e+00 9.999958283515724133e-01 9.999958284881756976e-01 9.999958280731945370e-01
8.880000000000000782e+00 9.999958383831257791e-01 9.999958379193508717e-01 9.999958376486098865e-01
8.900000000000000355e+00 9.999958471703450646e-01 9.999958473073965459e-01 9.999958469180280085e-01
8.919999999999999929e+00 9.999958571102274263e-01 9.999958566529758563e-01 9.999958564053574861e-01
8.939999999999999503e+00 9.999958658181757887e-01 9.999958659559884389e-01 9.999958655898832927e-01
8.960000000000000853e+00 9.999958756677541638e-01 9.999958752170898801e-01 9.999958749903896660e-01
8.980000000000000426e+00 9.999958842974184803e-01 9.999958844361794830e-01 9.999958840911935543e-01
9.000000000000000000e+00 9.999958940580266908e-01 9.999958936139050625e-01 9.999958934061136118e-01
9.019999999999999574e+00 9.999959026103728554e-01 9.999959027501654774e-01 9.999959024243419980e-01
9.040000000000000924e+00 9.999959122833173009e-01 9.999959118456012153e-01 9.999959116548869931e-01
9.060000000000000497e+00 9.999959207592906685e-01 9.999959209001100247e-01 9.999959205916628679e-01
9.080000000000000071e+00 9.999959303458508808e-01 9.999959299143250657e-01 9.999959297390195179e-01
9.099999999999999645e+00 9.999959387463762672e-01 9.999959388881435318e-01 9.999959385954432234e-01
9.120000000000000995e+00 9.999959482477998041e-01 9.999959478221911446e-01 9.999959476607738207e-01
9.140000000000000568e+00 9.999959565737766010e-01 9.999959567163640983e-01 9.999959564379233834e-01
9.160000000000000142e+00 9.999959659912825982e-01 9.999959655712805651e-01 9.999959654223671279e-01
9.179999999999999716e+00 9.999959742435935439e-01 9.999959743868362949e-01 9.999959741212988140e-01
9.200000000000001066e+00 9.999959835783795992e-01 9.999959831636421326e-01 9.999959830259719240e-01
9.220000000000000639e+00 9.999959917578866708e-01 9.999959919015923848e-01 9.999959916477210164e-01
9.240000000000000213e+00 9.999960010111185182e-01 9.999960006012912350e-01 9.999960004737172836e-01
9.259999999999999787e+00 9.999960091186644862e-01 9.999960092626321018e-01 9.999960090192984152e-01
9.279999999999999361e+00 9.999960182914873208e-01 9.999960178862117299e-01 9.999960177676903150e-01
9.300000000000000711e+00 9.999960263278973027e-01 9.999960264719224279e-01 9.999960262380982456e-01
9.320000000000000284e+00 9.999960354214308955e-01 9.999960350203546122e-01 9.999960349099370482e-01
9.339999999999999858e+00 9.999960433875126897e-01 9.999960435313990370e-01 9.999960433061468867e-01
9.359999999999999432e+00 9.999960524028546072e-01 9.999960520056395685e-01 9.999960519024634342e-01
9.380000000000000782e+00 9.999960602993991365e-01 9.999960604429656286e-01 9.999960602254314157e-01
9.400000000000000355e+00 9.999960692376244076e-01 9.999960688439546441e-01 9.999960687472363441e-01
9.419999999999999929e+00 9.999960770654060527e-01 9.999960772084948157e-01 9.999960769979003850e-01
9.439999999999999503e+00 9.999960859275707215e-01 9.999960855371572421e-01 9.999960854461853454e-01
9.460000000000000853e+00 9.999960936873526496e-01 9.999960938298286806e-01 9.999960936254651545e-01
9.480000000000000426e+00 9.999961024744929983e-01 9.999961020870742345e-01 9.999961020012024804e-01
9.500000000000000000e+00 9.999961101670259422e-01 9.999961103087791070e-01 9.999961101100003358e-01
9.519999999999999574e+00 9.999961188801663736e-01 9.999961184955024063e-01 9.999961184141443749e-01
9.540000000000000924e+00 9.999961265061881877e-01 9.999961266471282251e-01 9.999961264533454575e-01
9.560000000000000497e+00 9.999961351463299009e-01 9.999961347642094545e-01 9.999961346868324608e-01
9.580000000000000071e+00 9.999961427065642283e-01 9.999961428466290769e-01 9.999961426573051870e-01
9.599999999999999645e+00 9.999961512746952108e-01 9.999961508949344324e-01 9.999961508210538641e-01
9.620000000000000995e+00 9.999961587698574794e-01 9.999961589090066161e-01 9.999961587236507743e-01
9.640000000000000568e+00 9.999961672669513968e-01 9.999961668893875277e-01 9.999961668185630703e-01
9.660000000000000142e+00 9.999961746977487076e-01 9.999961748359572633e-01 9.999961746541204954e-01
9.679999999999999716e+00 9.999961831247669020e-01 9.999961827492521715e-01 9.999961826810819243e-01
9.700000000000001066e+00 9.999961904918962530e-01 9.999961906291506830e-01 9.999961904504208743e-01
9.720000000000000639e+00 9.999961988497837462e-01 9.999961984761841505e-01 9.999961984103004076e-01
9.740000000000000213e+00 9.999962061539265923e-01 9.999962062902295612e-01 9.999962061142270153e-01
9.759999999999999787e+00 9.999962144436091993e-01 9.999962140718130499e-01 9.999962140078781925e-01
9.779999999999999361e+00 9.999962216854347830e-01 9.999962218208101605e-01 9.999962216471837140e-01
9.800000000000000711e+00 9.999962299078228867e-01 9.999962295377421428e-01 9.999962294754445313e-01
9.820000000000000284e+00 9.999962370879891260e-01 9.999962372224829865e-01 9.999962370509059006e-01
9.839999999999999858e+00 9.999962452439812299e-01 9.999962448755491673e-01 9.999962448145992555e-01
9.859999999999999432e+00 9.999962523631413802e-01 9.999962524968132316e-01 9.999962523269790848e-01
9.880000000000000782e+00 9.999962604536292154e-01 9.999962600867871032e-01 9.999962600269135526e-01
9.900000000000000355e+00 9.999962675124289824e-01 9.999962676453415522e-01 9.999962674769609094e-01
9.919999999999999929e+00 9.999962755382855173e-01 9.999962751729842836e-01 9.999962751139304107e-01
9.939999999999999503e+00 9.999962825373562847e-01 9.999962826695846241e-01 9.999962825023810398e-01
9.960000000000000853e+00 9.999962904994446067e-01 9.999962901356456157e-01 9.999962900771658392e-01
9.980000000000000426e+00 9.999962974394106530e-01 9.999962975710353641e-01 9.999962974047421627e-01
1.000000000000000000e+01 9.999963053385834133e-01 9.999963049762525813e-01 9.999963049181086472e-01
