# atom C1 T=2.0 eV, r_i=3.51, Zbar (TFDW) =1.476 , solve_err=5.035e-07
#  r/r_i 				 gii(r/r_i) 				 gie(r/r_i) 				 gee(r/r_i)
2.000000000000000042e-02 0.000000000000000000e+00 6.637184304328691553e-02 2.955029626380234475e-01
4.000000000000000083e-02 0.000000000000000000e+00 6.646980171404726079e-02 3.032023343898277989e-01
5.999999999999999778e-02 0.000000000000000000e+00 6.663327599607338225e-02 3.127487681792715524e-01
8.000000000000000167e-02 0.000000000000000000e+00 6.686258321671789684e-02 3.228748602800248779e-01
1.000000000000000056e-01 0.000000000000000000e+00 6.715817818364411274e-02 3.340376175072161669e-01
1.199999999999999956e-01 0.000000000000000000e+00 6.752065801400919387e-02 3.459600506759226146e-01
1.400000000000000133e-01 0.000000000000000000e+00 6.795077666163173991e-02 3.588453992350957300e-01
1.600000000000000033e-01 0.000000000000000000e+00 6.844945370159272180e-02 3.725549237062661945e-01
1.799999999999999933e-01 0.000000000000000000e+00 6.901779419815001759e-02 3.872001992396448822e-01
2.000000000000000111e-01 0.000000000000000000e+00 6.965710065466301781e-02 4.026780719692742982e-01
2.200000000000000011e-01 0.000000000000000000e+00 7.036889918949196243e-02 4.190476267076863603e-01
2.399999999999999911e-01 0.000000000000000000e+00 7.115495303162799878e-02 4.362097363774950498e-01
2.600000000000000089e-01 0.000000000000000000e+00 7.201729857185745765e-02 4.541847057768477747e-01
2.800000000000000266e-01 0.000000000000000000e+00 7.295825361012675536e-02 4.728642636759794460e-01
2.999999999999999889e-01 0.000000000000000000e+00 3.778125446979130331e+00 4.922370583301284297e-01
3.200000000000000067e-01 0.000000000000000000e+00 3.349321109661857143e+00 5.121804987912431661e-01
3.400000000000000244e-01 0.000000000000000000e+00 2.992532936272203070e+00 5.326578941816535462e-01
3.599999999999999867e-01 0.000000000000000000e+00 2.693588199188701182e+00 5.535321538523363394e-01
3.800000000000000044e-01 0.000000000000000000e+00 2.441470988093718208e+00 5.747489118549675702e-01
4.000000000000000222e-01 0.000000000000000000e+00 2.227551605427676051e+00 5.961599198188040072e-01
4.199999999999999845e-01 0.000000000000000000e+00 2.045018450945459865e+00 6.177027817277057631e-01
4.400000000000000022e-01 0.000000000000000000e+00 1.888455311220925470e+00 6.392234469045916523e-01
4.600000000000000200e-01 0.000000000000000000e+00 1.753525093274791447e+00 6.606630476501821336e-01
4.799999999999999822e-01 0.000000000000000000e+00 1.636731153378566450e+00 6.818669105775321260e-01
5.000000000000000000e-01 0.000000000000000000e+00 1.535236119426026224e+00 7.027934002943072578e-01
5.200000000000000178e-01 0.000000000000000000e+00 1.446723219359767665e+00 7.232881989876327467e-01
5.400000000000000355e-01 0.000000000000000000e+00 1.369289547638670834e+00 7.433466665720032118e-01
5.600000000000000533e-01 0.000000000000000000e+00 1.301363260521143372e+00 7.627976707395028866e-01
5.799999999999999600e-01 0.000000000000000000e+00 1.241639013751460130e+00 7.817391592744622475e-01
5.999999999999999778e-01 0.000000000000000000e+00 1.189027235449109599e+00 7.995164988671478179e-01
6.199999999999999956e-01 0.000000000000000000e+00 1.142614102737382620e+00 8.156046151487961193e-01
6.400000000000000133e-01 0.000000000000000000e+00 1.101629723593064547e+00 8.302549345784820956e-01
6.600000000000000311e-01 0.000000000000000000e+00 1.065422762403704704e+00 8.435003812864667605e-01
6.800000000000000488e-01 0.000000000000000000e+00 1.033440048402924472e+00 8.554945638969697619e-01
7.000000000000000666e-01 1.110223024625156540e-16 1.005210156939103872e+00 8.662998779614845546e-01
7.199999999999999734e-01 1.554312234475219157e-15 9.803300789490422273e-01 8.760394897712958651e-01
7.399999999999999911e-01 2.853273173286652309e-14 9.584543868179293824e-01 8.847824162823628713e-01
7.600000000000000089e-01 4.052314039881821373e-13 9.392863345103444894e-01 8.926345098560434232e-01
7.800000000000000266e-01 4.650058116340005654e-12 9.225705325094748499e-01 8.996645113723664711e-01
8.000000000000000444e-01 4.394107300242922065e-11 9.080868157996094814e-01 9.059650375258285759e-01
8.200000000000000622e-01 3.474226462074625488e-10 8.956450762123023823e-01 9.116009246179428427e-01
8.399999999999999689e-01 2.335007409648426346e-09 8.850807867699881371e-01 9.166528401965257089e-01
8.599999999999999867e-01 1.351319434128583907e-08 8.762510745088843978e-01 9.211794091265149698e-01
8.800000000000000044e-01 6.820143716446125381e-08 8.690311647583560672e-01 9.252497995924918728e-01
9.000000000000000222e-01 3.033580699973725814e-07 8.633110820799311247e-01 9.289150519351102586e-01
9.200000000000000400e-01 1.201567259911939800e-06 8.589923735635168756e-01 9.322332304615305043e-01
9.400000000000000577e-01 4.274895354372532097e-06 8.559853917132215217e-01 9.352472087396838107e-01
9.599999999999999645e-01 1.377839367022737349e-05 8.542067782093473172e-01 9.380045743602878350e-01
9.799999999999999822e-01 4.052152483602355915e-05 8.535771925453026210e-01 9.405400961523020520e-01
1.000000000000000000e+00 1.095148147516322723e-04 8.540193058328384712e-01 9.428917859825806103e-01
1.020000000000000018e+00 2.736342976470407251e-04 8.554561892337464446e-01 9.450868404603268713e-01
1.040000000000000036e+00 6.358660204526245252e-04 8.578100854019894417e-01 9.471548003033726237e-01
1.060000000000000053e+00 1.381208296395097790e-03 8.610016639374530323e-01 9.491161156721601433e-01
1.080000000000000071e+00 2.818613044141660140e-03 8.649496990134554197e-01 9.509930572620145517e-01
1.100000000000000089e+00 5.427028968718161650e-03 8.695712136776381218e-01 9.528002915930002814e-01
1.120000000000000107e+00 9.901379202597926366e-03 8.747819786312968082e-01 9.545540149333290314e-01
1.140000000000000124e+00 1.718029133136600439e-02 8.804973549936899735e-01 9.562640892069118603e-01
1.159999999999999920e+00 2.845471677660194043e-02 8.866333418850602666e-01 9.579417492287223279e-01
1.179999999999999938e+00 4.512694117590831944e-02 8.931077840921496369e-01 9.595929670451334159e-01
1.199999999999999956e+00 6.874499758461161125e-02 8.998416073028490114e-01 9.612250010790795995e-01
1.219999999999999973e+00 1.008676213045291981e-01 9.067600275178511193e-01 9.628407418720054123e-01
1.239999999999999991e+00 1.429384871001457835e-01 9.137936379761903982e-01 9.644443145513608151e-01
1.260000000000000009e+00 1.960915861709655594e-01 9.208793302121793811e-01 9.660362209926900423e-01
1.280000000000000027e+00 2.610405526738703852e-01 9.279610036757970359e-01 9.676181641503064368e-01
1.300000000000000044e+00 3.379017056461950386e-01 9.349900361072998045e-01 9.691888460626763013e-01
1.320000000000000062e+00 4.261894574830045190e-01 9.419255185293682331e-01 9.707481497735037657e-01
1.340000000000000080e+00 5.247196998838539184e-01 9.487342349406945319e-01 9.722934844559122380e-01
1.360000000000000098e+00 6.317566824500521205e-01 9.553904254859253431e-01 9.738234338001982016e-01
1.380000000000000115e+00 7.450008460773995811e-01 9.618753072355319400e-01 9.753345613958628313e-01
1.400000000000000133e+00 8.618626736145598155e-01 9.681764108569834715e-01 9.768246118172733139e-01
1.419999999999999929e+00 9.794844795036192764e-01 9.742866950455058017e-01 9.782897044019418509e-01
1.439999999999999947e+00 1.095071349675197814e+00 9.802035149837714512e-01 9.797271544621871664e-01
1.459999999999999964e+00 1.205880780957633069e+00 9.859274054657927167e-01 9.811329944983671059e-01
1.479999999999999982e+00 1.309539513427491864e+00 9.914607875187336772e-01 9.825044681301913219e-01
1.500000000000000000e+00 1.403957464033807501e+00 9.968065771243821427e-01 9.838378267207008587e-01
1.520000000000000018e+00 1.487588301558243176e+00 1.001966848836270518e+00 9.851305377841618194e-01
1.540000000000000036e+00 1.559261205339701251e+00 1.006941553564510317e+00 9.863793132507006067e-01
1.560000000000000053e+00 1.618377192925431585e+00 1.011727471967265535e+00 9.875820668643886524e-01
1.580000000000000071e+00 1.664681206115368406e+00 1.016317396182171429e+00 9.887361383052682973e-01
1.600000000000000089e+00 1.698408482872207470e+00 1.020699707935809775e+00 9.898400295885820821e-01
1.620000000000000107e+00 1.720031071365336173e+00 1.024858298234366583e+00 9.908917967721341258e-01
1.640000000000000124e+00 1.730375384505458580e+00 1.028772941163241139e+00 9.918905925444455596e-01
1.660000000000000142e+00 1.730374087404038086e+00 1.032419996266349393e+00 9.928352038335918062e-01
1.679999999999999938e+00 1.721172239559501493e+00 1.035773482469861229e+00 9.937254256867856794e-01
1.699999999999999956e+00 1.703904985561939700e+00 1.038806340058471722e+00 9.945607284278414895e-01
1.719999999999999973e+00 1.679802010323065309e+00 1.041491874259178774e+00 9.953414859889258004e-01
1.739999999999999991e+00 1.650000139038948044e+00 1.043805179977601139e+00 9.960677602785241724e-01
1.760000000000000009e+00 1.615648859700667295e+00 1.045724529923039325e+00 9.967404050871104815e-01
1.780000000000000027e+00 1.577758388779818111e+00 1.047232554591465359e+00 9.973599581633257882e-01
1.800000000000000044e+00 1.537304687881265064e+00 1.048317218220440328e+00 9.979276396047376263e-01
1.820000000000000062e+00 1.495108680900994136e+00 1.048972477799728686e+00 9.984443439304343526e-01
1.840000000000000080e+00 1.451937518295026930e+00 1.049198665038257428e+00 9.989115493849083371e-01
1.860000000000000098e+00 1.408408810219629714e+00 1.049002542361175072e+00 9.993304030712722996e-01
1.880000000000000115e+00 1.365085025883882919e+00 1.048397102280687498e+00 9.997025547109447130e-01
1.900000000000000133e+00 1.322396708139107258e+00 1.047401111076755820e+00 1.000029327708888749e+00
1.919999999999999929e+00 1.280727891793399964e+00 1.046038477503586916e+00 1.000312487646437098e+00
1.939999999999999947e+00 1.240353272921962180e+00 1.044337474864631909e+00 1.000553491252850202e+00
1.959999999999999964e+00 1.201513699896942011e+00 1.042329889484677086e+00 1.000754196585350142e+00
1.979999999999999982e+00 1.164363505988004643e+00 1.040050130899182079e+00 1.000916180819551249e+00
2.000000000000000000e+00 1.129036102152468191e+00 1.037534356408745806e+00 1.001041396241286519e+00
2.020000000000000018e+00 1.095598791933374505e+00 1.034819639433693927e+00 1.001131547179100911e+00
2.040000000000000036e+00 1.064109153616518810e+00 1.031943209774384806e+00 1.001188694117543410e+00
2.060000000000000053e+00 1.034575516880747337e+00 1.028941784565853945e+00 1.001214680426622872e+00
2.080000000000000071e+00 1.007005180641664888e+00 1.025850996107065427e+00 1.001211686329711803e+00
2.100000000000000089e+00 9.813693384557488075e-01 1.022704925614845717e+00 1.001181697401575477e+00
2.120000000000000107e+00 9.576443086124900583e-01 1.019535733264525845e+00 1.001127010608650059e+00
2.140000000000000124e+00 9.357800958293858162e-01 1.016373387306396925e+00 1.001049738531389455e+00
2.160000000000000142e+00 9.157357893749044075e-01 1.013245473468388447e+00 1.000952270761109597e+00
2.180000000000000160e+00 8.974511974098129397e-01 1.010177084875586218e+00 1.000836809931726634e+00
2.200000000000000178e+00 8.808774611302297997e-01 1.007190770022136084e+00 1.000705792845429931e+00
2.220000000000000195e+00 8.659513441773242226e-01 1.004306539202021842e+00 1.000561456181167541e+00
2.240000000000000213e+00 8.526219626093204385e-01 1.001541906945942806e+00 1.000406222404310208e+00
2.260000000000000231e+00 8.408273934438867947e-01 9.989119725375721348e-01 1.000242294163530943e+00
2.280000000000000249e+00 8.305182628343648066e-01 9.964295181989807348e-01 1.000072010135175216e+00
2.300000000000000266e+00 8.216363826729802255e-01 9.941051291533046230e-01 9.998974675846667992e-01
2.319999999999999840e+00 8.141357914198122936e-01 9.919473180128846046e-01 9.997208528548727768e-01
2.339999999999999858e+00 8.079631540059160066e-01 9.899626596519440769e-01 9.995440915009278227e-01
2.359999999999999876e+00 8.030767208258275947e-01 9.881559219352445966e-01 9.993691573445752097e-01
2.379999999999999893e+00 7.994282449122235290e-01 9.865301999074134187e-01 9.991977492237258396e-01
2.399999999999999911e+00 7.969802180858973628e-01 9.850870414116986717e-01 9.990315816262350657e-01
2.419999999999999929e+00 7.956890767258029129e-01 9.838265725865529276e-01 9.988720866469448234e-01
2.439999999999999947e+00 7.955209902685697054e-01 9.827476133240707901e-01 9.987206883661841061e-01
2.459999999999999964e+00 7.964361466691803892e-01 9.818477914101134685e-01 9.985785282308513588e-01
2.479999999999999982e+00 7.984033066293043657e-01 9.811236470412653121e-01 9.984467246616264280e-01
2.500000000000000000e+00 8.013849848713395785e-01 9.805707362263679228e-01 9.983261198463116992e-01
2.520000000000000018e+00 8.053509427876719418e-01 9.801837259228485255e-01 9.982175255803411584e-01
2.540000000000000036e+00 8.102641141187333362e-01 9.799564888318996747e-01 9.981214893925107745e-01
2.560000000000000053e+00 8.160931879696717850e-01 9.798821914857855919e-01 9.980385273306399130e-01
2.580000000000000071e+00 8.227991682634725468e-01 9.799533827162778543e-01 9.979689074056812270e-01
2.600000000000000089e+00 8.303471957023766947e-01 9.801620766518405192e-01 9.979128698870044500e-01
2.620000000000000107e+00 8.386936781349719761e-01 9.804998363687981167e-01 9.978704262079679532e-01
2.640000000000000124e+00 8.477975092570650961e-01 9.809578527021194372e-01 9.978415672848287565e-01
2.660000000000000142e+00 8.576077574581252305e-01 9.815270233680466472e-01 9.978260762315053212e-01
2.680000000000000160e+00 8.680744533556175035e-01 9.821980272159859249e-01 9.978237252186815676e-01
2.700000000000000178e+00 8.791368705039496190e-01 9.829613978860094470e-01 9.978341005614362880e-01
2.720000000000000195e+00 8.907340634070950447e-01 9.838075920480225944e-01 9.978567886567810685e-01
2.740000000000000213e+00 9.027938053111786987e-01 9.847270557995542184e-01 9.978912122094500958e-01
2.760000000000000231e+00 9.152430523511190241e-01 9.857102848641816628e-01 9.979368058042471512e-01
2.780000000000000249e+00 9.279976119202038021e-01 9.867478816838906042e-01 9.979928622076399414e-01
2.800000000000000266e+00 9.409726777540731169e-01 9.878306056372484489e-01 9.980586981336702079e-01
2.819999999999999840e+00 9.540732802126929979e-01 9.889494192015548801e-01 9.981335096964065734e-01
2.839999999999999858e+00 9.672049768384144430e-01 9.900955269756609445e-01 9.982165289111007977e-01
2.859999999999999876e+00 9.802650826630647796e-01 9.912604102655575566e-01 9.983068874765848033e-01
2.879999999999999893e+00 9.931535147090407856e-01 9.924358548643230638e-01 9.984037645194970834e-01
2.899999999999999911e+00 1.005764724651127873e+00 9.936139746944597784e-01 9.985062579629089274e-01
2.919999999999999929e+00 1.017998597401934102e+00 9.947872296069419917e-01 9.986135239775182360e-01
2.939999999999999947e+00 1.029752927985737587e+00 9.959484399687356104e-01 9.987246552524495780e-01
2.959999999999999964e+00 1.040934185505715481e+00 9.970907968655192688e-01 9.988388125718100641e-01
2.979999999999999982e+00 1.051450314388996832e+00 9.982078704421076809e-01 9.989551093555406602e-01
3.000000000000000000e+00 1.061221119623904974e+00 9.992936155537095466e-01 9.990727357408070164e-01
3.020000000000000018e+00 1.070171151152845779e+00 1.000342377026002705e+00 9.991908488133406374e-01
3.040000000000000036e+00 1.078239461852820158e+00 1.001348893835830589e+00 9.993086895467684361e-01
3.060000000000000053e+00 1.085372363837945331e+00 1.002308304164134745e+00 9.994254782034615037e-01
3.080000000000000071e+00 1.091532360868235019e+00 1.003216150579469668e+00 9.995405244737102235e-01
3.100000000000000089e+00 1.096690641960820001e+00 1.004068386864066742e+00 9.996531275912915460e-01
3.120000000000000107e+00 1.100835081980208185e+00 1.004861385544183250e+00 9.997626800172308981e-01
3.140000000000000124e+00 1.103962441679992690e+00 1.005591947160574318e+00 9.998685718870192751e-01
3.160000000000000142e+00 1.106085439184178343e+00 1.006257310073876754e+00 9.999702885961982979e-01
3.180000000000000160e+00 1.107224729071754954e+00 1.006855161401220444e+00 1.000067319268538091e+00
3.200000000000000178e+00 1.107415145298629389e+00 1.007383647624249479e+00 1.000159248616468544e+00
3.220000000000000195e+00 1.106697610002992604e+00 1.007841385135822332e+00 1.000245669186440978e+00
3.240000000000000213e+00 1.105124713638017342e+00 1.008227469099079565e+00 1.000326267879591224e+00
3.260000000000000231e+00 1.102752741928752167e+00 1.008541480725084982e+00 1.000400741786227954e+00
3.280000000000000249e+00 1.099646782527593958e+00 1.008783491316393777e+00 1.000468879755558538e+00
3.300000000000000266e+00 1.095873054364080224e+00 1.008954063215709906e+00 1.000530481671867644e+00
3.320000000000000284e+00 1.091503715757805137e+00 1.009054246136464217e+00 1.000585435453559491e+00
3.339999999999999858e+00 1.086609643754543608e+00 1.009085569227553769e+00 1.000633639647858564e+00
3.359999999999999876e+00 1.081265078724622297e+00 1.009050027609718736e+00 1.000675076218579651e+00
3.379999999999999893e+00 1.075540947248529111e+00 1.008950064077103859e+00 1.000709736345650080e+00
3.399999999999999911e+00 1.069509427972612947e+00 1.008788545035652184e+00 1.000737689330332802e+00
3.419999999999999929e+00 1.063237855175095392e+00 1.008568731764541315e+00 1.000759011484395167e+00
3.439999999999999947e+00 1.056793243026662221e+00 1.008294246406260752e+00 1.000773851445323936e+00
3.459999999999999964e+00 1.050236759092661121e+00 1.007969034133819664e+00 1.000782362032772266e+00
3.479999999999999982e+00 1.043628207282001341e+00 1.007597321165611071e+00 1.000784762229798064e+00
3.500000000000000000e+00 1.037021026792234402e+00 1.007183570342299772e+00 1.000781271876744816e+00
3.520000000000000018e+00 1.030466710930455276e+00 1.006732434085932493e+00 1.000772170542567840e+00
3.540000000000000036e+00 1.024010268212252717e+00 1.006248706588860342e+00 1.000757734923108044e+00
3.560000000000000053e+00 1.017694543996776835e+00 1.005737275072482895e+00 1.000738294802685946e+00
3.580000000000000071e+00 1.011556074278196382e+00 1.005203071961120909e+00 1.000714173027635212e+00
3.600000000000000089e+00 1.005629276646202941e+00 1.004651027716431555e+00 1.000685738744099273e+00
3.620000000000000107e+00 9.999426300963323300e-01 1.004086026064482162e+00 1.000653349829376815e+00
3.640000000000000124e+00 9.945227075393290317e-01 1.003512861187874083e+00 1.000617403586651966e+00
3.660000000000000142e+00 9.893906229616910020e-01 1.002936198430991022e+00 1.000578281534723502e+00
3.680000000000000160e+00 9.845658862981297998e-01 1.002360537883046021e+00 1.000536397741753847e+00
3.700000000000000178e+00 9.800630694616853100e-01 1.001790182174826294e+00 1.000492145895300000e+00
3.720000000000000195e+00 9.758954734811907672e-01 1.001229207651380904e+00 1.000445945461420072e+00
3.740000000000000213e+00 9.720719752110325018e-01 1.000681440051782722e+00 1.000398190977832114e+00
3.760000000000000231e+00 9.686005047437549198e-01 1.000150433690005336e+00 1.000349296227960316e+00
3.780000000000000249e+00 9.654850438084854325e-01 9.996394550939834422e-01 1.000299645716948405e+00
3.800000000000000266e+00 9.627289179294561405e-01 9.991514699783090592e-01 1.000249637049178464e+00
3.820000000000000284e+00 9.603319251383183319e-01 9.986891343747171801e-01 1.000199634557157102e+00
3.839999999999999858e+00 9.582934520224549724e-01 9.982547887300069478e-01 1.000150010063688866e+00
3.859999999999999876e+00 9.566097173664590558e-01 9.978504557037963796e-01 1.000101098636183794e+00
3.879999999999999893e+00 9.552767242971897943e-01 9.974778404571488233e-01 1.000053237900523584e+00
3.899999999999999911e+00 9.542876080324870225e-01 9.971383341071780038e-01 1.000006725888452408e+00
3.919999999999999929e+00 9.536354381194086516e-01 9.968330191569086951e-01 9.999618590501494486e-01
3.939999999999999947e+00 9.533106628968679441e-01 9.965626775430133089e-01 9.999188921516044548e-01
3.959999999999999964e+00 9.533037766743969188e-01 9.963278001541074902e-01 9.998780751089042518e-01
3.979999999999999982e+00 9.536028560982503510e-01 9.961285984448134956e-01 9.998396148781107939e-01
4.000000000000000000e+00 9.541961073169413776e-01 9.959650170562627247e-01 9.998037112086145539e-01
4.020000000000000462e+00 9.550694913876561776e-01 9.958367480578995679e-01 9.997705204524406364e-01
4.040000000000000036e+00 9.562091662042644380e-01 9.957432457856374430e-01 9.997401903089734310e-01
4.060000000000000497e+00 9.575991995195022310e-01 9.956837428824781844e-01 9.997128254659441993e-01
4.080000000000000071e+00 9.592239197677868701e-01 9.956572665819857226e-01 9.996885213851954832e-01
4.099999999999999645e+00 9.610657162267779441e-01 9.956626558306436170e-01 9.996673316754074445e-01
4.120000000000000107e+00 9.631073118354940288e-01 9.956985783528856659e-01 9.996493009495256432e-01
4.139999999999999680e+00 9.653296504491437613e-01 9.957635482425202245e-01 9.996344338204447011e-01
4.160000000000000142e+00 9.677141032832309309e-01 9.958559432447680049e-01 9.996227268457930082e-01
4.179999999999999716e+00 9.702404430492211906e-01 9.959740222985724589e-01 9.996141390325893328e-01
4.200000000000000178e+00 9.728889936719974374e-01 9.961159425609275031e-01 9.996086228742424584e-01
4.219999999999999751e+00 9.756386902703073627e-01 9.962797764681242674e-01 9.996060962484319967e-01
4.240000000000000213e+00 9.784691792703358315e-01 9.964635281107253606e-01 9.996064725440449994e-01
4.259999999999999787e+00 9.813589617282290067e-01 9.966651494627374319e-01 9.996096338377283841e-01
4.280000000000000249e+00 9.842874479511936059e-01 9.968825557946723315e-01 9.996154601044549004e-01
4.299999999999999822e+00 9.872331796575837259e-01 9.971136407974029447e-01 9.996238035617529549e-01
4.320000000000000284e+00 9.901758398993557586e-01 9.973562907970088265e-01 9.996345169560374444e-01
4.339999999999999858e+00 9.930945472512647809e-01 9.976083985747391525e-01 9.996474289688491721e-01
4.360000000000000320e+00 9.959698184891981887e-01 9.978678762196929730e-01 9.996623715714232361e-01
4.379999999999999893e+00 9.987819257549613861e-01 9.981326675157116135e-01 9.996791563938678404e-01
4.400000000000000355e+00 1.001512806488911167e+00 9.984007593333024122e-01 9.996976011422014086e-01
4.419999999999999929e+00 1.004144472715435388e+00 9.986701925146657111e-01 9.997175068388814978e-01
4.440000000000000391e+00 1.006660860553491244e+00 9.989390717605448611e-01 9.997386832993707673e-01
4.459999999999999964e+00 1.009046279825606574e+00 9.992055749918653529e-01 9.997609271605101267e-01
4.480000000000000426e+00 1.011287194437496595e+00 9.994679617266462035e-01 9.997840464173137764e-01
4.500000000000000000e+00 1.013370700708439154e+00 9.997245809278363371e-01 9.998078391641650464e-01
4.520000000000000462e+00 1.015286230221160269e+00 9.999738778879767587e-01 9.998321171967892163e-01
4.540000000000000036e+00 1.017024046715869323e+00 1.000214400586930230e+00 9.998566853999664161e-01
4.560000000000000497e+00 1.018576864670485804e+00 1.000444805108173130e+00 9.998813644243078613e-01
4.580000000000000071e+00 1.019938357183800548e+00 1.000663860529214633e+00 9.999059706629626065e-01
4.600000000000000533e+00 1.021104686316852250e+00 1.000870452886678086e+00 9.999303380177385625e-01
4.620000000000000107e+00 1.022073017786649052e+00 1.001063588611082356e+00 9.999542984159492942e-01
4.639999999999999680e+00 1.022842962562625857e+00 1.001242397044164401e+00 9.999777026853692297e-01
4.660000000000000142e+00 1.023415097931742679e+00 1.001406132415163297e+00 1.000000401570723119e+00
4.679999999999999716e+00 1.023792323481837574e+00 1.001554174900531224e+00 1.000022265741721261e+00
4.700000000000000178e+00 1.023978391646546582e+00 1.001686031128499188e+00 1.000043167276537082e+00
4.719999999999999751e+00 1.023979184482306737e+00 1.001801333765773405e+00 1.000062998831518835e+00
4.740000000000000213e+00 1.023801259685599430e+00 1.001899840537777919e+00 1.000081655566137373e+00
4.759999999999999787e+00 1.023453057053304027e+00 1.001981432335035116e+00 1.000099053506738223e+00
4.780000000000000249e+00 1.022943467851989530e+00 1.002046110752696784e+00 1.000115111893719266e+00
4.799999999999999822e+00 1.022282981285694836e+00 1.002093994734176485e+00 1.000129770774735638e+00
4.820000000000000284e+00 1.021482285839472981e+00 1.002125316666839128e+00 1.000142973760220322e+00
4.839999999999999858e+00 1.020553366401022677e+00 1.002140417621759205e+00 1.000154684883711509e+00
4.860000000000000320e+00 1.019508145846352409e+00 1.002139742090663477e+00 1.000164871756231921e+00
4.879999999999999893e+00 1.018359542792764971e+00 1.002123831934673470e+00 1.000173521732910409e+00
4.900000000000000355e+00 1.017120160453189204e+00 1.002093319905538626e+00 1.000180625460238115e+00
4.919999999999999929e+00 1.015803313574137334e+00 1.002048922476417525e+00 1.000186192388960560e+00
4.940000000000000391e+00 1.014421769748966362e+00 1.001991432350709976e+00 1.000190234710961246e+00
4.959999999999999964e+00 1.012988752243686452e+00 1.001921710406400434e+00 1.000192782258623403e+00
4.980000000000000426e+00 1.011516736857799081e+00 1.001840677450281047e+00 1.000193866830179967e+00
5.000000000000000000e+00 1.010018435344835375e+00 1.001749305556175473e+00 1.000193536515529225e+00
5.020000000000000462e+00 1.008505648830714918e+00 1.001648609363671616e+00 1.000191840410478816e+00
5.040000000000000036e+00 1.006990234664894235e+00 1.001539637123150861e+00 1.000188842408466616e+00
5.060000000000000497e+00 1.005483015574018868e+00 1.001423461860896591e+00 1.000184606305329904e+00
5.080000000000000071e+00 1.003994731209225666e+00 1.001301172456183775e+00 1.000179209095624966e+00
5.100000000000000533e+00 1.002535000764539053e+00 1.001173864996139695e+00 1.000172726470454299e+00
5.120000000000000107e+00 1.001113259301027902e+00 1.001042634200999482e+00 1.000165245656134960e+00
5.139999999999999680e+00 9.997377705546968141e-01 1.000908565272600637e+00 1.000156851308244388e+00
5.160000000000000142e+00 9.984165473454547080e-01 1.000772725954877540e+00 1.000147637929260425e+00
5.179999999999999716e+00 9.971564107168169322e-01 1.000636159142189952e+00 1.000137696162320733e+00
5.200000000000000178e+00 9.959638933436278929e-01 1.000499875817015827e+00 1.000127124823113611e+00
5.219999999999999751e+00 9.948443409451631636e-01 1.000364848633053638e+00 1.000116017596840656e+00
5.240000000000000213e+00 9.938027975146269677e-01 1.000232005916083633e+00 1.000104474718003900e+00
5.259999999999999787e+00 9.928431450299500804e-01 1.000102226377451942e+00 1.000092590073670129e+00
5.280000000000000249e+00 9.919689694634845623e-01 9.999763343028253981e-01 1.000080462562821237e+00
5.299999999999999822e+00 9.911827351098811967e-01 9.998550954898045573e-01 1.000068183608177286e+00
5.320000000000000284e+00 9.904866306118913499e-01 9.997392136880471902e-01 1.000055848224417288e+00
5.339999999999999858e+00 9.898817746353550939e-01 9.996293277952128520e-01 1.000043542939514474e+00
5.360000000000000320e+00 9.893690414913940412e-01 9.995260095550120294e-01 1.000031356598375387e+00
5.379999999999999893e+00 9.889482953574924018e-01 9.994297619921730380e-01 1.000019368692891097e+00
5.400000000000000355e+00 9.886191954297399720e-01 9.993410183254605172e-01 1.000007659924425640e+00
5.419999999999999929e+00 9.883804563515946606e-01 9.992601415772951468e-01 9.999963009396467539e-01
5.440000000000000391e+00 9.882306331485867235e-01 9.991874246184615505e-01 9.999853626718891997e-01
5.459999999999999964e+00 9.881674059438377844e-01 9.991230908525954302e-01 9.999749054773994228e-01
5.480000000000000426e+00 9.881883451850510536e-01 9.990672952787904570e-01 9.999649892720184896e-01
5.500000000000000000e+00 9.882902190798800168e-01 9.990201261255318155e-01 9.999556630598731566e-01
5.520000000000000462e+00 9.884697397925187312e-01 9.989816067964644164e-01 9.999469748781940615e-01
5.540000000000000036e+00 9.887228922986072144e-01 9.989516983118799098e-01 9.999389617078585646e-01
5.560000000000000497e+00 9.890456623140059245e-01 9.989303019906211611e-01 9.999316592356165545e-01
5.580000000000000071e+00 9.894333854492821656e-01 9.989172625488531576e-01 9.999250921333709963e-01
5.600000000000000533e+00 9.898814576279499899e-01 9.989123713662368953e-01 9.999192836437581500e-01
5.620000000000000107e+00 9.903847035087920414e-01 9.989153700900986754e-01 9.999142462127612596e-01
5.639999999999999680e+00 9.909380700637965278e-01 9.989259543352433379e-01 9.999099909016011534e-01
5.660000000000000142e+00 9.915360132553767691e-01 9.989437776454218598e-01 9.999065183553204061e-01
5.679999999999999716e+00 9.921731752918869773e-01 9.989684554821338658e-01 9.999038280413582447e-01
5.700000000000000178e+00 9.928437884941632152e-01 9.989995694031826856e-01 9.999019095351971975e-01
5.719999999999999751e+00 9.935423365468093460e-01 9.990366712053001530e-01 9.999007515838870264e-01
5.740000000000000213e+00 9.942629744015216708e-01 9.990792871904058403e-01 9.999003336887468674e-01
5.759999999999999787e+00 9.950001736168169186e-01 9.991269223387800880e-01 9.999006349904953073e-01
5.780000000000000249e+00 9.957481570324402398e-01 9.991790645463928255e-01 9.999016261283716345e-01
5.799999999999999822e+00 9.965015280651492446e-01 9.992351887187249648e-01 9.999032779424207318e-01
5.820000000000000284e+00 9.972547187858417095e-01 9.992947608763552703e-01 9.999055535882287460e-01
5.839999999999999858e+00 9.980026028434081375e-01 9.993572420736110962e-01 9.999084170512840819e-01
5.860000000000000320e+00 9.987399554999663032e-01 9.994220922838064070e-01 9.999118254967862551e-01
5.879999999999999893e+00 9.994620497095971778e-01 9.994887740610703952e-01 9.999157375908241940e-01
5.900000000000000355e+00 1.000164126651923002e+00 9.995567561306608617e-01 9.999201060653687412e-01
5.919999999999999929e+00 1.000841974418372082e+00 9.996255167261198782e-01 9.999248858412274066e-01
5.940000000000000391e+00 1.001491407627930652e+00 9.996945468235731713e-01 9.999300267893246330e-01
5.959999999999999964e+00 1.002108828186588418e+00 9.997633530994736173e-01 9.999354816509440358e-01
5.980000000000000426e+00 1.002690712695583075e+00 9.998314607605119919e-01 9.999411989776790799e-01
6.000000000000000000e+00 1.003234154847018500e+00 9.998984160794885945e-01 9.999471308453100615e-01
6.020000000000000462e+00 1.003736359544241896e+00 9.999637887843126904e-01 9.999532259563020942e-01
6.040000000000000036e+00 1.004195166679698437e+00 1.000027174140979191e+00 9.999594371447175778e-01
6.060000000000000497e+00 1.004608551146691342e+00 1.000088194876168624e+00 9.999657146267970642e-01
6.080000000000000071e+00 1.004975127991840189e+00 1.000146502786994684e+00 9.999720132955164376e-01
6.100000000000000533e+00 1.005293657816268338e+00 1.000201780182102818e+00 9.999782861065465989e-01
6.120000000000000107e+00 1.005563533585104752e+00 1.000253741007978370e+00 9.999844911623704258e-01
6.140000000000000568e+00 1.005784291249512297e+00 1.000302131803365802e+00 9.999905852227235492e-01
6.160000000000000142e+00 1.005956078800313236e+00 1.000346732341712341e+00 9.999965305795336379e-01
6.179999999999999716e+00 1.006079172267244859e+00 1.000387356103398462e+00 1.000002288682747986e+00
6.200000000000000178e+00 1.006154427892162806e+00 1.000423850443502349e+00 1.000007826808698930e+00
6.219999999999999751e+00 1.006182803952207383e+00 1.000456096595904398e+00 1.000013111793973009e+00
6.240000000000000213e+00 1.006165797175423648e+00 1.000484009385109507e+00 1.000018116501100396e+00
6.259999999999999787e+00 1.006104971065707954e+00 1.000507536785807838e+00 1.000022813654784626e+00
6.280000000000000249e+00 1.006002377871674458e+00 1.000526659206972369e+00 1.000027182110019064e+00
6.299999999999999822e+00 1.005860094249831027e+00 1.000541388639853091e+00 1.000031200786536179e+00
6.320000000000000284e+00 1.005680630206982951e+00 1.000551767551834725e+00 1.000034854745551316e+00
6.339999999999999858e+00 1.005466473014390960e+00 1.000557867664885858e+00 1.000038129219692262e+00
6.360000000000000320e+00 1.005220484577864726e+00 1.000559788505428038e+00 1.000041015505522379e+00
6.379999999999999893e+00 1.004945454509872826e+00 1.000557655863640649e+00 1.000043505087455653e+00
6.400000000000000355e+00 1.004644487339193093e+00 1.000551620053487190e+00 1.000045595354024375e+00
6.419999999999999929e+00 1.004320565574612578e+00 1.000541854110570616e+00 1.000047283815349797e+00
6.440000000000000391e+00 1.003976928064898688e+00 1.000528551823051338e+00 1.000048573651774797e+00
6.459999999999999964e+00 1.003616643756651161e+00 1.000511925731509155e+00 1.000049468025360877e+00
6.480000000000000426e+00 1.003242982360903035e+00 1.000492204996345835e+00 1.000049975469997188e+00
6.500000000000000000e+00 1.002858999336440071e+00 1.000469633266954927e+00 1.000050104298114473e+00
6.520000000000000462e+00 1.002467899842518495e+00 1.000444466453962233e+00 1.000049867841718898e+00
6.540000000000000036e+00 1.002072635291198610e+00 1.000416970536609051e+00 1.000049278956067988e+00
6.560000000000000497e+00 1.001676261371933885e+00 1.000387419308607084e+00 1.000048355121248678e+00
6.580000000000000071e+00 1.001281546325327954e+00 1.000356092191844182e+00 1.000047113044944425e+00
6.600000000000000533e+00 1.000891323637347563e+00 1.000323272022616727e+00 1.000045573634209317e+00
6.620000000000000107e+00 1.000508112004657280e+00 1.000289242936550194e+00 1.000043756699672270e+00
6.640000000000000568e+00 1.000134463125057049e+00 1.000254288257603319e+00 1.000041685807039560e+00
6.660000000000000142e+00 9.997725931666416876e-01 1.000218688513609067e+00 1.000039383085153277e+00
6.679999999999999716e+00 9.994247259322238675e-01 1.000182719483936555e+00 1.000036873966493989e+00
6.700000000000000178e+00 9.990927355185651448e-01 1.000146650397624404e+00 1.000034182101434244e+00
6.719999999999999751e+00 9.987784850112143564e-01 1.000110742187324542e+00 1.000031333996623806e+00
6.740000000000000213e+00 9.984834799165839270e-01 1.000075245913017996e+00 1.000028354037567402e+00
6.759999999999999787e+00 9.982092024547042364e-01 1.000040401260298362e+00 1.000025269033267605e+00
6.780000000000000249e+00 9.979567752830658112e-01 1.000006435222634993e+00 1.000022103348915170e+00
6.799999999999999822e+00 9.977272913894033035e-01 9.999735608717081892e-01 1.000018883364551803e+00
6.820000000000000284e+00 9.975214875820239691e-01 9.999419763206400802e-01 1.000015632719214898e+00
6.839999999999999858e+00 9.973400699439066708e-01 9.999118637834775170e-01 1.000012376690673221e+00
6.860000000000000320e+00 9.971833965474659056e-01 9.998833888312513851e-01 1.000009137551829852e+00
6.879999999999999893e+00 9.970517984062249317e-01 9.998566997473139484e-01 1.000005938877797540e+00
6.900000000000000355e+00 9.969452708702991606e-01 9.998319270779663093e-01 1.000002801014753029e+00
6.919999999999999929e+00 9.968637900057952805e-01 9.998091832806065282e-01 9.999997453197808639e-01
6.940000000000000391e+00 9.968070121358729718e-01 9.997885625613689431e-01 9.999967897417043616e-01
6.959999999999999964e+00 9.967745855713912029e-01 9.997701408042679594e-01 9.999939529982594388e-01
6.980000000000000426e+00 9.967658577799272113e-01 9.997539756801083755e-01 9.999912502677302806e-01
7.000000000000000000e+00 9.967801823946370599e-01 9.997401068372553379e-01 9.999886973071347995e-01
7.020000000000000462e+00 9.968166335139373446e-01 9.997285562591904373e-01 9.999863062527970525e-01
7.040000000000000036e+00 9.968743079164827936e-01 9.997193286913547139e-01 9.999840896823551928e-01
7.060000000000000497e+00 9.969520460116731986e-01 9.997124122192506679e-01 9.999820565217246715e-01
7.080000000000000071e+00 9.970487291890094417e-01 9.997077789010435644e-01 9.999802160529115413e-01
7.100000000000000533e+00 9.971630069584571654e-01 9.997053855340660711e-01 9.999785739241782156e-01
7.120000000000000107e+00 9.972935893589688350e-01 9.997051744595200073e-01 9.999771361048755969e-01
7.140000000000000568e+00 9.974389798430901566e-01 9.997070744825770072e-01 9.999759049950462941e-01
7.160000000000000142e+00 9.975977626660318398e-01 9.997110018135226817e-01 9.999748833277919413e-01
7.179999999999999716e+00 9.977683410809463638e-01 9.997168611052826837e-01 9.999740703740500614e-01
7.200000000000000178e+00 9.979492196224873934e-01 9.997245464945802018e-01 9.999734657924106429e-01
7.219999999999999751e+00 9.981387471921752130e-01 9.997339427205151896e-01 9.999730659243939446e-01
7.240000000000000213e+00 9.983353941466036607e-01 9.997449262296279615e-01 9.999728675911291331e-01
7.259999999999999787e+00 9.985374998661668000e-01 9.997573663399645927e-01 9.999728644741546768e-01
7.280000000000000249e+00 9.987435445525421063e-01 9.997711263752022681e-01 9.999730508579788291e-01
7.299999999999999822e+00 9.989519008882856710e-01 9.997860648403056327e-01 9.999734180912241976e-01
7.320000000000000284e+00 9.991611004515922323e-01 9.998020365519020292e-01 9.999739582738117472e-01
7.339999999999999858e+00 9.993695890959606309e-01 9.998188937940032384e-01 9.999746607931750964e-01
7.360000000000000320e+00 9.995759878969675549e-01 9.998364874144840542e-01 9.999755159546424021e-01
7.379999999999999893e+00 9.997788519065187174e-01 9.998546679322671826e-01 9.999765115874583721e-01
7.400000000000000355e+00 9.999769255612046548e-01 9.998732865729055286e-01 9.999776366168745545e-01
7.419999999999999929e+00 1.000168904501456790e+00 9.998921963019695713e-01 9.999788777348272983e-01
7.440000000000000391e+00 1.000353685393610359e+00 9.999112527762437086e-01 9.999802229122848329e-01
7.459999999999999964e+00 1.000530130541529061e+00 9.999303152816978457e-01 9.999816581296270268e-01
7.480000000000000426e+00 1.000697312107847070e+00 9.999492475805572544e-01 9.999831708279246500e-01
7.500000000000000000e+00 1.000854279294660198e+00 9.999679187360831500e-01 9.999847466943445617e-01
7.520000000000000462e+00 1.001000296985641747e+00 9.999862038396831743e-01 9.999863730512396076e-01
7.540000000000000036e+00 1.001134615322874399e+00 1.000003984708670801e+00 9.999880356922454805e-01
7.560000000000000497e+00 1.001256702837214130e+00 1.000021150481558818e+00 9.999897222083272696e-01
7.580000000000000071e+00 1.001366018304827854e+00 1.000037598178951992e+00 9.999914188706323648e-01
7.600000000000000533e+00 1.001462238477708544e+00 1.000053233159136523e+00 9.999931138929533114e-01
7.620000000000000107e+00 1.001545032158030368e+00 1.000067969536211132e+00 9.999947943578372245e-01
7.640000000000000568e+00 1.001614282690157287e+00 1.000081730491996224e+00 9.999964494152777661e-01
7.660000000000000142e+00 1.001669864245504638e+00 1.000094448549360804e+00 9.999980672490405009e-01
7.679999999999999716e+00 1.001711859280247419e+00 1.000106065740262062e+00 9.999996382117715132e-01
7.700000000000000178e+00 1.001740337070713416e+00 1.000116533735931235e+00 1.000001151828968649e+00
7.719999999999999751e+00 1.001755566381987261e+00 1.000125813874457759e+00 1.000002599871076647e+00
7.740000000000000213e+00 1.001757796337283901e+00 1.000133877152985962e+00 1.000003973393005730e+00
7.759999999999999787e+00 1.001747464574854751e+00 1.000140704121627477e+00 1.000005265744161598e+00
7.780000000000000249e+00 1.001724980566215395e+00 1.000146284746044500e+00 1.000006469641870011e+00
7.799999999999999822e+00 1.001690929561641852e+00 1.000150618177542361e+00 1.000007580120653383e+00
7.820000000000000284e+00 1.001645858495855634e+00 1.000153712497312108e+00 1.000008591638358535e+00
7.839999999999999858e+00 1.001590476037564015e+00 1.000155584375262308e+00 1.000009500966329234e+00
7.860000000000000320e+00 1.001525441232079761e+00 1.000156258709706592e+00 1.000010304327434651e+00
7.879999999999999893e+00 1.001451559972870387e+00 1.000155768189796568e+00 1.000011000229100278e+00
7.900000000000000355e+00 1.001369576532136652e+00 1.000154152846504552e+00 1.000011586632798766e+00
7.919999999999999929e+00 1.001280366768095620e+00 1.000151459535352227e+00 1.000012063732168111e+00
7.940000000000000391e+00 1.001184732686629442e+00 1.000147741416126168e+00 1.000012431153847636e+00
7.959999999999999964e+00 1.001083592681607515e+00 1.000143057373917399e+00 1.000012690683136141e+00
7.980000000000000426e+00 1.000977779255329603e+00 1.000137471446065351e+00 1.000012843496328685e+00
8.000000000000000000e+00 1.000868226568941477e+00 1.000131052200314619e+00 1.000012892836546152e+00
8.019999999999999574e+00 1.000755771425716922e+00 1.000123872127995694e+00 1.000012841277946540e+00
8.040000000000000924e+00 1.000641338381337286e+00 1.000116006998345242e+00 1.000012693354482174e+00
8.060000000000000497e+00 1.000525744067908729e+00 1.000107535236892220e+00 1.000012452856528622e+00
8.080000000000000071e+00 1.000409880083921621e+00 1.000098537274679122e+00 1.000012125415403519e+00
8.099999999999999645e+00 1.000294520706369594e+00 1.000089094930249889e+00 1.000011715833067916e+00
8.120000000000000995e+00 1.000180503748648864e+00 1.000079290771679785e+00 1.000011230625265091e+00
8.140000000000000568e+00 1.000068541677890277e+00 1.000069207519485692e+00 1.000010675385011538e+00
8.160000000000000142e+00 9.999594005954280940e-01 1.000058927438063572e+00 1.000010057287191945e+00
8.179999999999999716e+00 9.998537147485272447e-01 1.000048531775314942e+00 1.000009382486566123e+00
8.199999999999999289e+00 9.997521637597660549e-01 1.000038100198365587e+00 1.000008658586585719e+00
8.220000000000000639e+00 9.996552904921249816e-01 1.000027710283795113e+00 1.000007892072609206e+00
8.240000000000000213e+00 9.995636766227136150e-01 1.000017437010438437e+00 1.000007090747591310e+00
8.259999999999999787e+00 9.994777637965184258e-01 1.000007352311892861e+00 1.000006261201118241e+00
8.279999999999999361e+00 9.993980276155359777e-01 9.999975246368760784e-01 1.000005411214470064e+00
8.300000000000000711e+00 9.993248019950188299e-01 9.999880185732540339e-01 1.000004547265969546e+00
8.320000000000000284e+00 9.992584516167495323e-01 9.999788944839284044e-01 1.000003676907730954e+00
8.339999999999999858e+00 9.991991993833221342e-01 9.999702082090798916e-01 1.000002806307668690e+00
8.359999999999999432e+00 9.991472973646070566e-01 9.999620107829728655e-01 1.000001942600029947e+00
8.380000000000000782e+00 9.991028572309754718e-01 9.999543482185185850e-01 1.000001091464231884e+00
8.400000000000000355e+00 9.990660197071026261e-01 9.999472613078148608e-01 1.000000259451043538e+00
8.419999999999999929e+00 9.990367878532051549e-01 9.999407854905900672e-01 9.999994515982197907e-01
8.439999999999999503e+00 9.990151950259920088e-01 9.999349507388052283e-01 9.999986737339476850e-01
8.460000000000000853e+00 9.990011408695758099e-01 9.999297815081245044e-01 9.999979301290403688e-01
8.480000000000000426e+00 9.989945577745629191e-01 9.999252967045767493e-01 9.999972257790011865e-01
8.500000000000000000e+00 9.989952494341525213e-01 9.999215097159687149e-01 9.999965640923232923e-01
8.519999999999999574e+00 9.990030557829383540e-01 9.999184284564834879e-01 9.999959491522683042e-01
8.540000000000000924e+00 9.990176939709480841e-01 9.999160554729584760e-01 9.999953834406011266e-01
8.560000000000000497e+00 9.990389217589960014e-01 9.999143880614452806e-01 9.999948700799252688e-01
8.580000000000000071e+00 9.990663807611195324e-01 9.999134184415607862e-01 9.999944105919749138e-01
8.599999999999999645e+00 9.990997582683598388e-01 9.999131339374631722e-01 9.999940071211056436e-01
8.620000000000000995e+00 9.991386326108215865e-01 9.999135172120749981e-01 9.999936602260706131e-01
8.640000000000000568e+00 9.991826333790738701e-01 9.999145465036788361e-01 9.999933710850409385e-01
8.660000000000000142e+00 9.992312887587055936e-01 9.999161959107114583e-01 9.999931393196156426e-01
8.679999999999999716e+00 9.992841841184014751e-01 9.999184356742453206e-01 9.999929651815421261e-01
8.700000000000001066e+00 9.993408111731122423e-01 9.999212325032774684e-01 9.999928474075566731e-01
8.720000000000000639e+00 9.994007249055276709e-01 9.999245498927414877e-01 9.999927853877984552e-01
8.740000000000000213e+00 9.994633944184837526e-01 9.999283484787485632e-01 9.999927770499493773e-01
8.759999999999999787e+00 9.995283581603370271e-01 9.999325863814625404e-01 9.999928210091877379e-01
8.779999999999999361e+00 9.995950763336285405e-01 9.999372195795819263e-01 9.999929144799994951e-01
8.800000000000000711e+00 9.996630843964992019e-01 9.999422022673841726e-01 9.999930554074004663e-01
8.820000000000000284e+00 9.997318469002876018e-01 9.999474872378489865e-01 9.999932404047243706e-01
8.839999999999999858e+00 9.998009092443815859e-01 9.999530262434122019e-01 9.999934668657601833e-01
8.859999999999999432e+00 9.998697528262272538e-01 9.999587703774944769e-01 9.999937309267867835e-01
8.880000000000000782e+00 9.999379450306679074e-01 9.999646704289874011e-01 9.999940295592214534e-01
8.900000000000000355e+00 1.000004995583020584e+00 9.999706772525359666e-01 9.999943585541678504e-01
8.919999999999999929e+00 1.000070504762788914e+00 9.999767421074682305e-01 9.999947145951536553e-01
8.939999999999999503e+00 1.000134020864042350e+00 9.999828170079644307e-01 9.999950932634864564e-01
8.960000000000000853e+00 1.000195186630778554e+00 9.999888550380112706e-01 9.999954910906708738e-01
8.980000000000000426e+00 1.000253597736779909e+00 9.999948106735390141e-01 9.999959035829214526e-01
9.000000000000000000e+00 1.000308947449279007e+00 1.000000640066000202e+00 9.999963272528907821e-01
9.019999999999999574e+00 1.000360886056183896e+00 1.000006301329637193e+00 9.999967576617733167e-01
9.040000000000000924e+00 1.000409163772795651e+00 1.000011754787425655e+00 9.999971914300402887e-01
9.060000000000000497e+00 1.000453491054972499e+00 1.000016963217821520e+00 9.999976242956711836e-01
9.080000000000000071e+00 1.000493679777376910e+00 1.000021892058032602e+00 9.999980531036829490e-01
9.099999999999999645e+00 1.000529504384895629e+00 1.000026509605855152e+00 9.999984738791493077e-01
9.120000000000000995e+00 1.000560841376520349e+00 1.000030787176522162e+00 9.999988837954170151e-01
9.140000000000000568e+00 1.000587531258789298e+00 1.000034699256537429e+00 9.999992792607144132e-01
9.160000000000000142e+00 1.000609516383582642e+00 1.000038223611662058e+00 9.999996578650671708e-01
9.179999999999999716e+00 1.000626703679891483e+00 1.000041341390972116e+00 1.000000016479447140e+00
9.200000000000001066e+00 1.000639100900233780e+00 1.000044037184852241e+00 1.000000353181533574e+00
9.220000000000000639e+00 1.000646680117685650e+00 1.000046299078801715e+00 1.000000665366510111e+00
9.240000000000000213e+00 1.000649512445949796e+00 1.000048118661591712e+00 1.000000951651951464e+00
9.259999999999999787e+00 1.000647632296644662e+00 1.000049491029604276e+00 1.000001209999539231e+00
9.279999999999999361e+00 1.000641170645012012e+00 1.000050414746532557e+00 1.000001439599493835e+00
9.300000000000000711e+00 1.000630220052143970e+00 1.000050891800230435e+00 1.000001639002634501e+00
9.320000000000000284e+00 1.000614966553224017e+00 1.000050927516490606e+00 1.000001807984913560e+00
9.339999999999999858e+00 1.000595555455345176e+00 1.000050530471478183e+00 1.000001945689404259e+00
9.359999999999999432e+00 1.000572221929987737e+00 1.000049712363167531e+00 1.000002052471619329e+00
9.380000000000000782e+00 1.000545157601193225e+00 1.000048487883428816e+00 1.000002128051154848e+00
9.400000000000000355e+00 1.000514639926681548e+00 1.000046874551630438e+00 1.000002173338600198e+00
9.419999999999999929e+00 1.000480899594978768e+00 1.000044892551301690e+00 1.000002188596696762e+00
9.439999999999999503e+00 1.000444248781494849e+00 1.000042564531198774e+00 1.000002175249752545e+00
9.460000000000000853e+00 1.000404949373260299e+00 1.000039915412183955e+00 1.000002134054296610e+00
9.480000000000000426e+00 1.000363340185425498e+00 1.000036972161687965e+00 1.000002066892003993e+00
9.500000000000000000e+00 1.000319706032793299e+00 1.000033763577004908e+00 1.000001974949926709e+00
9.519999999999999574e+00 1.000274403991113115e+00 1.000030320039561715e+00 1.000001860498010098e+00
9.540000000000000924e+00 1.000227733332825997e+00 1.000026673281216860e+00 1.000001725079066262e+00
9.560000000000000497e+00 1.000180060914452884e+00 1.000022856125056370e+00 1.000001571272018053e+00
9.580000000000000071e+00 1.000131691992557803e+00 1.000018902241512908e+00 1.000001400891843417e+00
9.599999999999999645e+00 1.000082994815727044e+00 1.000014845882547965e+00 1.000001216739720755e+00
9.620000000000000995e+00 1.000034272331981056e+00 1.000010721634461142e+00 1.000001020813213737e+00
9.640000000000000568e+00 9.999858860595707277e-01 1.000006564152297273e+00 1.000000816044508634e+00
9.660000000000000142e+00 9.999381286929455159e-01 1.000002407916108282e+00 1.000000604521130931e+00
9.679999999999999716e+00 9.998913473220437664e-01 9.999982869722378043e-01 1.000000389213458574e+00
9.700000000000001066e+00 9.998458169414613517e-01 9.999942346995265297e-01 1.000000172206261251e+00
9.720000000000000639e+00 9.998018630816771779e-01 9.999902835638209142e-01 9.999999564166500710e-01
9.740000000000000213e+00 9.997597362193091364e-01 9.999864649000060890e-01 9.999997438367078662e-01
9.759999999999999787e+00 9.997197338803773814e-01 9.999828086854400944e-01 9.999995372429895113e-01
9.779999999999999361e+00 9.996820759467094364e-01 9.999793433441822588e-01 9.999993384504807237e-01
9.800000000000000711e+00 9.996470262858433431e-01 9.999760955446181931e-01 9.999991500147050738e-01
9.820000000000000284e+00 9.996147689421276405e-01 9.999730900299871328e-01 9.999989734971748145e-01
9.839999999999999858e+00 9.995855293425878196e-01 9.999703494448430874e-01 9.999988111610796926e-01
9.859999999999999432e+00 9.995594513576222528e-01 9.999678941962356626e-01 9.999986642483321697e-01
9.880000000000000782e+00 9.995367181273716595e-01 9.999657423127203959e-01 9.999985346697206623e-01
9.900000000000000355e+00 9.995174299730607004e-01 9.999639093395336076e-01 9.999984232935628103e-01
9.919999999999999929e+00 9.995017248838126145e-01 9.999624082330326180e-01 9.999983316311018555e-01
9.939999999999999503e+00 9.994896572557783188e-01 9.999612492923092288e-01 9.999982601366839141e-01
9.960000000000000853e+00 9.994813180750868886e-01 9.999604400910370172e-01 9.999982098890654036e-01
9.980000000000000426e+00 9.994767144570436690e-01 9.999599854470448967e-01 9.999981809029242497e-01
1.000000000000000000e+01 9.994758895564767043e-01 9.999598873926154319e-01 9.999981738066283654e-01
