# atom H1 T=2.0 eV, r_i=1.00, Zbar (TFDW) =1.391 , solve_err=3.344e-09
#  r/r_i 				 βuii_eff(r/r_i)
2.000000000000000042e-02 4.788876975235301643e+02
4.000000000000000083e-02 2.344559984027149824e+02
5.999999999999999778e-02 1.529876755756611431e+02
8.000000000000000167e-02 1.122633468105434673e+02
1.000000000000000056e-01 8.783898608545700881e+01
1.199999999999999956e-01 7.156644540057631332e+01
1.400000000000000133e-01 5.995353624217865729e+01
1.600000000000000033e-01 5.125405418192071494e+01
1.799999999999999933e-01 4.449778968926511169e+01
2.000000000000000111e-01 3.910253401243060267e+01
2.200000000000000011e-01 3.469771911316689739e+01
2.399999999999999911e-01 3.103623810229362334e+01
2.600000000000000089e-01 2.794696413780232191e+01
2.800000000000000266e-01 2.530761839862962148e+01
2.999999999999999889e-01 2.302849080094607714e+01
3.200000000000000067e-01 2.104226531860574312e+01
3.400000000000000244e-01 1.929743621063597914e+01
3.599999999999999867e-01 1.775391867079507335e+01
3.800000000000000044e-01 1.638004541912310685e+01
4.000000000000000222e-01 1.515046415352016673e+01
4.199999999999999845e-01 1.404463557777076232e+01
4.400000000000000022e-01 1.304574091892128251e+01
4.600000000000000200e-01 1.213987431427276320e+01
4.799999999999999822e-01 1.131543698888106952e+01
5.000000000000000000e-01 1.056267673059113754e+01
5.200000000000000178e-01 9.873333552008006109e+00
5.400000000000000355e-01 9.240364017262850282e+00
5.600000000000000533e-01 8.657724574500262449e+00
5.799999999999999600e-01 8.120199658034927381e+00
5.999999999999999778e-01 7.623264119909592296e+00
6.199999999999999956e-01 7.162972244567929359e+00
6.400000000000000133e-01 6.735867536439198666e+00
6.600000000000000311e-01 6.338908878464878605e+00
6.800000000000000488e-01 5.969409694915936981e+00
7.000000000000000666e-01 5.624987521088220532e+00
7.199999999999999734e-01 5.303521959287468945e+00
7.399999999999999911e-01 5.003119437150521875e+00
7.600000000000000089e-01 4.722083517492861482e+00
7.800000000000000266e-01 4.458889765234496316e+00
8.000000000000000444e-01 4.212164375576981534e+00
8.200000000000000622e-01 3.980665922706198234e+00
8.399999999999999689e-01 3.763269710113809730e+00
8.599999999999999867e-01 3.558954300019415484e+00
8.800000000000000044e-01 3.366789876011222038e+00
9.000000000000000222e-01 3.185928154389077172e+00
9.200000000000000400e-01 3.015593609023854427e+00
9.400000000000000577e-01 2.855075814480670271e+00
9.599999999999999645e-01 2.703722744576423587e+00
9.799999999999999822e-01 2.560934890052899870e+00
1.000000000000000000e+00 2.426160080768100968e+00
1.020000000000000018e+00 2.298888915733443561e+00
1.040000000000000036e+00 2.178650719134010760e+00
1.060000000000000053e+00 2.065009952795633374e+00
1.080000000000000071e+00 1.957563025823553238e+00
1.100000000000000089e+00 1.855935450747171478e+00
1.120000000000000107e+00 1.759779302721557581e+00
1.140000000000000124e+00 1.668770944436517967e+00
1.159999999999999920e+00 1.582608984528476537e+00
1.179999999999999938e+00 1.501012441669300923e+00
1.199999999999999956e+00 1.423719090219698780e+00
1.219999999999999973e+00 1.350483966515608536e+00
1.239999999999999991e+00 1.281078017566320559e+00
1.260000000000000009e+00 1.215286876278812267e+00
1.280000000000000027e+00 1.152909749320685240e+00
1.300000000000000044e+00 1.093758405465646621e+00
1.320000000000000062e+00 1.037656253751453539e+00
1.340000000000000080e+00 9.844375020749572824e-01
1.360000000000000098e+00 9.339463879628386866e-01
1.380000000000000115e+00 8.860364742321463760e-01
1.400000000000000133e+00 8.405700030960069347e-01
1.419999999999999929e+00 7.974173030097915227e-01
1.439999999999999947e+00 7.564562431927545072e-01
1.459999999999999964e+00 7.175717313251739338e-01
1.479999999999999982e+00 6.806552504103748902e-01
1.500000000000000000e+00 6.456044312253339523e-01
1.520000000000000018e+00 6.123226571603928026e-01
1.540000000000000036e+00 5.807186985844386973e-01
1.560000000000000053e+00 5.507063741638991150e-01
1.580000000000000071e+00 5.222042368256700762e-01
1.600000000000000089e+00 4.951352822815113242e-01
1.620000000000000107e+00 4.694266782370493662e-01
1.640000000000000124e+00 4.450095125870102697e-01
1.660000000000000142e+00 4.218185590608024560e-01
1.679999999999999938e+00 3.997920589238226907e-01
1.699999999999999956e+00 3.788715174693058074e-01
1.719999999999999973e+00 3.590015141480968897e-01
1.739999999999999991e+00 3.401295252876926356e-01
1.760000000000000009e+00 3.222057584423072552e-01
1.780000000000000027e+00 3.051829974999595296e-01
1.800000000000000044e+00 2.890164577456034722e-01
1.820000000000000062e+00 2.736636501481656270e-01
1.840000000000000080e+00 2.590842541989212267e-01
1.860000000000000098e+00 2.452399986850751501e-01
1.880000000000000115e+00 2.320945498314701816e-01
1.900000000000000133e+00 2.196134062898916217e-01
1.919999999999999929e+00 2.077638004960671303e-01
1.939999999999999947e+00 1.965146059531416300e-01
1.959999999999999964e+00 1.858362500341554646e-01
1.979999999999999982e+00 1.757006319283450357e-01
2.000000000000000000e+00 1.660810453843143408e-01
2.020000000000000018e+00 1.569521059302472488e-01
2.040000000000000036e+00 1.482896822748403787e-01
2.060000000000000053e+00 1.400708316156606958e-01
2.080000000000000071e+00 1.322737386011875460e-01
2.100000000000000089e+00 1.248776577123852094e-01
2.120000000000000107e+00 1.178628588460472609e-01
2.140000000000000124e+00 1.112105758987967374e-01
2.160000000000000142e+00 1.049029581642945824e-01
2.180000000000000160e+00 9.892302437049800556e-02
2.200000000000000178e+00 9.325461919530096677e-02
2.220000000000000195e+00 8.788237211091766421e-02
2.240000000000000213e+00 8.279165841726929265e-02
2.260000000000000231e+00 7.796856233473235809e-02
2.280000000000000249e+00 7.339984203498062243e-02
2.300000000000000266e+00 6.907289649739806192e-02
2.319999999999999840e+00 6.497573408548443230e-02
2.339999999999999858e+00 6.109694274524279933e-02
2.359999999999999876e+00 5.742566173343577329e-02
2.379999999999999893e+00 5.395155478999848903e-02
2.399999999999999911e+00 5.066478467402406316e-02
2.419999999999999929e+00 4.755598898813465092e-02
2.439999999999999947e+00 4.461625722050395482e-02
2.459999999999999964e+00 4.183710893842901291e-02
2.479999999999999982e+00 3.921047307109782470e-02
2.500000000000000000e+00 3.672866822333922809e-02
2.520000000000000018e+00 3.438438396525053675e-02
2.540000000000000036e+00 3.217066304618069333e-02
2.560000000000000053e+00 3.008088448431092340e-02
2.580000000000000071e+00 2.810874748617640459e-02
2.600000000000000089e+00 2.624825615281192737e-02
2.620000000000000107e+00 2.449370493192239498e-02
2.640000000000000124e+00 2.283966477760171823e-02
2.660000000000000142e+00 2.128096998139537843e-02
2.680000000000000160e+00 1.981270564044202570e-02
2.700000000000000178e+00 1.843019573037170053e-02
2.720000000000000195e+00 1.712899175235278043e-02
2.740000000000000213e+00 1.590486192542848315e-02
2.760000000000000231e+00 1.475378089676083505e-02
2.780000000000000249e+00 1.367191994394283822e-02
2.800000000000000266e+00 1.265563764485549796e-02
2.819999999999999840e+00 1.170147099193420692e-02
2.839999999999999858e+00 1.080612692881912848e-02
2.859999999999999876e+00 9.966474288700762421e-03
2.879999999999999893e+00 9.179536114506416794e-03
2.899999999999999911e+00 8.442482342393807168e-03
2.919999999999999929e+00 7.752622830754342734e-03
2.939999999999999947e+00 7.107400717962616271e-03
2.959999999999999964e+00 6.504386092940604019e-03
2.979999999999999982e+00 5.941269963451601376e-03
3.000000000000000000e+00 5.415858507732075958e-03
3.020000000000000018e+00 4.926067595951909468e-03
3.040000000000000036e+00 4.469917568467775791e-03
3.060000000000000053e+00 4.045528258741592012e-03
3.080000000000000071e+00 3.651114249130651881e-03
3.100000000000000089e+00 3.284980348630790314e-03
3.120000000000000107e+00 2.945517281942314040e-03
3.140000000000000124e+00 2.631197579962597094e-03
3.160000000000000142e+00 2.340571662149863643e-03
3.180000000000000160e+00 2.072264101772204690e-03
3.200000000000000178e+00 1.824970065421993755e-03
3.220000000000000195e+00 1.597451918670585516e-03
3.240000000000000213e+00 1.388535990057457228e-03
3.260000000000000231e+00 1.197109486077245532e-03
3.280000000000000249e+00 1.022117550058096631e-03
3.300000000000000266e+00 8.625604583224055896e-04
3.320000000000000284e+00 7.174909471854924638e-04
3.339999999999999858e+00 5.860116647735611741e-04
3.359999999999999876e+00 4.672727418268684554e-04
3.379999999999999893e+00 3.604694760632657204e-04
3.399999999999999911e+00 2.648401247715992130e-04
3.419999999999999929e+00 1.796638006972077191e-04
3.439999999999999947e+00 1.042584664008772328e-04
3.459999999999999964e+00 3.797902263513616662e-05
3.479999999999999982e+00 -1.978451370900536312e-05
3.500000000000000000e+00 -6.960874607581754201e-05
3.520000000000000018e+00 -1.120385532061978786e-04
3.540000000000000036e+00 -1.475886662129382611e-04
3.560000000000000053e+00 -1.767451714637704714e-04
3.580000000000000071e+00 -1.999669425929391292e-04
3.600000000000000089e+00 -2.176870049691099942e-04
3.620000000000000107e+00 -2.303138356577497331e-04
3.640000000000000124e+00 -2.382326019126347573e-04
3.660000000000000142e+00 -2.418063409391680468e-04
3.680000000000000160e+00 -2.413770837383202091e-04
3.700000000000000178e+00 -2.372669254660068091e-04
3.720000000000000195e+00 -2.297790449063965234e-04
3.740000000000000213e+00 -2.191986752822009364e-04
3.760000000000000231e+00 -2.057940287297800857e-04
3.780000000000000249e+00 -1.898171765174483383e-04
3.800000000000000266e+00 -1.715048870641260688e-04
3.820000000000000284e+00 -1.510794237115441305e-04
3.839999999999999858e+00 -1.287493040880266471e-04
3.859999999999999876e+00 -1.047100228531110512e-04
3.879999999999999893e+00 -7.914473949987268695e-05
3.899999999999999911e+00 -5.222493283340456276e-05
3.919999999999999929e+00 -2.411102367129680209e-05
3.939999999999999947e+00 5.047032754834264073e-06
3.959999999999999964e+00 3.510918332456048691e-05
3.979999999999999982e+00 6.594474110034912948e-05
4.000000000000000000e+00 9.743187570035159750e-05
4.020000000000000462e+00 1.294571287258386677e-04
4.040000000000000036e+00 1.619149530721867181e-04
4.060000000000000497e+00 1.947072750610984008e-04
4.080000000000000071e+00 2.277430782569235697e-04
4.099999999999999645e+00 2.609380080193741199e-04
4.120000000000000107e+00 2.942139957641679363e-04
4.139999999999999680e+00 3.274989020771893280e-04
4.160000000000000142e+00 3.607261777119166496e-04
4.179999999999999716e+00 3.938345417241190922e-04
4.200000000000000178e+00 4.267676758505772059e-04
4.219999999999999751e+00 4.594739344260887078e-04
4.240000000000000213e+00 4.919060690783165967e-04
4.259999999999999787e+00 5.240209675150982443e-04
4.280000000000000249e+00 5.557794057066465067e-04
4.299999999999999822e+00 5.871458128725135124e-04
4.320000000000000284e+00 6.180880486185559401e-04
4.339999999999999858e+00 6.485771916752899055e-04
4.360000000000000320e+00 6.785873396622595002e-04
4.379999999999999893e+00 7.080954193693436705e-04
4.400000000000000355e+00 7.370810070325898959e-04
4.419999999999999929e+00 7.655261581375132724e-04
4.440000000000000391e+00 7.934152462733939362e-04
4.459999999999999964e+00 8.207348106189916830e-04
4.480000000000000426e+00 8.474734116204157668e-04
4.500000000000000000e+00 8.736214944843644688e-04
4.520000000000000462e+00 8.991712600897250806e-04
4.540000000000000036e+00 9.241165429632925993e-04
4.560000000000000497e+00 9.484526959566771812e-04
4.580000000000000071e+00 9.721764813263950250e-04
4.600000000000000533e+00 9.952859678677005318e-04
4.620000000000000107e+00 1.017780433824102757e-03
4.639999999999999680e+00 1.039660275261132657e-03
4.660000000000000142e+00 1.060926919667252088e-03
4.679999999999999716e+00 1.081582744483474421e-03
4.700000000000000178e+00 1.101631000352604282e-03
4.719999999999999751e+00 1.121075738806966149e-03
4.740000000000000213e+00 1.139921744201942162e-03
4.759999999999999787e+00 1.158174469668648036e-03
4.780000000000000249e+00 1.175839976881915558e-03
4.799999999999999822e+00 1.192924879448404446e-03
4.820000000000000284e+00 1.209436289724737839e-03
4.839999999999999858e+00 1.225381768898051778e-03
4.860000000000000320e+00 1.240769280148759299e-03
4.879999999999999893e+00 1.255607144739940466e-03
4.900000000000000355e+00 1.269904000884256078e-03
4.919999999999999929e+00 1.283668765223917830e-03
4.940000000000000391e+00 1.296910596820687565e-03
4.959999999999999964e+00 1.309638863479076773e-03
4.980000000000000426e+00 1.321863110320992520e-03
5.000000000000000000e+00 1.333593030455413036e-03
5.020000000000000462e+00 1.344838437652842028e-03
5.040000000000000036e+00 1.355609240893402255e-03
5.060000000000000497e+00 1.365915420723558737e-03
5.080000000000000071e+00 1.375767007276236867e-03
5.100000000000000533e+00 1.385174059897462291e-03
5.120000000000000107e+00 1.394146648268459283e-03
5.139999999999999680e+00 1.402694834959627816e-03
5.160000000000000142e+00 1.410828659313038665e-03
5.179999999999999716e+00 1.418558122595066579e-03
5.200000000000000178e+00 1.425893174340605663e-03
5.219999999999999751e+00 1.432843699812903207e-03
5.240000000000000213e+00 1.439419508529585570e-03
5.259999999999999787e+00 1.445630323776935433e-03
5.280000000000000249e+00 1.451485773064053499e-03
5.299999999999999822e+00 1.456995379457944008e-03
5.320000000000000284e+00 1.462168553742986161e-03
5.339999999999999858e+00 1.467014587366096291e-03
5.360000000000000320e+00 1.471542646096240473e-03
5.379999999999999893e+00 1.475761764382734972e-03
5.400000000000000355e+00 1.479680840343712729e-03
5.419999999999999929e+00 1.483308631365905109e-03
5.440000000000000391e+00 1.486653750256446268e-03
5.459999999999999964e+00 1.489724661932222138e-03
5.480000000000000426e+00 1.492529680584196673e-03
5.500000000000000000e+00 1.495076967314715004e-03
5.520000000000000462e+00 1.497374528193488180e-03
5.540000000000000036e+00 1.499430212720526470e-03
5.560000000000000497e+00 1.501251712648702307e-03
5.580000000000000071e+00 1.502846561153397794e-03
5.600000000000000533e+00 1.504222132326743250e-03
5.620000000000000107e+00 1.505385640968698834e-03
5.639999999999999680e+00 1.506344142644322742e-03
5.660000000000000142e+00 1.507104534001329045e-03
5.679999999999999716e+00 1.507673553317957597e-03
5.700000000000000178e+00 1.508057781268781804e-03
5.719999999999999751e+00 1.508263641882916749e-03
5.740000000000000213e+00 1.508297403688939071e-03
5.759999999999999787e+00 1.508165181019978200e-03
5.780000000000000249e+00 1.507872935477150549e-03
5.799999999999999822e+00 1.507426477524841796e-03
5.820000000000000284e+00 1.506831468206052196e-03
5.839999999999999858e+00 1.506093420978734960e-03
5.860000000000000320e+00 1.505217703653829965e-03
5.879999999999999893e+00 1.504209540414316003e-03
5.900000000000000355e+00 1.503074013921251815e-03
5.919999999999999929e+00 1.501816067486241640e-03
5.940000000000000391e+00 1.500440507311618515e-03
5.959999999999999964e+00 1.498952004776838440e-03
5.980000000000000426e+00 1.497355098777383318e-03
6.000000000000000000e+00 1.495654198097647568e-03
6.020000000000000462e+00 1.493853583819254507e-03
6.040000000000000036e+00 1.491957411752215358e-03
6.060000000000000497e+00 1.489969714889029977e-03
6.080000000000000071e+00 1.487894405871315745e-03
6.100000000000000533e+00 1.485735279468067141e-03
6.120000000000000107e+00 1.483496015048141716e-03
6.140000000000000568e+00 1.481180179075382904e-03
6.160000000000000142e+00 1.478791227574807656e-03
6.179999999999999716e+00 1.476332508612444600e-03
6.200000000000000178e+00 1.473807264747431381e-03
6.219999999999999751e+00 1.471218635490278287e-03
6.240000000000000213e+00 1.468569659722891198e-03
6.259999999999999787e+00 1.465863278115419775e-03
6.280000000000000249e+00 1.463102335511401626e-03
6.299999999999999822e+00 1.460289583298319833e-03
6.320000000000000284e+00 1.457427681741751664e-03
6.339999999999999858e+00 1.454519202301499592e-03
6.360000000000000320e+00 1.451566629913598550e-03
6.379999999999999893e+00 1.448572365241409133e-03
6.400000000000000355e+00 1.445538726894377707e-03
6.419999999999999929e+00 1.442467953615830193e-03
6.440000000000000391e+00 1.439362206437383267e-03
6.459999999999999964e+00 1.436223570794885242e-03
6.480000000000000426e+00 1.433054058614140897e-03
6.500000000000000000e+00 1.429855610351700012e-03
6.520000000000000462e+00 1.426630097003625964e-03
6.540000000000000036e+00 1.423379322084090091e-03
6.560000000000000497e+00 1.420105023543603764e-03
6.580000000000000071e+00 1.416808875681446929e-03
6.600000000000000533e+00 1.413492490989860231e-03
6.620000000000000107e+00 1.410157421982843624e-03
6.640000000000000568e+00 1.406805162972586285e-03
6.660000000000000142e+00 1.403437151814402846e-03
6.679999999999999716e+00 1.400054771605329079e-03
6.700000000000000178e+00 1.396659352352832423e-03
6.719999999999999751e+00 1.393252172603452570e-03
6.740000000000000213e+00 1.389834461033560235e-03
6.759999999999999787e+00 1.386407397999934532e-03
6.780000000000000249e+00 1.382972117060995553e-03
6.799999999999999822e+00 1.379529706450628897e-03
6.820000000000000284e+00 1.376081210523998110e-03
6.839999999999999858e+00 1.372627631163559313e-03
6.860000000000000320e+00 1.369169929150454651e-03
6.879999999999999893e+00 1.365709025502643073e-03
6.900000000000000355e+00 1.362245802779189253e-03
6.919999999999999929e+00 1.358781106339420003e-03
6.940000000000000391e+00 1.355315745587765955e-03
6.959999999999999964e+00 1.351850495163510598e-03
6.980000000000000426e+00 1.348386096121070767e-03
7.000000000000000000e+00 1.344923257056009330e-03
7.020000000000000462e+00 1.341462655221956632e-03
7.040000000000000036e+00 1.338004937592271676e-03
7.060000000000000497e+00 1.334550721918029582e-03
7.080000000000000071e+00 1.331100597731661034e-03
7.100000000000000533e+00 1.327655127338413753e-03
7.120000000000000107e+00 1.324214846772851697e-03
7.140000000000000568e+00 1.320780266729661492e-03
7.160000000000000142e+00 1.317351873465547312e-03
7.179999999999999716e+00 1.313930129672182326e-03
7.200000000000000178e+00 1.310515475326983013e-03
7.219999999999999751e+00 1.307108328520564019e-03
7.240000000000000213e+00 1.303709086249005668e-03
7.259999999999999787e+00 1.300318125190573796e-03
7.280000000000000249e+00 1.296935802463305802e-03
7.299999999999999822e+00 1.293562456343303477e-03
7.320000000000000284e+00 1.290198406973409179e-03
7.339999999999999858e+00 1.286843957045768127e-03
7.360000000000000320e+00 1.283499392459804033e-03
7.379999999999999893e+00 1.280164982968741210e-03
7.400000000000000355e+00 1.276840982794923791e-03
7.419999999999999929e+00 1.273527631232520023e-03
7.440000000000000391e+00 1.270225153225561406e-03
7.459999999999999964e+00 1.266933759929330218e-03
7.480000000000000426e+00 1.263653649253932950e-03
7.500000000000000000e+00 1.260385006389112914e-03
7.520000000000000462e+00 1.257128004310496339e-03
7.540000000000000036e+00 1.253882804273077391e-03
7.560000000000000497e+00 1.250649556284035490e-03
7.580000000000000071e+00 1.247428399560391579e-03
7.600000000000000533e+00 1.244219462970317866e-03
7.620000000000000107e+00 1.241022865463021606e-03
7.640000000000000568e+00 1.237838716479901886e-03
7.660000000000000142e+00 1.234667116351204552e-03
7.679999999999999716e+00 1.231508156684433088e-03
7.700000000000000178e+00 1.228361920733865315e-03
7.719999999999999751e+00 1.225228483759954485e-03
7.740000000000000213e+00 1.222107913374322627e-03
7.759999999999999787e+00 1.219000269866701066e-03
7.780000000000000249e+00 1.215905606535100337e-03
7.799999999999999822e+00 1.212823969989047226e-03
7.820000000000000284e+00 1.209755400453048834e-03
7.839999999999999858e+00 1.206699932048629345e-03
7.860000000000000320e+00 1.203657593077819832e-03
7.879999999999999893e+00 1.200628406286404068e-03
7.900000000000000355e+00 1.197612389122137966e-03
7.919999999999999929e+00 1.194609553979310897e-03
7.940000000000000391e+00 1.191619908440756746e-03
7.959999999999999964e+00 1.188643455505505354e-03
7.980000000000000426e+00 1.185680193809507442e-03
8.000000000000000000e+00 1.182730117835934913e-03
8.019999999999999574e+00 1.179793218125450805e-03
8.040000000000000924e+00 1.176869481466025560e-03
8.060000000000000497e+00 1.173958891085430823e-03
8.080000000000000071e+00 1.171061426831134823e-03
8.099999999999999645e+00 1.168177065343906779e-03
8.120000000000000995e+00 1.165305780226199564e-03
8.140000000000000568e+00 1.162447542207124731e-03
8.160000000000000142e+00 1.159602319291684483e-03
8.179999999999999716e+00 1.156770076913433845e-03
8.199999999999999289e+00 1.153950778071888977e-03
8.220000000000000639e+00 1.151144383473118489e-03
8.240000000000000213e+00 1.148350851656827765e-03
8.259999999999999787e+00 1.145570139128205536e-03
8.279999999999999361e+00 1.142802200470693485e-03
8.300000000000000711e+00 1.140046988469989048e-03
8.320000000000000284e+00 1.137304454218733161e-03
8.339999999999999858e+00 1.134574547226591254e-03
8.359999999999999432e+00 1.131857215520010044e-03
8.380000000000000782e+00 1.129152405741332696e-03
8.400000000000000355e+00 1.126460063238908602e-03
8.419999999999999929e+00 1.123780132159319734e-03
8.439999999999999503e+00 1.121112555531092762e-03
8.460000000000000853e+00 1.118457275348589850e-03
8.480000000000000426e+00 1.115814232649763515e-03
8.500000000000000000e+00 1.113183367587491706e-03
8.519999999999999574e+00 1.110564619502036341e-03
8.540000000000000924e+00 1.107957926994742812e-03
8.560000000000000497e+00 1.105363227984214672e-03
8.580000000000000071e+00 1.102780459774339080e-03
8.599999999999999645e+00 1.100209559111143881e-03
8.620000000000000995e+00 1.097650462243686615e-03
8.640000000000000568e+00 1.095103104972490601e-03
8.660000000000000142e+00 1.092567422705500177e-03
8.679999999999999716e+00 1.090043350501888322e-03
8.700000000000001066e+00 1.087530823124408441e-03
8.720000000000000639e+00 1.085029775076498584e-03
8.740000000000000213e+00 1.082540140651857673e-03
8.759999999999999787e+00 1.080061853969694220e-03
8.779999999999999361e+00 1.077594849017271712e-03
8.800000000000000711e+00 1.075139059681530463e-03
8.820000000000000284e+00 1.072694419785853986e-03
8.839999999999999858e+00 1.070260863124324795e-03
8.859999999999999432e+00 1.067838323490659597e-03
8.880000000000000782e+00 1.065426734707941147e-03
8.900000000000000355e+00 1.063026030656350407e-03
8.919999999999999929e+00 1.060636145298066981e-03
8.939999999999999503e+00 1.058257012707322772e-03
8.960000000000000853e+00 1.055888567085437255e-03
8.980000000000000426e+00 1.053530742792737479e-03
9.000000000000000000e+00 1.051183474361818077e-03
9.019999999999999574e+00 1.048846696522764141e-03
9.040000000000000924e+00 1.046520344217004512e-03
9.060000000000000497e+00 1.044204352618660582e-03
9.080000000000000071e+00 1.041898657149656392e-03
9.099999999999999645e+00 1.039603193498051404e-03
9.120000000000000995e+00 1.037317897625302486e-03
9.140000000000000568e+00 1.035042705787818070e-03
9.160000000000000142e+00 1.032777554542617686e-03
9.179999999999999716e+00 1.030522380763924809e-03
9.200000000000001066e+00 1.028277121653348386e-03
9.220000000000000639e+00 1.026041714749396060e-03
9.240000000000000213e+00 1.023816097935548002e-03
9.259999999999999787e+00 1.021600209453226793e-03
9.279999999999999361e+00 1.019393987904826902e-03
9.300000000000000711e+00 1.017197372266026665e-03
9.320000000000000284e+00 1.015010301888010684e-03
9.339999999999999858e+00 1.012832716509116764e-03
9.359999999999999432e+00 1.010664556255550179e-03
9.380000000000000782e+00 1.008505761650377785e-03
9.400000000000000355e+00 1.006356273617987776e-03
9.419999999999999929e+00 1.004216033486305575e-03
9.439999999999999503e+00 1.002084982989621433e-03
9.460000000000000853e+00 9.999630642738427388e-04
9.480000000000000426e+00 9.978502198995915871e-04
9.500000000000000000e+00 9.957463928443606015e-04
9.519999999999999574e+00 9.936515265047891118e-04
9.540000000000000924e+00 9.915655646967249520e-04
9.560000000000000497e+00 9.894884516581646007e-04
9.580000000000000071e+00 9.874201320511960707e-04
9.599999999999999645e+00 9.853605509599155064e-04
9.620000000000000995e+00 9.833096538954032382e-04
9.640000000000000568e+00 9.812673867914155964e-04
9.660000000000000142e+00 9.792336960072647693e-04
9.679999999999999716e+00 9.772085283245230455e-04
9.700000000000001066e+00 9.751918309495936736e-04
9.720000000000000639e+00 9.731835515081437016e-04
9.740000000000000213e+00 9.711836380518327518e-04
9.759999999999999787e+00 9.691920390462734980e-04
9.779999999999999361e+00 9.672087033787277665e-04
9.800000000000000711e+00 9.652335803500916795e-04
9.820000000000000284e+00 9.632666196796033694e-04
9.839999999999999858e+00 9.613077714958668694e-04
9.859999999999999432e+00 9.593569863414431673e-04
9.880000000000000782e+00 9.574142151630375252e-04
9.900000000000000355e+00 9.554794093140493065e-04
9.919999999999999929e+00 9.535525205483467038e-04
9.939999999999999503e+00 9.516335010207846619e-04
9.960000000000000853e+00 9.497223032816330549e-04
9.980000000000000426e+00 9.478188802747700798e-04
1.000000000000000000e+01 9.459231853313099670e-04
