# atom H32 T=0.1 eV, r_i=0.98, Zbar (TFDW) =0.305 , solve_err=3.340e-05
#  r/r_i 				 gii(r/r_i) 				 gie(r/r_i) 				 gee(r/r_i)
1.000000000000000021e-02 0.000000000000000000e+00 7.538678583262634625e-01 3.915172463950884474e-01
2.000000000000000042e-02 0.000000000000000000e+00 7.538851879892759511e-01 3.934023587303308034e-01
2.999999999999999889e-02 0.000000000000000000e+00 7.539140877491588011e-01 3.953822764759093999e-01
4.000000000000000083e-02 0.000000000000000000e+00 7.539545830116335390e-01 3.974400971571125929e-01
5.000000000000000278e-02 0.000000000000000000e+00 7.540067093244434693e-01 3.995826308762712165e-01
5.999999999999999778e-02 0.000000000000000000e+00 7.540705122227631119e-01 4.018071041033823843e-01
7.000000000000000666e-02 0.000000000000000000e+00 7.541460472194774223e-01 4.041168232346350475e-01
8.000000000000000167e-02 0.000000000000000000e+00 7.542333796055824546e-01 4.065110039896335792e-01
8.999999999999999667e-02 0.000000000000000000e+00 7.543325843932533470e-01 4.089917716530835357e-01
1.000000000000000056e-01 0.000000000000000000e+00 7.544437460656511218e-01 4.115589381222950482e-01
1.100000000000000006e-01 0.000000000000000000e+00 7.545669584663582397e-01 4.142140298360450501e-01
1.199999999999999956e-01 0.000000000000000000e+00 7.547023244910311401e-01 4.169570576260220873e-01
1.300000000000000044e-01 0.000000000000000000e+00 7.548499559146750748e-01 4.197891594380103175e-01
1.400000000000000133e-01 0.000000000000000000e+00 7.550099730154393729e-01 4.227103839533286056e-01
1.499999999999999944e-01 0.000000000000000000e+00 7.551825043292816897e-01 4.257215722379797951e-01
1.600000000000000033e-01 0.000000000000000000e+00 7.553676861945510801e-01 4.288227301746933007e-01
1.700000000000000122e-01 0.000000000000000000e+00 7.555656624221546158e-01 4.320144459252328595e-01
1.799999999999999933e-01 0.000000000000000000e+00 7.557765837484229365e-01 4.352966355823690847e-01
1.900000000000000022e-01 0.000000000000000000e+00 7.560006074081623284e-01 4.386696562014977818e-01
2.000000000000000111e-01 0.000000000000000000e+00 7.562378964831294459e-01 4.421333032733264501e-01
2.099999999999999922e-01 0.000000000000000000e+00 7.564886193659670077e-01 4.456877131297174444e-01
2.200000000000000011e-01 0.000000000000000000e+00 7.567529489931230646e-01 4.493325385168865926e-01
2.300000000000000100e-01 0.000000000000000000e+00 7.570310621902134329e-01 4.530676991768085582e-01
2.399999999999999911e-01 0.000000000000000000e+00 7.573231387820498206e-01 4.568926881062960188e-01
2.500000000000000000e-01 0.000000000000000000e+00 7.576293608152754322e-01 4.608072091025894323e-01
2.600000000000000089e-01 0.000000000000000000e+00 7.579499115449919167e-01 4.648105817982558507e-01
2.700000000000000178e-01 0.000000000000000000e+00 7.582849745390227714e-01 4.689022928303068216e-01
2.800000000000000266e-01 0.000000000000000000e+00 7.586347325509292805e-01 4.730814773712268551e-01
2.899999999999999800e-01 0.000000000000000000e+00 7.589993665223818686e-01 4.773474028751962805e-01
2.999999999999999889e-01 0.000000000000000000e+00 7.593790543661846915e-01 4.816990110679837400e-01
3.099999999999999978e-01 0.000000000000000000e+00 7.597739698986001322e-01 4.861353481341866845e-01
3.200000000000000067e-01 0.000000000000000000e+00 7.601842815725796676e-01 4.906551553206552896e-01
3.300000000000000155e-01 0.000000000000000000e+00 7.606101513892835619e-01 4.952572559550179054e-01
3.400000000000000244e-01 0.000000000000000000e+00 7.610517336393372023e-01 4.999401857170779895e-01
3.500000000000000333e-01 0.000000000000000000e+00 7.615091738600268112e-01 5.047025444407747807e-01
3.599999999999999867e-01 0.000000000000000000e+00 7.619826076583871011e-01 5.095426591649249159e-01
3.699999999999999956e-01 0.000000000000000000e+00 7.624721597944889018e-01 5.144589069173376439e-01
3.800000000000000044e-01 0.000000000000000000e+00 7.629779431711061211e-01 5.194494051468209195e-01
3.900000000000000133e-01 0.000000000000000000e+00 7.635000581306158329e-01 5.245123103998658998e-01
4.000000000000000222e-01 0.000000000000000000e+00 7.640385916982138648e-01 5.296455318357277120e-01
4.100000000000000311e-01 0.000000000000000000e+00 7.645936171767443446e-01 5.348470097414352864e-01
4.199999999999999845e-01 0.000000000000000000e+00 7.651651937210638410e-01 5.401144486559072977e-01
4.299999999999999933e-01 0.000000000000000000e+00 7.657533662995122947e-01 5.454455789344669903e-01
4.400000000000000022e-01 0.000000000000000000e+00 7.663581656547547860e-01 5.508379066335765684e-01
4.500000000000000111e-01 0.000000000000000000e+00 7.669796086725136908e-01 5.562889607683596527e-01
4.600000000000000200e-01 0.000000000000000000e+00 7.676176987501723836e-01 5.617960575897484876e-01
4.700000000000000289e-01 0.000000000000000000e+00 7.682724265754556914e-01 5.673565357344143578e-01
4.799999999999999822e-01 0.000000000000000000e+00 7.689437708817250527e-01 5.729675328983138138e-01
4.899999999999999911e-01 0.000000000000000000e+00 7.696316995971438368e-01 5.786262107276830546e-01
5.000000000000000000e-01 0.000000000000000000e+00 7.703361709198531804e-01 5.843295421839135306e-01
5.100000000000000089e-01 0.000000000000000000e+00 7.710571347615466919e-01 5.900745277453122162e-01
5.200000000000000178e-01 0.000000000000000000e+00 7.717945340249410258e-01 5.958579919869392283e-01
5.300000000000000266e-01 0.000000000000000000e+00 1.089511797349833611e+00 6.016767924395214351e-01
5.400000000000000355e-01 0.000000000000000000e+00 1.086610509409474901e+00 6.075276240872843347e-01
5.500000000000000444e-01 0.000000000000000000e+00 1.083802648262210955e+00 6.134072220497381878e-01
5.600000000000000533e-01 0.000000000000000000e+00 1.081086130538320367e+00 6.193121728388474301e-01
5.700000000000000622e-01 0.000000000000000000e+00 1.078458932712271556e+00 6.252391118806001069e-01
5.799999999999999600e-01 0.000000000000000000e+00 1.075919090736741524e+00 6.311845404752418620e-01
5.899999999999999689e-01 0.000000000000000000e+00 1.073464699916428566e+00 6.371450190504258648e-01
5.999999999999999778e-01 0.000000000000000000e+00 1.071093914252169155e+00 6.431169888390575462e-01
6.099999999999999867e-01 0.000000000000000000e+00 1.068804945947354090e+00 6.490969616499600026e-01
6.199999999999999956e-01 0.000000000000000000e+00 1.066596064374955466e+00 6.550813453226854710e-01
6.300000000000000044e-01 0.000000000000000000e+00 1.064465595189158620e+00 6.610666307149793974e-01
6.400000000000000133e-01 0.000000000000000000e+00 1.062411918899860641e+00 6.670492200200400790e-01
6.500000000000000222e-01 0.000000000000000000e+00 1.060433469607537260e+00 6.730256116060945315e-01
6.600000000000000311e-01 0.000000000000000000e+00 1.058528733221350659e+00 6.789922302967914547e-01
6.700000000000000400e-01 0.000000000000000000e+00 1.056696245876698859e+00 6.849456106615315898e-01
6.800000000000000488e-01 0.000000000000000000e+00 1.054934591870184679e+00 6.908822283695914557e-01
6.900000000000000577e-01 0.000000000000000000e+00 1.053242401847377385e+00 6.967986825234930848e-01
7.000000000000000666e-01 0.000000000000000000e+00 1.051618350548709779e+00 7.026915272033567028e-01
7.099999999999999645e-01 0.000000000000000000e+00 1.050061154867330870e+00 7.085574534595371343e-01
7.199999999999999734e-01 0.000000000000000000e+00 1.048569571504999853e+00 7.143931201618751725e-01
7.299999999999999822e-01 0.000000000000000000e+00 1.047142394997796044e+00 7.201953363196287317e-01
7.399999999999999911e-01 0.000000000000000000e+00 1.045778455373009397e+00 7.259608903332402940e-01
7.500000000000000000e-01 0.000000000000000000e+00 1.044476616227493437e+00 7.316867333866312606e-01
7.600000000000000089e-01 0.000000000000000000e+00 1.043235772459738309e+00 7.373698061575186813e-01
7.700000000000000178e-01 0.000000000000000000e+00 1.042054848466277051e+00 7.430072241294075619e-01
7.800000000000000266e-01 0.000000000000000000e+00 1.040932796002118188e+00 7.485961007406024548e-01
7.900000000000000355e-01 0.000000000000000000e+00 1.039868592539227032e+00 7.541337355954927935e-01
8.000000000000000444e-01 0.000000000000000000e+00 1.038861239287222293e+00 7.596174329118339230e-01
8.100000000000000533e-01 0.000000000000000000e+00 1.037909759737857263e+00 7.650446937840574835e-01
8.200000000000000622e-01 0.000000000000000000e+00 1.037013197859053104e+00 7.704130286101589231e-01
8.300000000000000711e-01 0.000000000000000000e+00 1.036170616832553959e+00 7.757201547921100948e-01
8.399999999999999689e-01 0.000000000000000000e+00 1.035381097419198815e+00 7.809638015684526868e-01
8.499999999999999778e-01 0.000000000000000000e+00 1.034643736883611664e+00 7.861419148567179160e-01
8.599999999999999867e-01 0.000000000000000000e+00 1.033957647515322931e+00 7.912524525541382303e-01
8.699999999999999956e-01 0.000000000000000000e+00 1.033321955719407992e+00 7.962935986781234377e-01
8.800000000000000044e-01 0.000000000000000000e+00 1.032735800655051106e+00 8.012635466724739031e-01
8.900000000000000133e-01 0.000000000000000000e+00 1.032198333430218051e+00 8.061607256554497170e-01
9.000000000000000222e-01 0.000000000000000000e+00 1.031708715739132254e+00 8.109835684911101961e-01
9.100000000000000311e-01 0.000000000000000000e+00 1.031266118945919352e+00 8.157307539325171497e-01
9.200000000000000400e-01 0.000000000000000000e+00 1.030869722317436565e+00 8.204009550230828562e-01
9.300000000000000488e-01 0.000000000000000000e+00 1.030518711280955069e+00 8.249931024491531373e-01
9.400000000000000577e-01 0.000000000000000000e+00 1.030212274016347962e+00 8.295061069115111652e-01
9.500000000000000666e-01 0.000000000000000000e+00 1.029949596873440232e+00 8.339391515204757077e-01
9.599999999999999645e-01 0.000000000000000000e+00 1.029729856181180292e+00 8.382913784767558329e-01
9.699999999999999734e-01 0.000000000000000000e+00 1.029552206213100840e+00 8.425622228166249617e-01
9.799999999999999822e-01 0.000000000000000000e+00 1.029415759804733543e+00 8.467510475788697644e-01
9.899999999999999911e-01 0.000000000000000000e+00 1.029319560554448731e+00 8.508575400094320340e-01
1.000000000000000000e+00 0.000000000000000000e+00 1.029262542202139308e+00 8.548812664034247666e-01
1.010000000000000009e+00 0.000000000000000000e+00 1.029243474014753135e+00 8.588221720038050622e-01
1.020000000000000018e+00 0.000000000000000000e+00 1.029260888151435793e+00 8.626799936374744959e-01
1.030000000000000027e+00 0.000000000000000000e+00 1.029312989755042151e+00 8.664549636356222440e-01
1.040000000000000036e+00 0.000000000000000000e+00 1.029397548583393940e+00 8.701468988151479511e-01
1.050000000000000044e+00 0.000000000000000000e+00 1.029511777641691550e+00 8.737565116386746267e-01
1.060000000000000053e+00 0.000000000000000000e+00 1.029652202916925496e+00 8.772820382452323207e-01
1.070000000000000062e+00 0.000000000000000000e+00 1.029814536098575095e+00 8.807218428209643291e-01
1.080000000000000071e+00 0.000000000000000000e+00 1.029993559863190633e+00 8.840768949399614440e-01
1.090000000000000080e+00 0.000000000000000000e+00 1.030183042402817328e+00 8.873475096728241640e-01
1.100000000000000089e+00 0.000000000000000000e+00 1.030375692550977940e+00 8.905345463860580013e-01
1.110000000000000098e+00 0.000000000000000000e+00 1.030563171433045433e+00 8.936386085730166906e-01
1.120000000000000107e+00 0.000000000000000000e+00 1.030736167086311328e+00 8.966606345776858555e-01
1.130000000000000115e+00 0.000000000000000000e+00 1.030884540117791515e+00 8.996014208965485981e-01
1.140000000000000124e+00 0.000000000000000000e+00 1.030997535881293059e+00 9.024620080205409955e-01
1.150000000000000133e+00 0.000000000000000000e+00 1.031064058927166016e+00 9.052433458386239806e-01
1.159999999999999920e+00 0.000000000000000000e+00 1.031072992849049186e+00 9.079465748232977695e-01
1.169999999999999929e+00 0.000000000000000000e+00 1.031013550239863408e+00 9.105727717647519315e-01
1.179999999999999938e+00 0.000000000000000000e+00 1.030875628231377350e+00 9.131231674180338986e-01
1.189999999999999947e+00 0.000000000000000000e+00 1.030650149888032496e+00 9.155989438774841949e-01
1.199999999999999956e+00 0.000000000000000000e+00 1.030329367776607441e+00 9.180014096729365303e-01
1.209999999999999964e+00 0.000000000000000000e+00 1.029907113845348388e+00 9.203318330908329958e-01
1.219999999999999973e+00 0.000000000000000000e+00 1.029378980637366547e+00 9.225915869014449378e-01
1.229999999999999982e+00 1.110223024625156540e-16 1.028742427552951977e+00 9.247820081052590124e-01
1.239999999999999991e+00 7.771561172376095783e-16 1.027996809497536912e+00 9.269045199955527892e-01
1.250000000000000000e+00 4.996003610813204432e-15 1.027143332059386349e+00 9.289605121207028526e-01
1.260000000000000009e+00 3.097522238704186748e-14 1.026184941402097373e+00 9.309514448637711270e-01
1.270000000000000018e+00 1.790789738720377500e-13 1.025126160055629176e+00 9.328787453485126724e-01
1.280000000000000027e+00 9.618972285352356266e-13 1.023972882892745018e+00 9.347438981858747775e-01
1.290000000000000036e+00 4.818478949175641901e-12 1.022732146368797945e+00 9.365483542596484412e-01
1.300000000000000044e+00 2.256461684169153159e-11 1.021411886145863646e+00 9.382936103048176157e-01
1.310000000000000053e+00 9.901202080442317310e-11 1.020020693695181890e+00 9.399811283009006369e-01
1.320000000000000062e+00 4.080310533893793945e-10 1.018567584119069558e+00 9.416124058843050593e-01
1.330000000000000071e+00 1.582525999133110872e-09 1.017061781031540102e+00 9.431889046179202651e-01
1.340000000000000080e+00 5.788752699409371871e-09 1.015512526384538150e+00 9.447121127769235738e-01
1.350000000000000089e+00 2.000936516477480609e-08 1.013928916163500560e+00 9.461834811443446958e-01
1.360000000000000098e+00 6.548586495291885967e-08 1.012319765812517369e+00 9.476044793767650631e-01
1.370000000000000107e+00 2.032830601628177192e-07 1.010693502567028057e+00 9.489765382518878800e-01
1.380000000000000115e+00 5.996250636020050706e-07 1.009058085769986235e+00 9.503011005747442619e-01
1.390000000000000124e+00 1.683440981392614333e-06 1.007420950204065635e+00 9.515795690083977965e-01
1.400000000000000133e+00 4.505894573347823950e-06 1.005788972105897905e+00 9.528133522958611712e-01
1.409999999999999920e+00 1.151569845281308346e-05 1.004168452155802305e+00 9.540038179604692914e-01
1.419999999999999929e+00 2.814471805256957282e-05 1.002565114762082876e+00 9.551523344762997692e-01
1.429999999999999938e+00 6.587397046708964865e-05 1.000984118140900714e+00 9.562602282446656110e-01
1.439999999999999947e+00 1.478644374754978230e-04 9.994300747900023429e-01 9.573288222347368093e-01
1.449999999999999956e+00 3.187252933227746610e-04 9.979070775488947387e-01 9.583593967366864641e-01
1.459999999999999964e+00 6.606199163204928837e-04 9.964187313764317766e-01 9.593532249064127271e-01
1.469999999999999973e+00 1.318259745703764807e-03 9.949681868725958056e-01 9.603115368708364796e-01
1.479999999999999982e+00 2.535746697325258481e-03 9.935581762198102407e-01 9.612355525405416046e-01
1.489999999999999991e+00 4.707222594140358929e-03 9.921910483484196464e-01 9.621264487034367763e-01
1.500000000000000000e+00 8.442783390112174047e-03 9.908688044381460669e-01 9.629853894128925784e-01
1.510000000000000009e+00 1.464663951504896477e-02 9.895931311954846432e-01 9.638134957561453886e-01
1.520000000000000018e+00 2.460372988808312567e-02 9.883654333125423408e-01 9.646118740805099678e-01
1.530000000000000027e+00 4.006073203827087426e-02 9.871868630244466924e-01 9.653815881654724818e-01
1.540000000000000036e+00 6.329160534194078203e-02 9.860583483333176247e-01 9.661236855140682422e-01
1.550000000000000044e+00 9.711931503629855911e-02 9.849806181543936390e-01 9.668391716948830927e-01
1.560000000000000053e+00 1.448873461104617233e-01 9.839542260137451590e-01 9.675290348982983346e-01
1.570000000000000062e+00 2.103417353285604863e-01 9.829795707842029495e-01 9.681942222479245075e-01
1.580000000000000071e+00 2.974442506831594946e-01 9.820569160820018517e-01 9.688356628002791071e-01
1.590000000000000080e+00 4.100721293089273356e-01 9.811864069640754416e-01 9.694542456543799869e-01
1.600000000000000089e+00 5.516823005749513786e-01 9.803680854961015489e-01 9.700508415556331476e-01
1.610000000000000098e+00 7.248836979131448865e-01 9.796019039463559341e-01 9.706262826556587564e-01
1.620000000000000107e+00 9.310745930132156012e-01 9.788877371054475196e-01 9.711813828629026757e-01
1.630000000000000115e+00 1.170045223945777702e+00 9.782253925450938858e-01 9.717169191197420064e-01
1.640000000000000124e+00 1.439785370374711437e+00 9.776146202440718636e-01 9.722336506201529893e-01
1.650000000000000133e+00 1.736301618478634623e+00 9.770551204453649108e-01 9.727323014762733200e-01
1.660000000000000142e+00 2.053759457405255784e+00 9.765465510964838058e-01 9.732135788962579248e-01
1.669999999999999929e+00 2.384610633646867317e+00 9.760885337740922152e-01 9.736781571092468779e-01
1.679999999999999938e+00 2.720095295044777206e+00 9.756806593743104772e-01 9.741266945668349830e-01
1.689999999999999947e+00 3.050616503914971300e+00 9.753224924991635847e-01 9.745598189887312301e-01
1.699999999999999956e+00 3.366465014532911582e+00 9.750135757574601714e-01 9.749781436246133248e-01
1.709999999999999964e+00 3.658249758755091730e+00 9.747534329349970550e-01 9.753822532794430566e-01
1.719999999999999973e+00 3.917619839010100691e+00 9.745415721974771683e-01 9.757727196549853543e-01
1.729999999999999982e+00 4.137537821957872453e+00 9.743774883020643873e-01 9.761500882193983042e-01
1.739999999999999991e+00 4.312803323234054353e+00 9.742606649341460923e-01 9.765148926429718657e-01
1.750000000000000000e+00 4.440040820392599841e+00 9.741905761635988314e-01 9.768676423931784703e-01
1.760000000000000009e+00 4.517941938741695473e+00 9.741666880979186205e-01 9.772088362865539724e-01
1.770000000000000018e+00 4.546968423546898563e+00 9.741884597425422010e-01 9.775389507153734447e-01
1.780000000000000027e+00 4.529351591906024765e+00 9.742553441135073378e-01 9.778584523525308825e-01
1.790000000000000036e+00 4.468611469956721649e+00 9.743667886265535705e-01 9.781677869439572293e-01
1.800000000000000044e+00 4.369423040980842110e+00 9.745222357819863790e-01 9.784673912196465428e-01
1.810000000000000053e+00 4.237087039118291543e+00 9.747211231808654563e-01 9.787576822110143349e-01
1.820000000000000062e+00 4.077378595873708100e+00 9.749628838719057722e-01 9.790390684335352756e-01
1.830000000000000071e+00 3.896080571002036752e+00 9.752469460736773454e-01 9.793119397064308229e-01
1.840000000000000080e+00 3.698892081841751889e+00 9.755727332570325316e-01 9.795766776778845886e-01
1.850000000000000089e+00 3.491082590385164330e+00 9.759396636387548396e-01 9.798336461344575588e-01
1.860000000000000098e+00 3.277487925211603592e+00 9.763471500620805044e-01 9.800832009384010668e-01
1.870000000000000107e+00 3.062293054966470418e+00 9.767945993186354370e-01 9.803256808171091352e-01
1.880000000000000115e+00 2.849105029273685030e+00 9.772814118831564256e-01 9.805614167754010957e-01
1.890000000000000124e+00 2.640840698258454022e+00 9.778069811158299762e-01 9.807907233534793878e-01
1.900000000000000133e+00 2.439847662523658478e+00 9.783706929040831834e-01 9.810139075676590492e-01
1.910000000000000142e+00 2.247861901870697121e+00 9.789719247947826775e-01 9.812312606212302279e-01
1.919999999999999929e+00 2.066146159944719951e+00 9.796100455928360429e-01 9.814430664171864827e-01
1.929999999999999938e+00 1.895485232935028019e+00 9.802844144660809445e-01 9.816495937020666140e-01
1.939999999999999947e+00 1.736318714984888656e+00 9.809943805355253454e-01 9.818511041852913124e-01
1.949999999999999956e+00 1.588750774156455270e+00 9.817392819622228206e-01 9.820478450926591885e-01
1.959999999999999964e+00 1.452664120671628645e+00 9.825184454952420321e-01 9.822400569196819697e-01
1.969999999999999973e+00 1.327730781014537564e+00 9.833311854166814081e-01 9.824279663694034381e-01
1.979999999999999982e+00 1.213502558799318232e+00 9.841768027736661484e-01 9.826117937617658837e-01
1.989999999999999991e+00 1.109416810041625512e+00 9.850545836498275643e-01 9.827917463297968226e-01
2.000000000000000000e+00 1.014864157826822266e+00 9.859637971584743754e-01 9.829680253033249437e-01
2.010000000000000231e+00 9.291879376776940314e-01 9.869036915371324215e-01 9.831408195380676451e-01
2.020000000000000018e+00 8.517326860464327076e-01 9.878734886244897595e-01 9.833103122895836545e-01
2.030000000000000249e+00 7.818382455510163309e-01 9.888723745226027928e-01 9.834766751510465310e-01
2.040000000000000036e+00 7.188733752256359910e-01 9.898994862174040898e-01 9.836400745317879224e-01
2.049999999999999822e+00 6.622262845985322777e-01 9.909538913987786524e-01 9.838006658812465943e-01
2.060000000000000053e+00 6.113274458396821265e-01 9.920345610386355206e-01 9.839585998855036042e-01
2.069999999999999840e+00 5.656382769447579895e-01 9.931403319828479015e-01 9.841140169567871299e-01
2.080000000000000071e+00 5.246664978350883413e-01 9.942698598842406588e-01 9.842670531607934370e-01
2.089999999999999858e+00 4.879542962596414846e-01 9.954215610079053533e-01 9.844178349530373628e-01
2.100000000000000089e+00 4.550887389931523863e-01 9.965935455198228210e-01 9.845664848493148602e-01
2.109999999999999876e+00 4.256903058342370594e-01 9.977835434962982752e-01 9.847131163920124219e-01
2.120000000000000107e+00 3.994201304100170047e-01 9.989888297054416721e-01 9.848578395756972803e-01
2.129999999999999893e+00 3.759694045940331630e-01 1.000206151555358192e+00 9.850007560281686114e-01
2.140000000000000124e+00 3.550646446014621427e-01 1.001431669259316593e+00 9.851419642028070855e-01
2.149999999999999911e+00 3.364581878237010715e-01 1.002660914224620115e+00 9.852815547606416091e-01
2.160000000000000142e+00 3.199322595151750104e-01 1.003888775124826660e+00 9.854196155407093372e-01
2.169999999999999929e+00 3.052906013656959683e-01 1.005109515919640373e+00 9.855562271307236610e-01
2.180000000000000160e+00 2.923618251310651228e-01 1.006316831916700849e+00 9.856914676262792385e-01
2.189999999999999947e+00 2.809921058572277808e-01 1.007503942926552876e+00 9.858254083788412503e-01
2.200000000000000178e+00 2.710481191791047628e-01 1.008663723406655333e+00 9.859581185541780313e-01
2.209999999999999964e+00 2.624106789242048876e-01 1.009788862035412960e+00 9.860896610473621759e-01
2.220000000000000195e+00 2.549774344325657083e-01 1.010872044354676591e+00 9.862200968503245235e-01
2.229999999999999982e+00 2.486573128181375214e-01 1.011906146073057844e+00 9.863494811243899152e-01
2.240000000000000213e+00 2.433730789470085476e-01 1.012884427295414724e+00 9.864778673863286995e-01
2.250000000000000000e+00 2.390564426256613917e-01 1.013800714502144817e+00 9.866053037296560468e-01
2.260000000000000231e+00 2.356505399960171498e-01 1.014649561395039479e+00 9.867318368380333382e-01
2.270000000000000018e+00 2.331055757734219469e-01 1.015426378917771100e+00 9.868575083471705645e-01
2.280000000000000249e+00 2.313812593805890661e-01 1.016127529772736349e+00 9.869823586939097115e-01
2.290000000000000036e+00 2.304428661771180664e-01 1.016750383663278523e+00 9.871064236111137813e-01
2.300000000000000266e+00 2.302636473784429594e-01 1.017293333864158322e+00 9.872297378202787854e-01
2.310000000000000053e+00 2.308212086547902775e-01 1.017755777172285603e+00 9.873523316523012960e-01
2.319999999999999840e+00 2.320999050671297415e-01 1.018138061943839823e+00 9.874742345910341168e-01
2.330000000000000071e+00 2.340874487083299815e-01 1.018441410106913247e+00 9.875954720133344189e-01
2.339999999999999858e+00 2.367772958219130919e-01 1.018667819597879998e+00 9.877160685906242188e-01
2.350000000000000089e+00 2.401654066996639081e-01 1.018819954369506009e+00 9.878360451421495103e-01
2.359999999999999876e+00 2.442526303317784642e-01 1.018901027879455023e+00 9.879554219013522154e-01
2.370000000000000107e+00 2.490415496391242822e-01 1.018914686405889558e+00 9.880742154768338281e-01
2.379999999999999893e+00 2.545388686443069703e-01 1.018864896150392330e+00 9.881924419901756407e-01
2.390000000000000124e+00 2.607522846232950275e-01 1.018755838624435528e+00 9.883101141396976042e-01
2.399999999999999911e+00 2.676928836705003700e-01 1.018591815947383683e+00 9.884272442162678196e-01
2.410000000000000142e+00 2.753719891622523619e-01 1.018377168581433789e+00 9.885438412655426221e-01
2.419999999999999929e+00 2.838035736946769028e-01 1.018116205156359921e+00 9.886599139882478182e-01
2.430000000000000160e+00 2.930010409324621534e-01 1.017813145376356809e+00 9.887754679971487715e-01
2.439999999999999947e+00 3.029796654542276091e-01 1.017472074371411406e+00 9.888905086082112605e-01
2.450000000000000178e+00 3.137532732593688589e-01 1.017096908565253699e+00 9.890050381890388431e-01
2.459999999999999964e+00 3.253367261576765035e-01 1.016691370815760775e+00 9.891190588471919787e-01
2.470000000000000195e+00 3.377424753058756446e-01 1.016258974516288660e+00 9.892325698672046475e-01
2.479999999999999982e+00 3.509831133076126708e-01 1.015803014319488717e+00 9.893455703021306613e-01
2.490000000000000213e+00 3.650677854414096091e-01 1.015326563147262773e+00 9.894580564964990943e-01
2.500000000000000000e+00 3.800048403948874665e-01 1.014832473356728881e+00 9.895700245868559453e-01
2.510000000000000231e+00 3.957980950140878029e-01 1.014323381883266428e+00 9.896814681081576026e-01
2.520000000000000018e+00 4.124496228592057223e-01 1.013801717568409533e+00 9.897923804087133126e-01
2.530000000000000249e+00 4.299558797182417846e-01 1.013269710704868931e+00 9.899027523375877324e-01
2.540000000000000036e+00 4.483106769317873885e-01 1.012729403361107838e+00 9.900125745789968290e-01
2.550000000000000266e+00 4.675011855392023907e-01 1.012182660709291415e+00 9.901218354183956016e-01
2.560000000000000053e+00 4.875111470282151860e-01 1.011631182232117565e+00 9.902305230011595460e-01
2.569999999999999840e+00 5.083167825713585941e-01 1.011076513173640778e+00 9.903386231753322777e-01
2.580000000000000071e+00 5.298902960714920729e-01 1.010520055360697000e+00 9.904461216795150680e-01
2.589999999999999858e+00 5.521957198772333708e-01 1.009963077847030766e+00 9.905530020609381037e-01
2.600000000000000089e+00 5.751927621689911785e-01 1.009406726696961520e+00 9.906592477980744604e-01
2.609999999999999876e+00 5.988326206580403266e-01 1.008852034402237807e+00 9.907648402939095433e-01
2.620000000000000107e+00 6.230622175128496254e-01 1.008299928388857403e+00 9.908697609399239603e-01
2.629999999999999893e+00 6.478200073303788109e-01 1.007751239116453146e+00 9.909739891860612770e-01
2.640000000000000124e+00 6.730406279433824857e-01 1.007206707329419526e+00 9.910775045540676231e-01
2.649999999999999911e+00 6.986507184120421821e-01 1.006666990950719542e+00 9.911802847871457045e-01
2.660000000000000142e+00 7.245739938189265095e-01 1.006132671253558097e+00 9.912823078214277883e-01
2.669999999999999929e+00 7.507270746894834090e-01 1.005604258778572735e+00 9.913835500187022642e-01
2.680000000000000160e+00 7.770249702511431433e-01 1.005082198689421835e+00 9.914839881039917424e-01
2.689999999999999947e+00 8.033769043450208480e-01 1.004566876004921783e+00 9.915835974830804478e-01
2.700000000000000178e+00 8.296921669428252155e-01 1.004058620444665983e+00 9.916823541510231266e-01
2.709999999999999964e+00 8.558759054633092722e-01 1.003557711292664356e+00 9.917802330921149379e-01
2.720000000000000195e+00 8.818352813859908768e-01 1.003064382048034053e+00 9.918772101588115842e-01
2.729999999999999982e+00 9.074751823672304596e-01 1.002578825228967130e+00 9.919732605459834485e-01
2.740000000000000213e+00 9.327046016041575793e-01 1.002101197118588694e+00 9.920683606334519400e-01
2.750000000000000000e+00 9.574322170048552572e-01 1.001631622773706765e+00 9.921624865205804777e-01
2.760000000000000231e+00 9.815728981672885434e-01 1.001170201090500367e+00 9.922556158204104415e-01
2.770000000000000018e+00 1.005043096068362951e+00 1.000717010193541201e+00 9.923477262368933793e-01
2.780000000000000249e+00 1.027767377786121372e+00 1.000272112932376389e+00 9.924387972962722682e-01
2.790000000000000036e+00 1.049673575145701143e+00 9.998355626871913149e-01 9.925288089489476828e-01
2.800000000000000266e+00 1.070699252114892586e+00 9.994074092440784485e-01 9.926177432251080957e-01
2.810000000000000053e+00 1.090786573975533580e+00 9.989877048689637107e-01 9.927055828464884657e-01
2.819999999999999840e+00 1.109888626475467710e+00 9.985765103088632966e-01 9.927923127977819062e-01
2.830000000000000071e+00 1.127963987675577595e+00 9.981739007772468808e-01 9.928779189393004412e-01
2.839999999999999858e+00 1.144982840222916964e+00 9.977799716231170457e-01 9.929623894918720994e-01
2.850000000000000089e+00 1.160921253129050923e+00 9.973948436812837270e-01 9.930457136478925140e-01
2.859999999999999876e+00 1.175767054771466258e+00 9.970186679919706974e-01 9.931278829734425662e-01
2.870000000000000107e+00 1.189513858030946336e+00 9.966516298558765197e-01 9.932088900207705073e-01
2.879999999999999893e+00 1.202166688262026106e+00 9.962939519333108285e-01 9.932887296558737811e-01
2.890000000000000124e+00 1.213735807405764033e+00 9.959458963616765192e-01 9.933673976790681204e-01
2.899999999999999911e+00 1.224242113682121547e+00 9.956077656599282566e-01 9.934448920886528311e-01
2.910000000000000142e+00 1.233710836058365734e+00 9.952799024436899122e-01 9.935212117176759339e-01
2.919999999999999929e+00 1.242176737947636500e+00 9.949626878144610664e-01 9.935963574446555757e-01
2.930000000000000160e+00 1.249677760590911069e+00 9.946565385255491387e-01 9.936703308543182178e-01
2.939999999999999947e+00 1.256260071118790345e+00 9.943619028997079390e-01 9.937431354052401744e-01
2.950000000000000178e+00 1.261971731882507886e+00 9.940792556865786223e-01 9.938147751208786795e-01
2.959999999999999964e+00 1.266867633795780268e+00 9.938090919373105958e-01 9.938852557221091732e-01
2.970000000000000195e+00 1.271003260564784076e+00 9.935519201501834541e-01 9.939545833529468410e-01
2.979999999999999982e+00 1.274439542922820356e+00 9.933082548339338125e-01 9.940227656838832582e-01
2.990000000000000213e+00 1.277236773366682732e+00 9.930786087694080111e-01 9.940898106747956264e-01
3.000000000000000000e+00 1.279459408201131465e+00 9.928634851398446814e-01 9.941557276531148846e-01
3.010000000000000231e+00 1.281170172182850120e+00 9.926633697930757894e-01 9.942205261148344686e-01
3.020000000000000018e+00 1.282434824106087667e+00 9.924787237861538713e-01 9.942842167800527431e-01
3.030000000000000249e+00 1.283316473531028956e+00 9.923099764232026221e-01 9.943468104318236023e-01
3.040000000000000036e+00 1.283880313443994003e+00 9.921575188879995233e-01 9.944083189505568132e-01
3.050000000000000266e+00 1.284188153431026436e+00 9.920216986118166602e-01 9.944687541896818361e-01
3.060000000000000053e+00 1.284303110383826274e+00 9.919028144185680906e-01 9.945281289897054400e-01
3.070000000000000284e+00 1.284284344587914406e+00 9.918011125177423892e-01 9.945864560892238027e-01
3.080000000000000071e+00 1.284191685569505026e+00 9.917167833332553029e-01 9.946437491190424085e-01
3.089999999999999858e+00 1.284080538915785219e+00 9.916499591816668735e-01 9.947000215468739803e-01
3.100000000000000089e+00 1.284006409926207404e+00 9.916007127488223327e-01 9.947552876517354870e-01
3.109999999999999876e+00 1.284019930557688260e+00 9.915690563398154023e-01 9.948095615006322667e-01
3.120000000000000107e+00 1.284171228517439145e+00 9.915549418293611028e-01 9.948628579033815811e-01
3.129999999999999893e+00 1.284505006599897747e+00 9.915582612667737106e-01 9.949151914196397994e-01
3.140000000000000124e+00 1.285064693011714221e+00 9.915788480551339656e-01 9.949665772943087072e-01
3.149999999999999911e+00 1.285887494110580231e+00 9.916164786518411045e-01 9.950170304933599885e-01
3.160000000000000142e+00 1.287008257773981867e+00 9.916708747123411660e-01 9.950665666200189108e-01
3.169999999999999929e+00 1.288454421662657667e+00 9.917417056258440722e-01 9.951152009779520302e-01
3.180000000000000160e+00 1.290249533763533352e+00 9.918285913719917524e-01 9.951629494684633981e-01
3.189999999999999947e+00 1.292408040736619634e+00 9.919311056531765480e-01 9.952098276797123333e-01
3.200000000000000178e+00 1.294938447054516883e+00 9.920487792400306537e-01 9.952558517651841630e-01
3.209999999999999964e+00 1.297837940236433063e+00 9.921811034920030581e-01 9.953010375576858415e-01
3.220000000000000195e+00 1.301095239386388602e+00 9.923275339983634868e-01 9.953454014293526830e-01
3.229999999999999982e+00 1.304685140430038803e+00 9.924874943085537637e-01 9.953889594292161247e-01
3.240000000000000213e+00 1.308571207413868454e+00 9.926603797034468935e-01 9.954317281249794869e-01
3.250000000000000000e+00 1.312700438337898401e+00 9.928455609827300243e-01 9.954737237629589508e-01
3.260000000000000231e+00 1.317006078450237094e+00 9.930423882245703604e-01 9.955149630917961012e-01
3.270000000000000018e+00 1.321402738327339454e+00 9.932501944985245856e-01 9.955554625435454330e-01
3.280000000000000249e+00 1.325789731631183299e+00 9.934682994912614751e-01 9.955952390393880691e-01
3.290000000000000036e+00 1.330047086157750469e+00 9.936960130316708772e-01 9.956343091905766052e-01
3.300000000000000266e+00 1.334039883234471535e+00 9.939326384777350532e-01 9.956726900860876084e-01
3.310000000000000053e+00 1.337615634247308671e+00 9.941774759576527121e-01 9.957103985120465683e-01
3.320000000000000284e+00 1.340610062698191385e+00 9.944298254302986750e-01 9.957474517211170051e-01
3.330000000000000071e+00 1.342846209186128625e+00 9.946889895640240731e-01 9.957838666689398099e-01
3.339999999999999858e+00 1.344141890813421947e+00 9.949542764017889063e-01 9.958196607649280052e-01
3.350000000000000089e+00 1.344310600503353381e+00 9.952250018188049108e-01 9.958548511241906986e-01
3.359999999999999876e+00 1.343170481042471165e+00 9.955004917438706746e-01 9.958894552993204918e-01
3.370000000000000107e+00 1.340546615071430914e+00 9.957800841582259421e-01 9.959234905462653886e-01
3.379999999999999893e+00 1.336280824834324532e+00 9.960631308464252820e-01 9.959569745366919635e-01
3.390000000000000124e+00 1.330234421508885267e+00 9.963489989208325071e-01 9.959899246363584924e-01
3.399999999999999911e+00 1.322297652159835746e+00 9.966370720973972697e-01 9.960223585977375782e-01
3.410000000000000142e+00 1.312391595947439482e+00 9.969267517517642618e-01 9.960542938496472765e-01
3.419999999999999929e+00 1.300475853111586755e+00 9.972174577360523040e-01 9.960857481700459148e-01
3.430000000000000160e+00 1.286548259029973940e+00 9.975086289920458427e-01 9.961167389859985066e-01
3.439999999999999947e+00 1.270649624567801839e+00 9.977997239430338450e-01 9.961472840268931206e-01
3.450000000000000178e+00 1.252860390704111593e+00 9.980902207056427944e-01 9.961774006342389853e-01
3.459999999999999964e+00 1.233301889376013705e+00 9.983796171048336943e-01 9.962071063959661021e-01
3.470000000000000195e+00 1.212129872838934252e+00 9.986674305377288841e-01 9.962364184660142952e-01
3.479999999999999982e+00 1.189532654017494639e+00 9.989531976693657445e-01 9.962653541808055291e-01
3.490000000000000213e+00 1.165722316147616677e+00 9.992364740090209363e-01 9.962939303890271381e-01
3.500000000000000000e+00 1.140930865214062395e+00 9.995168333492010504e-01 9.963221640517413435e-01
3.510000000000000231e+00 1.115400512679802780e+00 9.997938671176620495e-01 9.963500715831242749e-01
3.520000000000000018e+00 1.089379335330168619e+00 1.000067183622791456e+00 9.963776694359431918e-01
3.530000000000000249e+00 1.063112123396912745e+00 1.000336407243358483e+00 9.964049734542379522e-01
3.540000000000000036e+00 1.036836904563731787e+00 1.000601177540676234e+00 9.964319994460163477e-01
3.550000000000000266e+00 1.010777491340787648e+00 1.000861148343980878e+00 9.964587625489366163e-01
3.560000000000000053e+00 9.851417215561585339e-01 1.001115986784527845e+00 9.964852777920425453e-01
3.570000000000000284e+00 9.601162363808051214e-01 1.001365372328444803e+00 9.965115594754353490e-01
3.580000000000000071e+00 9.358666725369338968e-01 1.001608995781323896e+00 9.965376217227115418e-01
3.589999999999999858e+00 9.125346140069121592e-01 1.001846558313564506e+00 9.965634778754332013e-01
3.600000000000000089e+00 8.902394706264578073e-01 1.002077770477249441e+00 9.965891410376854775e-01
3.609999999999999876e+00 8.690771495473552655e-01 1.002302351262608360e+00 9.966146234859056818e-01
3.620000000000000107e+00 8.491230840713176464e-01 1.002520027163285921e+00 9.966399372066868656e-01
3.629999999999999893e+00 8.304320152863969851e-01 1.002730531297934657e+00 9.966650933222530595e-01
3.640000000000000124e+00 8.130415884909828472e-01 1.002933602556766113e+00 9.966901026223388138e-01
3.649999999999999911e+00 7.969726727179509140e-01 1.003128984820850667e+00 9.967149750053337920e-01
3.660000000000000142e+00 7.822330439665152735e-01 1.003316426223517466e+00 9.967397200047922734e-01
3.669999999999999929e+00 7.688178120206043964e-01 1.003495678503073751e+00 9.967643462460342718e-01
3.680000000000000160e+00 7.567128719118647595e-01 1.003666496418476051e+00 9.967888619676050777e-01
3.689999999999999947e+00 7.458951741093045040e-01 1.003828637279962299e+00 9.968132744929262268e-01
3.700000000000000178e+00 7.363357827922168974e-01 1.003981860570164475e+00 9.968375907468295383e-01
3.709999999999999964e+00 7.279998673820371469e-01 1.004125927711782440e+00 9.968618167417041542e-01
3.720000000000000195e+00 7.208493254594681154e-01 1.004260601962463140e+00 9.968859580890819805e-01
3.729999999999999982e+00 7.148424720141477451e-01 1.004385648497740702e+00 9.969100194996153297e-01
3.740000000000000213e+00 7.099362589606365015e-01 1.004500834668069942e+00 9.969340052895826476e-01
3.750000000000000000e+00 7.060856943637188188e-01 1.004605930495019006e+00 9.969579188939620140e-01
3.760000000000000231e+00 7.032457265060557683e-01 1.004700709396609826e+00 9.969817633676493207e-01
3.770000000000000018e+00 7.013704490792045387e-01 1.004784949208478162e+00 9.970055409108505851e-01
3.780000000000000249e+00 7.004147275113280502e-01 1.004858433490925851e+00 9.970292533647614475e-01
3.790000000000000036e+00 7.003332492741359827e-01 1.004920953184891719e+00 9.970529017484851542e-01
3.800000000000000266e+00 7.010819649776125484e-01 1.004972308600232678e+00 9.970764867488988159e-01
3.810000000000000053e+00 7.026170354576947163e-01 1.005012311787636836e+00 9.971000082683119103e-01
3.820000000000000284e+00 7.048961477770961936e-01 1.005040789261483658e+00 9.971234659082417462e-01
3.830000000000000071e+00 7.078773991927863607e-01 1.005057585103143136e+00 9.971468585270494289e-01
3.839999999999999858e+00 7.115205342384081089e-01 1.005062564385302837e+00 9.971701847173638500e-01
3.850000000000000089e+00 7.157857936857709991e-01 1.005055616914893202e+00 9.971934423729669206e-01
3.859999999999999876e+00 7.206351059118448754e-01 1.005036661199391945e+00 9.972166291596340493e-01
3.870000000000000107e+00 7.260309185877695803e-01 1.005005648595583390e+00 9.972397420905894094e-01
3.879999999999999893e+00 7.319373666131674394e-01 1.004962567506281212e+00 9.972627779905663958e-01
3.890000000000000124e+00 7.383190962210438579e-01 1.004907447546818489e+00 9.972857330792125330e-01
3.899999999999999911e+00 7.451424234454074869e-01 1.004840363513853418e+00 9.973086034282183654e-01
3.910000000000000142e+00 7.523741543805486653e-01 1.004761439053485805e+00 9.973313845521120102e-01
3.919999999999999929e+00 7.599827420295878211e-01 1.004670849846548863e+00 9.973540718583557840e-01
3.930000000000000160e+00 7.679371026292122204e-01 1.004568826207287602e+00 9.973766602450346852e-01
3.939999999999999947e+00 7.762077745949050867e-01 1.004455654926883046e+00 9.973991445438722403e-01
3.950000000000000178e+00 7.847657285796894033e-01 1.004331680288272466e+00 9.974215191243813727e-01
3.959999999999999964e+00 7.935835296752805634e-01 1.004197304128576329e+00 9.974437783298022442e-01
3.970000000000000195e+00 8.026341378509804780e-01 1.004052984934759252e+00 9.974659160873469155e-01
3.979999999999999982e+00 8.118920730707311906e-01 1.003899235917670385e+00 9.974879263371132510e-01
3.990000000000000213e+00 8.213322026634308770e-01 1.003736622125699363e+00 9.975098026481166169e-01
4.000000000000000000e+00 8.309309085304058540e-01 1.003565756619480220e+00 9.975315386402716644e-01
4.009999999999999787e+00 8.406648584745883834e-01 1.003387295841688731e+00 9.975531276059514951e-01
4.020000000000000462e+00 8.505121746877400968e-01 1.003201934267212936e+00 9.975745629251698832e-01
4.030000000000000249e+00 8.604511870152200537e-01 1.003010398518901169e+00 9.975958376924580762e-01
4.040000000000000036e+00 8.704616023357696353e-01 1.002813441069950517e+00 9.976169451254143228e-01
4.049999999999999822e+00 8.805232388404181654e-01 1.002611833736569036e+00 9.976378781967277787e-01
4.060000000000000497e+00 8.906171966098922477e-01 1.002406361084118513e+00 9.976586300362866311e-01
4.070000000000000284e+00 9.007245732651421033e-01 1.002197813936070769e+00 9.976791935682112200e-01
4.080000000000000071e+00 9.108276367768161075e-01 1.001986983082708838e+00 9.976995619067317023e-01
4.089999999999999858e+00 9.209085240822830754e-01 1.001774653341225507e+00 9.977197279981152578e-01
4.099999999999999645e+00 9.309504180075361957e-01 1.001561598021601496e+00 9.977396850105345605e-01
4.110000000000000320e+00 9.409362316028692108e-01 1.001348573902359762e+00 9.977594259807931465e-01
4.120000000000000107e+00 9.508497918978926489e-01 1.001136316725152353e+00 9.977789441984094010e-01
4.129999999999999893e+00 9.606745139091067420e-01 1.000925537267051801e+00 9.977982328570514925e-01
4.139999999999999680e+00 9.703945946842603698e-01 1.000716917961279595e+00 9.978172854330590313e-01
4.150000000000000355e+00 9.799936818547851924e-01 1.000511110089995270e+00 9.978360953415031931e-01
4.160000000000000142e+00 9.894560819461133416e-01 1.000308731493792180e+00 9.978546563093563249e-01
4.169999999999999929e+00 9.987654292810963508e-01 1.000110364798770579e+00 9.978729620360875519e-01
4.179999999999999716e+00 1.007905913131845521e+00 9.999165560922391727e-01 9.978910065616772851e-01
4.190000000000000391e+00 1.016860953203042595e+00 9.997278140364131982e-01 9.979087839316451714e-01
4.200000000000000178e+00 1.025614450389682020e+00 9.995446093476073601e-01 9.979262885600829192e-01
4.209999999999999964e+00 1.034149475536859430e+00 9.993673746269671199e-01 9.979435148989979076e-01
4.219999999999999751e+00 1.042449548331286557e+00 9.991965044733008838e-01 9.979604577965078827e-01
4.230000000000000426e+00 1.050497345879596534e+00 9.990323558655798131e-01 9.979771121703577830e-01
4.240000000000000213e+00 1.058276013782899261e+00 9.988752487522377654e-01 9.979934733613879949e-01
4.250000000000000000e+00 1.065767900472691654e+00 9.987254668385106005e-01 9.980095368110517562e-01
4.259999999999999787e+00 1.072955903420257151e+00 9.985832585167787601e-01 9.980252984102279123e-01
4.270000000000000462e+00 1.079822233943245724e+00 9.984488379351993403e-01 9.980407541805280669e-01
4.280000000000000249e+00 1.086349799782964975e+00 9.983223861573706781e-01 9.980559006184768212e-01
4.290000000000000036e+00 1.092521003339559149e+00 9.982040524118049873e-01 9.980707343803544296e-01
4.299999999999999822e+00 1.098319159403232881e+00 9.980939553911014617e-01 9.980852526217107723e-01
4.310000000000000497e+00 1.103727327295264127e+00 9.979921846021674314e-01 9.980994526854363169e-01
4.320000000000000284e+00 1.108729759665593617e+00 9.978988017338106253e-01 9.981133324365132342e-01
4.330000000000000071e+00 1.113310765960613402e+00 9.978138420446671653e-01 9.981268899529471827e-01
4.339999999999999858e+00 1.117456184773651495e+00 9.977373157436515427e-01 9.981401238555893674e-01
4.350000000000000533e+00 1.121152272802258709e+00 9.976692093666277295e-01 9.981530330014973806e-01
4.360000000000000320e+00 1.124387189725045255e+00 9.976094871270484443e-01 9.981656168085925041e-01
4.370000000000000107e+00 1.127149903465135550e+00 9.975580922441362741e-01 9.981778749509528925e-01
4.379999999999999893e+00 1.129431673192591745e+00 9.975149482319108918e-01 9.981898076780064688e-01
4.389999999999999680e+00 1.131224958736022357e+00 9.974799601515422776e-01 9.982014155112084453e-01
4.400000000000000355e+00 1.132524884744940952e+00 9.974530158162351334e-01 9.982126995574194250e-01
4.410000000000000142e+00 1.133328140108408322e+00 9.974339869487269805e-01 9.982236612063917214e-01
4.419999999999999929e+00 1.133634404855946576e+00 9.974227302874221213e-01 9.982343024379658480e-01
4.429999999999999716e+00 1.133445224636971060e+00 9.974190886367396702e-01 9.982446255197944263e-01
4.440000000000000391e+00 1.132765382003787735e+00 9.974228918666449006e-01 9.982546333080174472e-01
4.450000000000000178e+00 1.131601732070712574e+00 9.974339578484013868e-01 9.982643289447082902e-01
4.459999999999999964e+00 1.129964501801820731e+00 9.974520933459689598e-01 9.982737161517684088e-01
4.469999999999999751e+00 1.127866075540484125e+00 9.974770948310154317e-01 9.982827989276880087e-01
4.480000000000000426e+00 1.125322209782237515e+00 9.975087492763957675e-01 9.982915818345429182e-01
4.490000000000000213e+00 1.122350761388624107e+00 9.975468347844747008e-01 9.983000696937538443e-01
4.500000000000000000e+00 1.118972810311523736e+00 9.975911212442267750e-01 9.983082678661908682e-01
4.509999999999999787e+00 1.115211330588681937e+00 9.976413710383937872e-01 9.983161819471974008e-01
4.520000000000000462e+00 1.111092220224484395e+00 9.976973395664080480e-01 9.983238180400542117e-01
4.530000000000000249e+00 1.106642918701468803e+00 9.977587757738117791e-01 9.983311824501359677e-01
4.540000000000000036e+00 1.101893350040323849e+00 9.978254225919610532e-01 9.983382819522433893e-01
4.549999999999999822e+00 1.096874498343735960e+00 9.978970173663166410e-01 9.983451234843411237e-01
4.560000000000000497e+00 1.091619276190361587e+00 9.979732922124284755e-01 9.983517144093830842e-01
4.570000000000000284e+00 1.086161074686162076e+00 9.980539743590350898e-01 9.983580622091642320e-01
4.580000000000000071e+00 1.080534574367466805e+00 9.981387864313678859e-01 9.983641747413969370e-01
4.589999999999999858e+00 1.074774289908350555e+00 9.982274467257373773e-01 9.983700599343061644e-01
4.600000000000000533e+00 1.068915344061592387e+00 9.983196694365900070e-01 9.983757260397783106e-01
4.610000000000000320e+00 1.062992028933646971e+00 9.984151648826484760e-01 9.983811813293609339e-01
4.620000000000000107e+00 1.057038564834361871e+00 9.985136396987978058e-01 9.983864343443088485e-01
4.629999999999999893e+00 1.051087699763612049e+00 9.986147970376481053e-01 9.983914935936256674e-01
4.639999999999999680e+00 1.045171474384116062e+00 9.987183367513290388e-01 9.983963678017794274e-01
4.650000000000000355e+00 1.039319879231544785e+00 9.988239555955726878e-01 9.984010656093559311e-01
4.660000000000000142e+00 1.033561644636578070e+00 9.989313474293378681e-01 9.984055958191306868e-01
4.669999999999999929e+00 1.027922971714546829e+00 9.990402034504090034e-01 9.984099670998060061e-01
4.679999999999999716e+00 1.022428362461357043e+00 9.991502124418760733e-01 9.984141882310186844e-01
4.690000000000000391e+00 1.017099435962697029e+00 9.992610610682295391e-01 9.984182678105280040e-01
4.700000000000000178e+00 1.011955809479388568e+00 9.993724341966684355e-01 9.984222144986235614e-01
4.709999999999999964e+00 1.007014006372800363e+00 9.994840152803963207e-01 9.984260367290216376e-01
4.719999999999999751e+00 1.002288394133899363e+00 9.995954867793221954e-01 9.984297429530319956e-01
4.730000000000000426e+00 9.977901853149490075e-01 9.997065306526553563e-01 9.984333413543189373e-01
4.740000000000000213e+00 9.935284336190531862e-01 9.998168288978693807e-01 9.984368400930877518e-01
4.750000000000000000e+00 9.895091240150847289e-01 9.999260641679258432e-01 9.984402470247781824e-01
4.759999999999999787e+00 9.857362231181987511e-01 1.000033920439680202e+00 9.984435699444477175e-01
4.770000000000000462e+00 9.822108498581346714e-01 1.000140083762522281e+00 9.984468163093918047e-01
4.780000000000000249e+00 9.789323718790086115e-01 1.000244243058172389e+00 9.984499934838297897e-01
4.790000000000000036e+00 9.758976437826460959e-01 1.000346090997726423e+00 9.984531084653863742e-01
4.799999999999999822e+00 9.731021371176546975e-01 1.000445324924607693e+00 9.984561681301314939e-01
4.810000000000000497e+00 9.705392295156960447e-01 1.000541647846570958e+00 9.984591789628098901e-01
4.820000000000000284e+00 9.682013528440163164e-01 1.000634769463086826e+00 9.984621473022436966e-01
4.830000000000000071e+00 9.660793141559035346e-01 1.000724407248472225e+00 9.984650790751620208e-01
4.839999999999999858e+00 9.641634446827366256e-01 1.000810287554888767e+00 9.984679800419433704e-01
4.850000000000000533e+00 9.624429328468774303e-01 1.000892146753129097e+00 9.984708555338751568e-01
4.860000000000000320e+00 9.609069569265504818e-01 1.000969732373433452e+00 9.984737106991913302e-01
4.870000000000000107e+00 9.595440116326314772e-01 1.001042804262305852e+00 9.984765502435781759e-01
4.879999999999999893e+00 9.583430095210635491e-01 1.001111135716197253e+00 9.984793786764514234e-01
4.889999999999999680e+00 9.572925860936897235e-01 1.001174514606739674e+00 9.984822000545182652e-01
4.900000000000000355e+00 9.563821592180458131e-01 1.001232744457690504e+00 9.984850182282354325e-01
4.910000000000000142e+00 9.556012030020945014e-01 1.001285645487770548e+00 9.984878365882394746e-01
4.919999999999999929e+00 9.549402600347114412e-01 1.001333055579656239e+00 9.984906583119290691e-01
4.929999999999999716e+00 9.543901801880638747e-01 1.001374831189676851e+00 9.984934861125833727e-01
4.940000000000000391e+00 9.539430863517271986e-01 1.001410848159450584e+00 9.984963224860208264e-01
4.950000000000000178e+00 9.535915800306545842e-01 1.001441002445272233e+00 9.984991694622361580e-01
4.959999999999999964e+00 9.533296659180978683e-01 1.001465210728332833e+00 9.985020288520990439e-01
4.969999999999999751e+00 9.531519300934749861e-01 1.001483410923686757e+00 9.985049020013565535e-01
4.980000000000000426e+00 9.530544315759030827e-01 1.001495562553677443e+00 9.985077900373501292e-01
4.990000000000000213e+00 9.530338604689205795e-01 1.001501647006541429e+00 9.985106936252450271e-01
5.000000000000000000e+00 9.530884046434251466e-01 1.001501667649157268e+00 9.985136132147597321e-01
