# atom Be1 T=4.4 eV, r_i=1.72, Zbar (TFDW) =2.357 , solve_err=2.706e-09
#  r/r_i 				 βuii_eff(r/r_i)
2.000000000000000042e-02 3.792746619137413404e+02
4.000000000000000083e-02 1.844603118676344309e+02
5.999999999999999778e-02 1.195789300087177054e+02
8.000000000000000167e-02 8.718709436354404829e+01
1.000000000000000056e-01 6.778418403394117320e+01
1.199999999999999956e-01 5.487770422188301467e+01
1.400000000000000133e-01 4.568007930194143285e+01
1.600000000000000033e-01 3.880146617143248733e+01
1.799999999999999933e-01 3.346683514479643407e+01
2.000000000000000111e-01 2.921362830085531925e+01
2.200000000000000011e-01 2.574556128226420881e+01
2.399999999999999911e-01 2.286683908259010423e+01
2.600000000000000089e-01 2.044048551786770673e+01
2.800000000000000266e-01 1.836998186001097011e+01
2.999999999999999889e-01 1.658340866072897768e+01
3.200000000000000067e-01 1.502790898133065056e+01
3.400000000000000244e-01 1.366209088047585141e+01
3.599999999999999867e-01 1.245470508404175725e+01
3.800000000000000044e-01 1.138019815557299452e+01
4.000000000000000222e-01 1.041900611388844666e+01
4.199999999999999845e-01 9.554432738235787426e+00
4.400000000000000022e-01 8.773700003320142216e+00
4.600000000000000200e-01 8.065340724559607821e+00
4.799999999999999822e-01 7.420786897399754167e+00
5.000000000000000000e-01 6.831727994019697547e+00
5.200000000000000178e-01 6.292490574292440186e+00
5.400000000000000355e-01 5.796318529935884811e+00
5.600000000000000533e-01 5.343024176342180631e+00
5.799999999999999600e-01 4.931911662193437351e+00
5.999999999999999778e-01 4.557235899111159227e+00
6.199999999999999956e-01 4.215445188591938397e+00
6.400000000000000133e-01 3.902670398056364842e+00
6.600000000000000311e-01 3.616105829304375519e+00
6.800000000000000488e-01 3.352910130685883061e+00
7.000000000000000666e-01 3.110909193846683074e+00
7.199999999999999734e-01 2.887952408610169996e+00
7.399999999999999911e-01 2.682344808459358187e+00
7.600000000000000089e-01 2.492424707350644475e+00
7.800000000000000266e-01 2.316856041689896450e+00
8.000000000000000444e-01 2.154332868155807823e+00
8.200000000000000622e-01 2.003789238002304351e+00
8.399999999999999689e-01 1.864183398377982526e+00
8.599999999999999867e-01 1.734654757626026944e+00
8.800000000000000044e-01 1.614361258131360000e+00
9.000000000000000222e-01 1.502600352535660599e+00
9.200000000000000400e-01 1.398683403475376785e+00
9.400000000000000577e-01 1.302031098403301224e+00
9.599999999999999645e-01 1.212074490421085615e+00
9.799999999999999822e-01 1.128331643467786360e+00
1.000000000000000000e+00 1.050328347671436013e+00
1.020000000000000018e+00 9.776606132203562449e-01
1.040000000000000036e+00 9.099302312843500218e-01
1.060000000000000053e+00 8.467963675814988989e-01
1.080000000000000071e+00 7.879225315221440873e-01
1.100000000000000089e+00 7.330196241436153226e-01
1.120000000000000107e+00 6.818018141669810461e-01
1.140000000000000124e+00 6.340227864229839305e-01
1.159999999999999920e+00 5.894386688690151921e-01
1.179999999999999938e+00 5.478388031804916070e-01
1.199999999999999956e+00 5.090143264598215866e-01
1.219999999999999973e+00 4.727844834447476607e-01
1.239999999999999991e+00 4.389697950917251790e-01
1.260000000000000009e+00 4.074147080947169153e-01
1.280000000000000027e+00 3.779645224604682441e-01
1.300000000000000044e+00 3.504850072111244108e-01
1.320000000000000062e+00 3.248424372823825457e-01
1.340000000000000080e+00 3.009206776986116938e-01
1.360000000000000098e+00 2.786038141434676318e-01
1.380000000000000115e+00 2.577911103922677083e-01
1.400000000000000133e+00 2.383818188758697887e-01
1.419999999999999929e+00 2.202883401031038024e-01
1.439999999999999947e+00 2.034228780066778264e-01
1.459999999999999964e+00 1.877090701462483247e-01
1.479999999999999982e+00 1.730702136730467855e-01
1.500000000000000000e+00 1.594395874491838783e-01
1.520000000000000018e+00 1.467500224763979844e-01
1.540000000000000036e+00 1.349430989106552015e-01
1.560000000000000053e+00 1.239598729574243607e-01
1.580000000000000071e+00 1.137491010330221597e-01
1.600000000000000089e+00 1.042589657751431254e-01
1.620000000000000107e+00 9.544445474195688284e-02
1.640000000000000124e+00 8.725995305339231956e-02
1.660000000000000142e+00 7.966588382749345554e-02
1.679999999999999938e+00 7.262205534215802893e-02
1.699999999999999956e+00 6.609365395118060871e-02
1.719999999999999973e+00 6.004525049775985557e-02
1.739999999999999991e+00 5.444622298956783985e-02
1.760000000000000009e+00 4.926534102317065705e-02
1.780000000000000027e+00 4.447568443558975321e-02
1.800000000000000044e+00 4.004973625294777628e-02
1.820000000000000062e+00 3.596385439710420018e-02
1.840000000000000080e+00 3.219381356412910622e-02
1.860000000000000098e+00 2.871887946273348619e-02
1.880000000000000115e+00 2.551774837569468699e-02
1.900000000000000133e+00 2.257226703296863826e-02
1.919999999999999929e+00 1.986372566292823189e-02
1.939999999999999947e+00 1.737626121115041361e-02
1.959999999999999964e+00 1.509346565187559379e-02
1.979999999999999982e+00 1.300150566086971660e-02
2.000000000000000000e+00 1.108601299994829703e-02
2.020000000000000018e+00 9.334949790057852845e-03
2.040000000000000036e+00 7.735752046699176029e-03
2.060000000000000053e+00 6.277966263177704731e-03
2.080000000000000071e+00 4.950620786047056632e-03
2.100000000000000089e+00 3.744656421672275075e-03
2.120000000000000107e+00 2.650503404770580135e-03
2.140000000000000124e+00 1.660326117851379860e-03
2.160000000000000142e+00 7.657860144311121921e-04
2.180000000000000160e+00 -3.988176068412709052e-05
2.200000000000000178e+00 -7.639369008629531355e-04
2.220000000000000195e+00 -1.412209648959663775e-03
2.240000000000000213e+00 -1.991016267582047632e-03
2.260000000000000231e+00 -2.505373087028009340e-03
2.280000000000000249e+00 -2.960772742665874514e-03
2.300000000000000266e+00 -3.361524118286989861e-03
2.319999999999999840e+00 -3.712401728391746814e-03
2.339999999999999858e+00 -4.017100475930524169e-03
2.359999999999999876e+00 -4.279769286472789175e-03
2.379999999999999893e+00 -4.503570789025863885e-03
2.399999999999999911e+00 -4.692109187670157056e-03
2.419999999999999929e+00 -4.848086014421820224e-03
2.439999999999999947e+00 -4.974631229559626708e-03
2.459999999999999964e+00 -5.074047105566921456e-03
2.479999999999999982e+00 -5.149050662462406613e-03
2.500000000000000000e+00 -5.201598538977133743e-03
2.520000000000000018e+00 -5.234048079577491991e-03
2.540000000000000036e+00 -5.248056748902770602e-03
2.560000000000000053e+00 -5.245668481406950967e-03
2.580000000000000071e+00 -5.228281811207740291e-03
2.600000000000000089e+00 -5.197667463902746511e-03
2.620000000000000107e+00 -5.154999918531511655e-03
2.640000000000000124e+00 -5.101811655918001703e-03
2.660000000000000142e+00 -5.039083352365044885e-03
2.680000000000000160e+00 -4.968139693007553141e-03
2.700000000000000178e+00 -4.889793826912745660e-03
2.720000000000000195e+00 -4.805189200986239445e-03
2.740000000000000213e+00 -4.714994290571794186e-03
2.760000000000000231e+00 -4.620194503803956229e-03
2.780000000000000249e+00 -4.521333546646031168e-03
2.800000000000000266e+00 -4.419259084213375890e-03
2.819999999999999840e+00 -4.314407409378833921e-03
2.839999999999999858e+00 -4.207506221893839854e-03
2.859999999999999876e+00 -4.098899549540278332e-03
2.879999999999999893e+00 -3.989210713496933389e-03
2.899999999999999911e+00 -3.878704704077274093e-03
2.919999999999999929e+00 -3.767914138162610938e-03
2.939999999999999947e+00 -3.657036520742872228e-03
2.959999999999999964e+00 -3.546525763881995877e-03
2.979999999999999982e+00 -3.436521973062238531e-03
3.000000000000000000e+00 -3.327410884224285634e-03
3.020000000000000018e+00 -3.219284002767091452e-03
3.040000000000000036e+00 -3.112468122774489105e-03
3.060000000000000053e+00 -3.007013818091055623e-03
3.080000000000000071e+00 -2.903197033972176357e-03
3.100000000000000089e+00 -2.801034085824521524e-03
3.120000000000000107e+00 -2.700757155886394315e-03
3.140000000000000124e+00 -2.602354097461917742e-03
3.160000000000000142e+00 -2.506019526145839525e-03
3.180000000000000160e+00 -2.411717857060562131e-03
3.200000000000000178e+00 -2.319611550059442508e-03
3.220000000000000195e+00 -2.229645925780659749e-03
3.240000000000000213e+00 -2.141956005810720810e-03
3.260000000000000231e+00 -2.056471761426123795e-03
3.280000000000000249e+00 -1.973304881616285127e-03
3.300000000000000266e+00 -1.892373207233723383e-03
3.320000000000000284e+00 -1.813768661121993846e-03
3.339999999999999858e+00 -1.737399710791970786e-03
3.359999999999999876e+00 -1.663341604641607437e-03
3.379999999999999893e+00 -1.591495789109763272e-03
3.399999999999999911e+00 -1.521923512374423601e-03
3.419999999999999929e+00 -1.454521197933309135e-03
3.439999999999999947e+00 -1.389338401403318948e-03
3.459999999999999964e+00 -1.326268212212968790e-03
3.479999999999999982e+00 -1.265350479638727545e-03
3.500000000000000000e+00 -1.206476378436063465e-03
3.520000000000000018e+00 -1.149677756404655915e-03
3.540000000000000036e+00 -1.094845058710876761e-03
3.560000000000000053e+00 -1.042003590580275986e-03
3.580000000000000071e+00 -9.910440494273094203e-04
3.600000000000000089e+00 -9.419864422134635639e-04
3.620000000000000107e+00 -8.947225245489071619e-04
3.640000000000000124e+00 -8.492680625106629067e-04
3.660000000000000142e+00 -8.055165241213963932e-04
3.680000000000000160e+00 -7.634803294581584288e-04
3.700000000000000178e+00 -7.230551825898809404e-04
3.720000000000000195e+00 -6.842509114713170044e-04
3.740000000000000213e+00 -6.469658678945254494e-04
3.760000000000000231e+00 -6.112079194875170551e-04
3.780000000000000249e+00 -5.768783817600677466e-04
3.800000000000000266e+00 -5.439836883429620016e-04
3.820000000000000284e+00 -5.124283530419924439e-04
3.839999999999999858e+00 -4.822178109345892898e-04
3.859999999999999876e+00 -4.532599397035452478e-04
3.879999999999999893e+00 -4.255595332028024903e-04
3.899999999999999911e+00 -3.990279404412319826e-04
3.919999999999999929e+00 -3.736696044367835323e-04
3.939999999999999947e+00 -3.493994042570930988e-04
3.959999999999999964e+00 -3.262216652809508456e-04
3.979999999999999982e+00 -3.040548148222111139e-04
4.000000000000000000e+00 -2.829032451725829581e-04
4.020000000000000462e+00 -2.626889166273488016e-04
4.040000000000000036e+00 -2.434164316511726388e-04
4.060000000000000497e+00 -2.250112409285136620e-04
4.080000000000000071e+00 -2.074782655478490717e-04
4.099999999999999645e+00 -1.907463819208553670e-04
4.120000000000000107e+00 -1.748209089683861112e-04
4.139999999999999680e+00 -1.596340666326016952e-04
4.160000000000000142e+00 -1.451916264768182024e-04
4.179999999999999716e+00 -1.314290561037898995e-04
4.200000000000000178e+00 -1.183526143052419097e-04
4.219999999999999751e+00 -1.059009101294381219e-04
4.240000000000000213e+00 -9.408070752527935188e-05
4.259999999999999787e+00 -8.283364318449441821e-05
4.280000000000000249e+00 -7.216699061891811260e-05
4.299999999999999822e+00 -6.202529520918906075e-05
4.320000000000000284e+00 -5.241633353795682358e-05
4.339999999999999858e+00 -4.328743750302730341e-05
4.360000000000000320e+00 -3.464687161989199167e-05
4.379999999999999893e+00 -2.644463060634201951e-05
4.400000000000000355e+00 -1.868944505714930694e-05
4.419999999999999929e+00 -1.133384866326960110e-05
4.440000000000000391e+00 -4.387011151099561940e-06
4.459999999999999964e+00 2.196117682858094784e-06
4.480000000000000426e+00 8.405959650457515132e-06
4.500000000000000000e+00 1.428526980743955981e-05
4.520000000000000462e+00 1.982409475617236580e-05
4.540000000000000036e+00 2.506301273434225407e-05
4.560000000000000497e+00 2.999172999197009538e-05
4.580000000000000071e+00 3.464876305384394456e-05
4.600000000000000533e+00 3.902351350475675095e-05
4.620000000000000107e+00 4.315254759229294427e-05
4.639999999999999680e+00 4.702499810793396519e-05
4.660000000000000142e+00 5.067558845908685006e-05
4.679999999999999716e+00 5.409321816168560120e-05
4.700000000000000178e+00 5.731087097810348116e-05
4.719999999999999751e+00 6.031724790419136175e-05
4.740000000000000213e+00 6.314369186819022289e-05
4.759999999999999787e+00 6.577873901626073638e-05
4.780000000000000249e+00 6.825218577460922045e-05
4.799999999999999822e+00 7.055243575137310657e-05
4.820000000000000284e+00 7.270782869278642334e-05
4.839999999999999858e+00 7.470666644070710332e-05
4.860000000000000320e+00 7.657591738650719145e-05
4.879999999999999893e+00 7.830381072142101185e-05
4.900000000000000355e+00 7.991602437858133263e-05
4.919999999999999929e+00 8.140074223902858078e-05
4.940000000000000391e+00 8.278242831121735237e-05
4.959999999999999964e+00 8.404924670790845048e-05
4.980000000000000426e+00 8.522451982006735754e-05
5.000000000000000000e+00 8.629641569785785192e-05
5.020000000000000462e+00 8.728718329727886435e-05
5.040000000000000036e+00 8.818501648717722084e-05
5.060000000000000497e+00 8.901115500981659286e-05
5.080000000000000071e+00 8.975383865453785757e-05
5.100000000000000533e+00 9.043335836013681895e-05
5.120000000000000107e+00 9.103801815870943140e-05
5.139999999999999680e+00 9.158721694642961409e-05
5.160000000000000142e+00 9.206933964585602517e-05
5.179999999999999716e+00 9.250294637222004055e-05
5.200000000000000178e+00 9.287651793770946825e-05
5.219999999999999751e+00 9.320782563451932034e-05
5.240000000000000213e+00 9.348545962425300847e-05
5.259999999999999787e+00 9.372644917684333379e-05
5.280000000000000249e+00 9.391950576695211588e-05
5.299999999999999822e+00 9.408096046526387467e-05
5.320000000000000284e+00 9.419965663820332178e-05
5.339999999999999858e+00 9.429126814991582815e-05
5.360000000000000320e+00 9.434477950910498650e-05
5.379999999999999893e+00 9.437524572270009841e-05
5.400000000000000355e+00 9.437180048083692447e-05
5.419999999999999929e+00 9.434891575999557016e-05
5.440000000000000391e+00 9.429588129983129381e-05
5.459999999999999964e+00 9.422661953494443918e-05
5.480000000000000426e+00 9.413058207024772243e-05
5.500000000000000000e+00 9.402117305547824547e-05
5.520000000000000462e+00 9.388801079348649942e-05
5.540000000000000036e+00 9.374401036181633352e-05
5.560000000000000497e+00 9.357896067786723054e-05
5.580000000000000071e+00 9.340531500711711575e-05
5.600000000000000533e+00 9.321303596053503613e-05
5.620000000000000107e+00 9.301414044465680035e-05
5.639999999999999680e+00 9.279876707769978204e-05
5.660000000000000142e+00 9.257852014882130638e-05
5.679999999999999716e+00 9.234371590302722834e-05
5.700000000000000178e+00 9.210556819350831600e-05
5.719999999999999751e+00 9.185457188387432723e-05
5.740000000000000213e+00 9.160157108559545890e-05
5.759999999999999787e+00 9.133723969405423344e-05
5.780000000000000249e+00 9.107207141401009313e-05
5.799999999999999822e+00 9.079691907197834247e-05
5.820000000000000284e+00 9.052194400749551497e-05
5.839999999999999858e+00 9.023817741028410783e-05
5.860000000000000320e+00 8.995546511905023730e-05
5.879999999999999893e+00 8.966501570990672643e-05
5.900000000000000355e+00 8.937637527230935463e-05
5.919999999999999929e+00 8.908092841990365393e-05
5.940000000000000391e+00 8.878793621670408515e-05
5.959999999999999964e+00 8.848895765083226116e-05
5.980000000000000426e+00 8.819298253540882617e-05
6.000000000000000000e+00 8.789174226776311238e-05
6.020000000000000462e+00 8.759396829867282391e-05
6.040000000000000036e+00 8.729156223267959039e-05
6.060000000000000497e+00 8.699300922367598024e-05
6.080000000000000071e+00 8.669037866514440484e-05
6.100000000000000533e+00 8.639192071384157339e-05
6.120000000000000107e+00 8.608986994387515150e-05
6.140000000000000568e+00 8.579225210736597012e-05
6.160000000000000142e+00 8.549146419721384202e-05
6.179999999999999716e+00 8.519531750028721043e-05
6.200000000000000178e+00 8.489636853967712357e-05
6.219999999999999751e+00 8.460222346481880719e-05
6.240000000000000213e+00 8.430559532949127063e-05
6.259999999999999787e+00 8.401389391249606436e-05
6.280000000000000249e+00 8.371998570743062527e-05
6.299999999999999822e+00 8.343109235368880501e-05
6.320000000000000284e+00 8.314023063475095543e-05
6.339999999999999858e+00 8.285444180894784168e-05
6.360000000000000320e+00 8.256688975000512709e-05
6.379999999999999893e+00 8.228444264103889434e-05
6.400000000000000355e+00 8.200040820435120848e-05
6.419999999999999929e+00 8.172148843201679550e-05
6.440000000000000391e+00 8.144113163283243668e-05
6.459999999999999964e+00 8.116588010667934790e-05
6.480000000000000426e+00 8.088931948330744875e-05
6.500000000000000000e+00 8.061783850629672215e-05
6.520000000000000462e+00 8.034515686442343229e-05
6.540000000000000036e+00 8.007751554991093465e-05
6.560000000000000497e+00 7.980876505638447428e-05
6.580000000000000071e+00 7.954500411978919765e-05
6.600000000000000533e+00 7.928021080297018594e-05
6.620000000000000107e+00 7.902034678387043101e-05
6.640000000000000568e+00 7.875951449812605145e-05
6.660000000000000142e+00 7.850354350196434440e-05
6.679999999999999716e+00 7.824665743499067993e-05
6.700000000000000178e+00 7.799455841448640317e-05
6.719999999999999751e+00 7.774158815528451228e-05
6.740000000000000213e+00 7.749332578680864780e-05
6.759999999999999787e+00 7.724422801376822046e-05
6.780000000000000249e+00 7.699975521747060448e-05
6.799999999999999822e+00 7.675447605843711417e-05
6.820000000000000284e+00 7.651373619605765183e-05
6.839999999999999858e+00 7.627221326701731803e-05
6.860000000000000320e+00 7.603514205536085512e-05
6.879999999999999893e+00 7.579730624669562514e-05
6.900000000000000355e+00 7.556383341886473138e-05
6.919999999999999929e+00 7.532961044029870209e-05
6.940000000000000391e+00 7.509966118138532458e-05
6.959999999999999964e+00 7.486897288395945804e-05
6.980000000000000426e+00 7.464246906095199370e-05
7.000000000000000000e+00 7.441523457844889460e-05
7.020000000000000462e+00 7.419209579321130524e-05
7.040000000000000036e+00 7.396823250887382879e-05
7.060000000000000497e+00 7.374837699391817870e-05
7.080000000000000071e+00 7.352780136828195696e-05
7.100000000000000533e+00 7.331114675441343439e-05
7.120000000000000107e+00 7.309377502584123339e-05
7.140000000000000568e+00 7.288023897731823368e-05
7.160000000000000142e+00 7.266598773941067193e-05
7.179999999999999716e+00 7.245548849116479207e-05
7.200000000000000178e+00 7.224427518336302978e-05
7.219999999999999751e+00 7.203673197914115824e-05
7.240000000000000213e+00 7.182847527149256229e-05
7.259999999999999787e+00 7.162380870915209616e-05
7.280000000000000249e+00 7.141842882157627029e-05
7.299999999999999822e+00 7.121656115517697647e-05
7.320000000000000284e+00 7.101398012632843858e-05
7.339999999999999858e+00 7.081483549795424481e-05
7.360000000000000320e+00 7.061497737518101733e-05
7.379999999999999893e+00 7.041848197198936671e-05
7.400000000000000355e+00 7.022127295294735790e-05
7.419999999999999929e+00 7.002735514037954621e-05
7.440000000000000391e+00 6.983272368841497170e-05
7.459999999999999964e+00 6.964131410977434354e-05
7.480000000000000426e+00 6.944919102662516048e-05
7.500000000000000000e+00 6.926022264735101999e-05
7.520000000000000462e+00 6.907054110860035164e-05
7.540000000000000036e+00 6.888394925824688827e-05
7.560000000000000497e+00 6.869664483613564061e-05
7.580000000000000071e+00 6.851236720532586310e-05
7.600000000000000533e+00 6.832737785716333544e-05
7.620000000000000107e+00 6.814535448468459942e-05
7.640000000000000568e+00 6.796262052894601422e-05
7.660000000000000142e+00 6.778279377367013461e-05
7.679999999999999716e+00 6.760225785893150764e-05
7.700000000000000178e+00 6.742457235853484515e-05
7.719999999999999751e+00 6.724617941384227577e-05
7.740000000000000213e+00 6.707058202994165105e-05
7.759999999999999787e+00 6.689427919132746002e-05
7.780000000000000249e+00 6.672071894306271466e-05
7.799999999999999822e+00 6.654645550785757112e-05
7.820000000000000284e+00 6.637488351006099493e-05
7.839999999999999858e+00 6.620261085079822154e-05
7.860000000000000320e+00 6.603298023804091848e-05
7.879999999999999893e+00 6.586265173290524726e-05
7.900000000000000355e+00 6.569491758355199874e-05
7.919999999999999929e+00 6.552648853552665777e-05
7.940000000000000391e+00 6.536060779020866265e-05
7.959999999999999964e+00 6.519403534386188353e-05
7.980000000000000426e+00 6.502996672418531212e-05
8.000000000000000000e+00 6.486520978795921768e-05
8.019999999999999574e+00 6.470291372858978478e-05
8.040000000000000924e+00 6.453993290534277942e-05
8.060000000000000497e+00 6.437937147142503281e-05
8.080000000000000071e+00 6.421812897120180168e-05
8.099999999999999645e+00 6.405926577694018753e-05
8.120000000000000995e+00 6.389972533727620967e-05
8.140000000000000568e+00 6.374252546944108558e-05
8.160000000000000142e+00 6.358465227811032890e-05
8.179999999999999716e+00 6.342908221848125557e-05
8.199999999999999289e+00 6.327284284063856336e-05
8.220000000000000639e+00 6.311887039569135424e-05
8.240000000000000213e+00 6.296423270147954781e-05
8.259999999999999787e+00 6.281182693896201412e-05
8.279999999999999361e+00 6.265876004433069014e-05
8.300000000000000711e+00 6.250789122510593823e-05
8.320000000000000284e+00 6.235636542357517209e-05
8.339999999999999858e+00 6.220700494386014997e-05
8.359999999999999432e+00 6.205699164402542916e-05
8.380000000000000782e+00 6.190911196562431918e-05
8.400000000000000355e+00 6.176058362042862815e-05
8.419999999999999929e+00 6.161415820655561358e-05
8.439999999999999503e+00 6.146708825997349371e-05
8.460000000000000853e+00 6.132209152818138959e-05
8.480000000000000426e+00 6.117645436829458787e-05
8.500000000000000000e+00 6.103286163834942279e-05
8.519999999999999574e+00 6.088863254005493853e-05
8.540000000000000924e+00 6.074641998343694805e-05
8.560000000000000497e+00 6.060357505537726096e-05
8.580000000000000071e+00 6.046271963859691423e-05
8.599999999999999645e+00 6.032123577865874367e-05
8.620000000000000995e+00 6.018171522819242545e-05
8.640000000000000568e+00 6.004157008634395266e-05
8.660000000000000142e+00 5.990336284831298598e-05
8.679999999999999716e+00 5.976453478041913867e-05
8.700000000000001066e+00 5.962761997688573076e-05
8.720000000000000639e+00 5.949008801248878458e-05
8.740000000000000213e+00 5.935444541371399701e-05
8.759999999999999787e+00 5.921818922119260315e-05
8.779999999999999361e+00 5.908379920551795091e-05
8.800000000000000711e+00 5.894879904752973364e-05
8.820000000000000284e+00 5.881564256105859299e-05
8.839999999999999858e+00 5.868187926549693493e-05
8.859999999999999432e+00 5.854993779432430395e-05
8.880000000000000782e+00 5.841739272439410856e-05
8.900000000000000355e+00 5.828664827013878660e-05
8.919999999999999929e+00 5.815530330229400075e-05
8.939999999999999503e+00 5.802573836118295284e-05
8.960000000000000853e+00 5.789557586066288651e-05
8.980000000000000426e+00 5.776717339471411871e-05
9.000000000000000000e+00 5.763817618767109400e-05
9.019999999999999574e+00 5.751091959691522816e-05
9.040000000000000924e+00 5.738307094317299684e-05
9.060000000000000497e+00 5.725694404332713555e-05
9.080000000000000071e+00 5.713022761494532118e-05
9.099999999999999645e+00 5.700521461879104197e-05
9.120000000000000995e+00 5.687961448671177391e-05
9.140000000000000568e+00 5.675569998995348052e-05
9.160000000000000142e+00 5.663120060282562446e-05
9.179999999999999716e+00 5.650836955930447900e-05
9.200000000000001066e+00 5.638495572086959877e-05
9.220000000000000639e+00 5.626319343074486423e-05
9.240000000000000213e+00 5.614085029497796996e-05
9.259999999999999787e+00 5.602014238940564785e-05
9.279999999999999361e+00 5.589885543560280503e-05
9.300000000000000711e+00 5.577918786136235334e-05
9.320000000000000284e+00 5.565894288631995307e-05
9.339999999999999858e+00 5.554030189354172752e-05
9.359999999999999432e+00 5.542108499598829880e-05
9.380000000000000782e+00 5.530345712599604149e-05
9.400000000000000355e+00 5.518525469634107897e-05
9.419999999999999929e+00 5.506862677078541409e-05
9.439999999999999503e+00 5.495142547693468655e-05
9.460000000000000853e+00 5.483578458231029991e-05
9.480000000000000426e+00 5.471957136095917824e-05
9.500000000000000000e+00 5.460490484037909065e-05
9.519999999999999574e+00 5.448966687994517279e-05
9.540000000000000924e+00 5.437596232515897241e-05
9.560000000000000497e+00 5.426168706884996215e-05
9.580000000000000071e+00 5.414893231325826952e-05
9.599999999999999645e+00 5.403560744081911443e-05
9.620000000000000995e+00 5.392379054585575251e-05
9.640000000000000568e+00 5.381140396781520992e-05
9.660000000000000142e+00 5.370051321593656985e-05
9.679999999999999716e+00 5.358905306405513499e-05
9.700000000000001066e+00 5.347907695378252617e-05
9.720000000000000639e+00 5.336853157929240612e-05
9.740000000000000213e+00 5.325945882423994016e-05
9.759999999999999787e+00 5.314981679401290741e-05
9.779999999999999361e+00 5.304163631412441379e-05
9.800000000000000711e+00 5.293288640178550901e-05
9.820000000000000284e+00 5.282558731645354432e-05
9.839999999999999858e+00 5.271771849307734783e-05
9.859999999999999432e+00 5.261129010980062504e-05
9.880000000000000782e+00 5.250429153430115977e-05
9.900000000000000355e+00 5.239872334655477530e-05
9.919999999999999929e+00 5.229258437273870272e-05
9.939999999999999503e+00 5.218786606253424955e-05
9.960000000000000853e+00 5.208257622628910334e-05
9.980000000000000426e+00 5.197869765279614535e-05
1.000000000000000000e+01 5.187424666838806554e-05
