# atom C1 T=2.0 eV, r_i=4.00, Zbar (TFDW) =1.476 , solve_err=2.590e-06
#  r/r_i 				 βuii_eff(r/r_i)
2.000000000000000042e-02 7.145948868371426215e+03
4.000000000000000083e-02 3.462355711728581355e+03
5.999999999999999778e-02 2.235994870821795757e+03
8.000000000000000167e-02 1.624092651153623137e+03
1.000000000000000056e-01 1.257753093622283586e+03
1.199999999999999956e-01 1.014243467510748928e+03
1.400000000000000133e-01 8.408155834419927714e+02
1.600000000000000033e-01 7.112177336276549795e+02
1.799999999999999933e-01 6.107771177573423529e+02
2.000000000000000111e-01 5.307696457242136603e+02
2.200000000000000011e-01 4.655804758307487532e+02
2.399999999999999911e-01 4.115261046905624767e+02
2.600000000000000089e-01 3.660049375666229139e+02
2.800000000000000266e-01 3.272094760397031905e+02
2.999999999999999889e-01 2.937665580409721429e+02
3.200000000000000067e-01 2.646960461240053633e+02
3.400000000000000244e-01 2.391963138799912372e+02
3.599999999999999867e-01 2.167050235833365548e+02
3.800000000000000044e-01 1.966965487873428344e+02
4.000000000000000222e-01 1.789746262529807268e+02
4.199999999999999845e-01 1.633441336857852377e+02
4.400000000000000022e-01 1.494445823122664194e+02
4.600000000000000200e-01 1.370372881322711294e+02
4.799999999999999822e-01 1.258988154219763373e+02
5.000000000000000000e-01 1.158651218510500627e+02
5.200000000000000178e-01 1.067867998764958770e+02
5.400000000000000355e-01 9.854960470162997410e+01
5.600000000000000533e-01 9.104963225378487834e+01
5.799999999999999600e-01 8.420533796414537164e+01
5.999999999999999778e-01 7.794216055437824764e+01
6.199999999999999956e-01 7.220042094857438997e+01
6.400000000000000133e-01 6.692514296320423739e+01
6.600000000000000311e-01 6.207161144264832586e+01
6.800000000000000488e-01 5.759830829999373947e+01
7.000000000000000666e-01 5.347100121547109808e+01
7.199999999999999734e-01 4.965766044513177491e+01
7.399999999999999911e-01 4.613156190129080869e+01
7.600000000000000089e-01 4.286752075167115805e+01
7.800000000000000266e-01 3.984430217506293559e+01
8.000000000000000444e-01 3.704176223833203352e+01
8.200000000000000622e-01 3.444275569000602388e+01
8.399999999999999689e-01 3.203092077825336048e+01
8.599999999999999867e-01 2.979221234010987729e+01
8.800000000000000044e-01 2.771315575263952979e+01
9.000000000000000222e-01 2.578209538392096789e+01
9.200000000000000400e-01 2.398779786835169148e+01
9.400000000000000577e-01 2.232048061729937061e+01
9.599999999999999645e-01 2.077068009340488786e+01
9.799999999999999822e-01 1.933010777344106046e+01
1.000000000000000000e+00 1.799072258099075938e+01
1.020000000000000018e+00 1.674544949164690166e+01
1.040000000000000036e+00 1.558741122415412761e+01
1.060000000000000053e+00 1.451053595212627378e+01
1.080000000000000071e+00 1.350891453011185384e+01
1.100000000000000089e+00 1.257731755473372992e+01
1.120000000000000107e+00 1.171065253193720856e+01
1.140000000000000124e+00 1.090440613665499825e+01
1.159999999999999920e+00 1.015418182700243221e+01
1.179999999999999938e+00 9.456080041031196259e+00
1.199999999999999956e+00 8.806301396647180368e+00
1.219999999999999973e+00 8.201475276227169431e+00
1.239999999999999991e+00 7.638317217063245401e+00
1.260000000000000009e+00 7.113914503164917136e+00
1.280000000000000027e+00 6.625428838553476751e+00
1.300000000000000044e+00 6.170345961021869385e+00
1.320000000000000062e+00 5.746216396238020607e+00
1.340000000000000080e+00 5.350874666644150679e+00
1.360000000000000098e+00 4.982212102547007859e+00
1.380000000000000115e+00 4.638370006498702125e+00
1.400000000000000133e+00 4.317539418058340850e+00
1.419999999999999929e+00 4.018131702918893211e+00
1.439999999999999947e+00 3.738601023929870149e+00
1.459999999999999964e+00 3.477595272872792798e+00
1.479999999999999982e+00 3.233797848205507641e+00
1.500000000000000000e+00 3.006061545266022428e+00
1.520000000000000018e+00 2.793267021318313947e+00
1.540000000000000036e+00 2.594442056108011929e+00
1.560000000000000053e+00 2.408634698943856733e+00
1.580000000000000071e+00 2.235020073319081924e+00
1.600000000000000089e+00 2.072786590036325816e+00
1.620000000000000107e+00 1.921232140284742984e+00
1.640000000000000124e+00 1.779661942940887975e+00
1.660000000000000142e+00 1.647475581618130569e+00
1.679999999999999938e+00 1.524075123755679995e+00
1.699999999999999956e+00 1.408944097908538140e+00
1.719999999999999973e+00 1.301564591833102247e+00
1.739999999999999991e+00 1.201489023275057022e+00
1.760000000000000009e+00 1.108265071148502701e+00
1.780000000000000027e+00 1.021500994295321263e+00
1.800000000000000044e+00 9.407974747955216710e-01
1.820000000000000062e+00 8.658072376665990610e-01
1.840000000000000080e+00 7.961731233668738472e-01
1.860000000000000098e+00 7.315827688116635086e-01
1.880000000000000115e+00 6.717123968554568059e-01
1.900000000000000133e+00 6.162772620769301213e-01
1.919999999999999929e+00 5.649807059317503155e-01
1.939999999999999947e+00 5.175609311324685935e-01
1.959999999999999964e+00 4.737448388462159321e-01
1.979999999999999982e+00 4.332915102253619977e-01
2.000000000000000000e+00 3.959502743128821001e-01
2.020000000000000018e+00 3.615011053684712428e-01
2.040000000000000036e+00 3.297163286739639432e-01
2.060000000000000053e+00 3.003980355901013644e-01
2.080000000000000071e+00 2.733428539535304735e-01
2.100000000000000089e+00 2.483764536630891362e-01
2.120000000000000107e+00 2.253208882582223016e-01
2.140000000000000124e+00 2.040262952748734260e-01
2.160000000000000142e+00 1.843404307031021316e-01
2.180000000000000160e+00 1.661377280875574458e-01
2.200000000000000178e+00 1.492907661199737723e-01
2.220000000000000195e+00 1.336969078484548934e-01
2.240000000000000213e+00 1.192515393843631283e-01
2.260000000000000231e+00 1.058725465757628381e-01
2.280000000000000249e+00 9.347522847641914767e-02
2.300000000000000266e+00 8.199487751630357701e-02
2.319999999999999840e+00 7.136330534830750971e-02
2.339999999999999858e+00 6.152977750804069362e-02
2.359999999999999876e+00 5.243909868045101841e-02
2.379999999999999893e+00 4.405112216478428849e-02
2.399999999999999911e+00 3.632033580497658065e-02
2.419999999999999929e+00 2.921412879386753314e-02
2.439999999999999947e+00 2.269380688018048098e-02
2.459999999999999964e+00 1.673176096505242516e-02
2.479999999999999982e+00 1.129382678032958554e-02
2.500000000000000000e+00 6.355465756679837958e-03
2.520000000000000018e+00 1.885373796065212965e-03
2.540000000000000036e+00 -2.139242784258834490e-03
2.560000000000000053e+00 -5.747910839174228542e-03
2.580000000000000071e+00 -8.962457365999532827e-03
2.600000000000000089e+00 -1.181120823541821283e-02
2.620000000000000107e+00 -1.431535045302200632e-02
2.640000000000000124e+00 -1.650218593185408256e-02
2.660000000000000142e+00 -1.839225041702122893e-02
2.680000000000000160e+00 -2.001171605716216273e-02
2.700000000000000178e+00 -2.138023320107344805e-02
2.720000000000000195e+00 -2.252256721026723099e-02
2.740000000000000213e+00 -2.345713127589462571e-02
2.760000000000000231e+00 -2.420693345774021024e-02
2.780000000000000249e+00 -2.478876879939988578e-02
2.800000000000000266e+00 -2.522354283252370780e-02
2.819999999999999840e+00 -2.552609046405260665e-02
2.839999999999999858e+00 -2.571493278035151542e-02
2.859999999999999876e+00 -2.580268907693085423e-02
2.879999999999999893e+00 -2.580531513912356217e-02
2.899999999999999911e+00 -2.573307377382610950e-02
2.919999999999999929e+00 -2.559929503547895766e-02
2.939999999999999947e+00 -2.541186991380735977e-02
2.959999999999999964e+00 -2.518156630456385228e-02
2.979999999999999982e+00 -2.491401023444202514e-02
3.000000000000000000e+00 -2.461758574040360734e-02
3.020000000000000018e+00 -2.429586822757258055e-02
3.040000000000000036e+00 -2.395513182022026427e-02
3.060000000000000053e+00 -2.359720018382666790e-02
3.080000000000000071e+00 -2.322658131505862464e-02
3.100000000000000089e+00 -2.284370244820510196e-02
3.120000000000000107e+00 -2.245168961461898802e-02
3.140000000000000124e+00 -2.204995505761127988e-02
3.160000000000000142e+00 -2.164063712210155532e-02
3.180000000000000160e+00 -2.122251087627896257e-02
3.200000000000000178e+00 -2.079710288931996276e-02
3.220000000000000195e+00 -2.036289839944415217e-02
3.240000000000000213e+00 -1.992114512840535007e-02
3.260000000000000231e+00 -1.947033320990295552e-02
3.280000000000000249e+00 -1.901170225358237223e-02
3.300000000000000266e+00 -1.854397326633251686e-02
3.320000000000000284e+00 -1.806857355990978964e-02
3.339999999999999858e+00 -1.758460293758584009e-02
3.359999999999999876e+00 -1.709379162929575494e-02
3.379999999999999893e+00 -1.659568599216929702e-02
3.399999999999999911e+00 -1.609235532769564755e-02
3.419999999999999929e+00 -1.558378514406718110e-02
3.439999999999999947e+00 -1.507234932785268475e-02
3.459999999999999964e+00 -1.455840149950265484e-02
3.479999999999999982e+00 -1.404452939676349710e-02
3.500000000000000000e+00 -1.353133688032161393e-02
3.520000000000000018e+00 -1.302149738696544920e-02
3.540000000000000036e+00 -1.251572054703205261e-02
3.560000000000000053e+00 -1.201662104275485858e-02
3.580000000000000071e+00 -1.152486450970250514e-02
3.600000000000000089e+00 -1.104286701029296401e-02
3.620000000000000107e+00 -1.057111490958342892e-02
3.640000000000000124e+00 -1.011170853136795882e-02
3.660000000000000142e+00 -9.664850120374716275e-03
3.680000000000000160e+00 -9.232243197815931390e-03
3.700000000000000178e+00 -8.813741780438862777e-03
3.720000000000000195e+00 -8.410614757888758980e-03
3.740000000000000213e+00 -8.022348466714474685e-03
3.760000000000000231e+00 -7.649783305942380214e-03
3.780000000000000249e+00 -7.292060822540417236e-03
3.800000000000000266e+00 -6.949637993798394968e-03
3.820000000000000284e+00 -6.621369369390455069e-03
3.839999999999999858e+00 -6.307403128954977393e-03
3.859999999999999876e+00 -6.006388645961722138e-03
3.879999999999999893e+00 -5.718257632440010112e-03
3.899999999999999911e+00 -5.441547773849890988e-03
3.919999999999999929e+00 -5.176071967712149099e-03
3.939999999999999947e+00 -4.920349346882824625e-03
3.959999999999999964e+00 -4.674165718114652902e-03
3.979999999999999982e+00 -4.436104255164856000e-03
4.000000000000000000e+00 -4.206000605383715049e-03
4.020000000000000462e+00 -3.982566629305394137e-03
4.040000000000000036e+00 -3.765744138984865839e-03
4.060000000000000497e+00 -3.554416185839287014e-03
4.080000000000000071e+00 -3.348663888960089121e-03
4.099999999999999645e+00 -3.147560805671583469e-03
4.120000000000000107e+00 -2.951337710805774540e-03
4.139999999999999680e+00 -2.759256446611591754e-03
4.160000000000000142e+00 -2.571687773669291410e-03
4.179999999999999716e+00 -2.388061767198394140e-03
4.200000000000000178e+00 -2.208863937709885580e-03
4.219999999999999751e+00 -2.033659690308799867e-03
4.240000000000000213e+00 -1.863013814816138992e-03
4.259999999999999787e+00 -1.696586783542967849e-03
4.280000000000000249e+00 -1.534982468882439008e-03
4.299999999999999822e+00 -1.377914148047991883e-03
4.320000000000000284e+00 -1.225984937442662183e-03
4.339999999999999858e+00 -1.078921344159409785e-03
4.360000000000000320e+00 -9.372904682593756302e-04
4.379999999999999893e+00 -8.007988320790983576e-04
4.400000000000000355e+00 -6.699499263953740194e-04
4.419999999999999929e+00 -5.444058959565224905e-04
4.440000000000000391e+00 -4.245885251141992968e-04
4.459999999999999964e+00 -3.101012089410576161e-04
4.480000000000000426e+00 -2.012760325238802518e-04
4.500000000000000000e+00 -9.765332352554986447e-05
4.520000000000000462e+00 5.229167019507134036e-07
4.540000000000000036e+00 9.377067028476628117e-05
4.560000000000000497e+00 1.819241819359346626e-04
4.580000000000000071e+00 2.655476448650821069e-04
4.600000000000000533e+00 3.445375042859526345e-04
4.620000000000000107e+00 4.194869616777058404e-04
4.639999999999999680e+00 4.903347844103986535e-04
4.660000000000000142e+00 5.576833253409135046e-04
4.679999999999999716e+00 6.214924189482316482e-04
4.700000000000000178e+00 6.823534653669280619e-04
4.719999999999999751e+00 7.402270328939778918e-04
4.740000000000000213e+00 7.956753639465670306e-04
4.759999999999999787e+00 8.486422841928140679e-04
4.780000000000000249e+00 8.996462691172364559e-04
4.799999999999999822e+00 9.486012149509987119e-04
4.820000000000000284e+00 9.959719622512207705e-04
4.839999999999999858e+00 1.041634414427549836e-03
4.860000000000000320e+00 1.085995181555413037e-03
4.879999999999999893e+00 1.128889464180344226e-03
4.900000000000000355e+00 1.170666256468941248e-03
4.919999999999999929e+00 1.211122352629569882e-03
4.940000000000000391e+00 1.250554351825159142e-03
4.959999999999999964e+00 1.288727116167487667e-03
4.980000000000000426e+00 1.325893663957773390e-03
5.000000000000000000e+00 1.361796404326179061e-03
5.020000000000000462e+00 1.396655892054076992e-03
5.040000000000000036e+00 1.430203201478063299e-03
5.060000000000000497e+00 1.462638444349282025e-03
5.080000000000000071e+00 1.493692722573053498e-03
5.100000000000000533e+00 1.523557287817295857e-03
5.120000000000000107e+00 1.551973615660456104e-03
5.139999999999999680e+00 1.579134089017748517e-03
5.160000000000000142e+00 1.604798869718727537e-03
5.179999999999999716e+00 1.629169023051103751e-03
5.200000000000000178e+00 1.652029002540035844e-03
5.219999999999999751e+00 1.673593178473404804e-03
5.240000000000000213e+00 1.693672898865834211e-03
5.259999999999999787e+00 1.712497429887942626e-03
5.280000000000000249e+00 1.729904688499907684e-03
5.299999999999999822e+00 1.746137638171806452e-03
5.320000000000000284e+00 1.761057900668960971e-03
5.339999999999999858e+00 1.774918666692816300e-03
5.360000000000000320e+00 1.787600486499675914e-03
5.379999999999999893e+00 1.799361748038918324e-03
5.400000000000000355e+00 1.810096004178859486e-03
5.419999999999999929e+00 1.820061042973807443e-03
5.440000000000000391e+00 1.829157141161195672e-03
5.459999999999999964e+00 1.837635697166376718e-03
5.480000000000000426e+00 1.845397808148094374e-03
5.500000000000000000e+00 1.852683368971220698e-03
5.520000000000000462e+00 1.859389367453168291e-03
5.540000000000000036e+00 1.865740269629495010e-03
5.560000000000000497e+00 1.871625402989098496e-03
5.580000000000000071e+00 1.877251369683440897e-03
5.600000000000000533e+00 1.882497868899022731e-03
5.620000000000000107e+00 1.887552797630882807e-03
5.639999999999999680e+00 1.892285844095381976e-03
5.660000000000000142e+00 1.896866864184304502e-03
5.679999999999999716e+00 1.901156567947964032e-03
5.700000000000000178e+00 1.905308700564942084e-03
5.719999999999999751e+00 1.909177139445848714e-03
5.740000000000000213e+00 1.912902365461568738e-03
5.759999999999999787e+00 1.916334304368577657e-03
5.780000000000000249e+00 1.919603539715588822e-03
5.799999999999999822e+00 1.922559251643611664e-03
5.820000000000000284e+00 1.925325608470812664e-03
5.839999999999999858e+00 1.927754189006632016e-03
5.860000000000000320e+00 1.929965980246144521e-03
5.879999999999999893e+00 1.931817711332032943e-03
5.900000000000000355e+00 1.933429885630937256e-03
5.919999999999999929e+00 1.934666494933565302e-03
5.940000000000000391e+00 1.935649520934016850e-03
5.959999999999999964e+00 1.936251544921184942e-03
5.980000000000000426e+00 1.936597159757918020e-03
6.000000000000000000e+00 1.936568033261525318e-03
6.020000000000000462e+00 1.936291676150468004e-03
6.040000000000000036e+00 1.935658556027282200e-03
6.060000000000000497e+00 1.934798666782116226e-03
6.080000000000000071e+00 1.933610324410678545e-03
6.100000000000000533e+00 1.932224987347421451e-03
6.120000000000000107e+00 1.930547388687607613e-03
6.140000000000000568e+00 1.928709040904011754e-03
6.160000000000000142e+00 1.926619380304727888e-03
6.179999999999999716e+00 1.924408379772131125e-03
6.200000000000000178e+00 1.921988394906041370e-03
6.219999999999999751e+00 1.919486290166147816e-03
6.240000000000000213e+00 1.916815680878038511e-03
6.259999999999999787e+00 1.914098951717886285e-03
6.280000000000000249e+00 1.911249594120983594e-03
6.299999999999999822e+00 1.908384474965461874e-03
6.320000000000000284e+00 1.905415965811694222e-03
6.339999999999999858e+00 1.902454792715364308e-03
6.360000000000000320e+00 1.899411653306506270e-03
6.379999999999999893e+00 1.896390953963448568e-03
6.400000000000000355e+00 1.893301609693966332e-03
6.419999999999999929e+00 1.890241949979180359e-03
6.440000000000000391e+00 1.887119398648045600e-03
6.459999999999999964e+00 1.884026810197103434e-03
6.480000000000000426e+00 1.880870726149142316e-03
6.500000000000000000e+00 1.877739387674151692e-03
6.520000000000000462e+00 1.874539272609469006e-03
6.540000000000000036e+00 1.871355018767362557e-03
6.560000000000000497e+00 1.868093955354342001e-03
6.580000000000000071e+00 1.864838160664608092e-03
6.600000000000000533e+00 1.861496710488652531e-03
6.620000000000000107e+00 1.858150088623118212e-03
6.640000000000000568e+00 1.854709893482080815e-03
6.660000000000000142e+00 1.851255819294121046e-03
6.679999999999999716e+00 1.847702572489879399e-03
6.700000000000000178e+00 1.844129637388906536e-03
6.719999999999999751e+00 1.840455174097611500e-03
6.740000000000000213e+00 1.836758787086804337e-03
6.759999999999999787e+00 1.832962187254588400e-03
6.780000000000000249e+00 1.829145176032551936e-03
6.799999999999999822e+00 1.825232873219682743e-03
6.820000000000000284e+00 1.821305131687107892e-03
6.839999999999999858e+00 1.817290141961673371e-03
6.860000000000000320e+00 1.813267488083742177e-03
6.879999999999999893e+00 1.809167951967501770e-03
6.900000000000000355e+00 1.805070416831055114e-03
6.919999999999999929e+00 1.800907700487088935e-03
6.940000000000000391e+00 1.796757506806136509e-03
6.959999999999999964e+00 1.792554123005610494e-03
6.980000000000000426e+00 1.788373611459691693e-03
7.000000000000000000e+00 1.784151210397862206e-03
7.020000000000000462e+00 1.779960949884641132e-03
7.040000000000000036e+00 1.775738598194583073e-03
7.060000000000000497e+00 1.771555873439226506e-03
7.080000000000000071e+00 1.767348776579218649e-03
7.100000000000000533e+00 1.763186564305089122e-03
7.120000000000000107e+00 1.759005313014628874e-03
7.140000000000000568e+00 1.754871807553582243e-03
7.160000000000000142e+00 1.750722181148044827e-03
7.179999999999999716e+00 1.746620863190013768e-03
7.200000000000000178e+00 1.742504142383808708e-03
7.219999999999999751e+00 1.738434312945563850e-03
7.240000000000000213e+00 1.734348010008595004e-03
7.259999999999999787e+00 1.730305685093133173e-03
7.280000000000000249e+00 1.726244566604505110e-03
7.299999999999999822e+00 1.722223591575860720e-03
7.320000000000000284e+00 1.718180848335572938e-03
7.339999999999999858e+00 1.714174088151957254e-03
7.360000000000000320e+00 1.710142513139016086e-03
7.379999999999999893e+00 1.706142986639902709e-03
7.400000000000000355e+00 1.702116034772418497e-03
7.419999999999999929e+00 1.698117874524951009e-03
7.440000000000000391e+00 1.694090503698042136e-03
7.459999999999999964e+00 1.690089662883126950e-03
7.480000000000000426e+00 1.686058895379414753e-03
7.500000000000000000e+00 1.682053558845739843e-03
7.520000000000000462e+00 1.678018739690085963e-03
7.540000000000000036e+00 1.674009428196990843e-03
7.560000000000000497e+00 1.669972181428803441e-03
7.580000000000000071e+00 1.665961573902481618e-03
7.600000000000000533e+00 1.661925506110703988e-03
7.620000000000000107e+00 1.657918038995863375e-03
7.640000000000000568e+00 1.653888249332733339e-03
7.660000000000000142e+00 1.649889557485599654e-03
7.679999999999999716e+00 1.645872031102303071e-03
7.700000000000000178e+00 1.641888309915425122e-03
7.719999999999999751e+00 1.637889269156711687e-03
7.740000000000000213e+00 1.633926640226785604e-03
7.759999999999999787e+00 1.629951940207713910e-03
7.780000000000000249e+00 1.626015887455423570e-03
7.799999999999999822e+00 1.622070508013851668e-03
7.820000000000000284e+00 1.618165436954454358e-03
7.839999999999999858e+00 1.614253115671543913e-03
7.860000000000000320e+00 1.610382069111291822e-03
7.879999999999999893e+00 1.606505105930301682e-03
7.900000000000000355e+00 1.602669656563324900e-03
7.919999999999999929e+00 1.598828890430195777e-03
7.940000000000000391e+00 1.595029195824154396e-03
7.959999999999999964e+00 1.591224132100111689e-03
7.980000000000000426e+00 1.587459129154537157e-03
8.000000000000000000e+00 1.583688192536876396e-03
8.019999999999999574e+00 1.579955899145593125e-03
8.040000000000000924e+00 1.576216773524788351e-03
8.060000000000000497e+00 1.572514652474562343e-03
8.080000000000000071e+00 1.568804655719402419e-03
8.099999999999999645e+00 1.565129990307647474e-03
8.120000000000000995e+00 1.561446440699766798e-03
8.140000000000000568e+00 1.557796683411582497e-03
8.160000000000000142e+00 1.554137222337630651e-03
8.179999999999999716e+00 1.550510282477769210e-03
8.199999999999999289e+00 1.546873120994917902e-03
8.220000000000000639e+00 1.543267566165269257e-03
8.240000000000000213e+00 1.539651636359058934e-03
8.259999999999999787e+00 1.536066791864967255e-03
8.279999999999999361e+00 1.532471797330791545e-03
8.300000000000000711e+00 1.528907750973262014e-03
8.320000000000000284e+00 1.525334126538220808e-03
8.339999999999999858e+00 1.521791643296719915e-03
8.359999999999999432e+00 1.518240429085803908e-03
8.380000000000000782e+00 1.514720795098953255e-03
8.400000000000000355e+00 1.511193458430755247e-03
8.419999999999999929e+00 1.507698282515465690e-03
8.439999999999999503e+00 1.504196504977263742e-03
8.460000000000000853e+00 1.500727502726669849e-03
8.480000000000000426e+00 1.497252968087463840e-03
8.500000000000000000e+00 1.493811756764858514e-03
8.519999999999999574e+00 1.490365957561720026e-03
8.540000000000000924e+00 1.486953879750179232e-03
8.560000000000000497e+00 1.483537962741440005e-03
8.580000000000000071e+00 1.480155957055899951e-03
8.599999999999999645e+00 1.476770621536371061e-03
8.620000000000000995e+00 1.473419150740075271e-03
8.640000000000000568e+00 1.470064607208519235e-03
8.660000000000000142e+00 1.466743645938067093e-03
8.679999999999999716e+00 1.463419631791374083e-03
8.700000000000001066e+00 1.460128709473242081e-03
8.720000000000000639e+00 1.456834555065041406e-03
8.740000000000000213e+00 1.453572840621502292e-03
8.759999999999999787e+00 1.450307571125503949e-03
8.779999999999999361e+00 1.447073989737220458e-03
8.800000000000000711e+00 1.443836451941632546e-03
8.820000000000000284e+00 1.440629816301036009e-03
8.839999999999999858e+00 1.437418809397275534e-03
8.859999999999999432e+00 1.434237947071426373e-03
8.880000000000000782e+00 1.431052344088703859e-03
8.900000000000000355e+00 1.427896209671048649e-03
8.919999999999999929e+00 1.424735057800812638e-03
8.939999999999999503e+00 1.421602818914568427e-03
8.960000000000000853e+00 1.418465407309272945e-03
8.980000000000000426e+00 1.415356492855616988e-03
9.000000000000000000e+00 1.412242384503627907e-03
9.019999999999999574e+00 1.409156502015605685e-03
9.040000000000000924e+00 1.406065533435592319e-03
9.060000000000000497e+00 1.403002649041921752e-03
9.080000000000000071e+00 1.399934894436863798e-03
9.099999999999999645e+00 1.396895185431824837e-03
9.120000000000000995e+00 1.393850897770841039e-03
9.140000000000000568e+00 1.390834683083237624e-03
9.160000000000000142e+00 1.387814217234287001e-03
9.179999999999999716e+00 1.384821877374062564e-03
9.200000000000001066e+00 1.381825611723127385e-03
9.220000000000000639e+00 1.378857512924657001e-03
9.240000000000000213e+00 1.375885773833444023e-03
9.259999999999999787e+00 1.372942195667067877e-03
9.279999999999999361e+00 1.369995193848617000e-03
9.300000000000000711e+00 1.367076276669424838e-03
9.320000000000000284e+00 1.364154065397469142e-03
9.339999999999999858e+00 1.361259778816359574e-03
9.359999999999999432e+00 1.358362233050066769e-03
9.380000000000000782e+00 1.355492366263196663e-03
9.400000000000000355e+00 1.352619185040723629e-03
9.419999999999999929e+00 1.349773362328599274e-03
9.439999999999999503e+00 1.346924095320358589e-03
9.460000000000000853e+00 1.344101809372904958e-03
9.480000000000000426e+00 1.341275895382659789e-03
9.500000000000000000e+00 1.338476552527652005e-03
9.519999999999999574e+00 1.335673371366304790e-03
9.540000000000000924e+00 1.332896346129170762e-03
9.560000000000000497e+00 1.330115271904136996e-03
9.580000000000000071e+00 1.327359958564320111e-03
9.599999999999999645e+00 1.324600411072506759e-03
9.620000000000000995e+00 1.321866273146297564e-03
9.640000000000000568e+00 1.319127759446079174e-03
9.660000000000000142e+00 1.316414361503305064e-03
9.679999999999999716e+00 1.313696501561366055e-03
9.700000000000001066e+00 1.311003529391157468e-03
9.720000000000000639e+00 1.308306067872640199e-03
9.740000000000000213e+00 1.305633330268033462e-03
9.759999999999999787e+00 1.302956129584169429e-03
9.779999999999999361e+00 1.300303544489958378e-03
9.800000000000000711e+00 1.297646563087207026e-03
9.820000000000000284e+00 1.295014127395206511e-03
9.839999999999999858e+00 1.292377387325100964e-03
9.859999999999999432e+00 1.289765152526417720e-03
9.880000000000000782e+00 1.287148717469434236e-03
9.900000000000000355e+00 1.284556748737907027e-03
9.919999999999999929e+00 1.281960665101051881e-03
9.939999999999999503e+00 1.279388986666593273e-03
9.960000000000000853e+00 1.276813240442015596e-03
9.980000000000000426e+00 1.274261798935924419e-03
1.000000000000000000e+01 1.271706284899361316e-03
