# atom Cu1 T=1.0 eV, r_i=1.21, Zbar (TFDW) =2.667 , solve_err=1.092e-08
#  r/r_i 				 gii(r/r_i) 				 gie(r/r_i) 				 gee(r/r_i)
1.000000000000000021e-02 0.000000000000000000e+00 6.771651333814809881e-02 1.124145596768534316e-01
2.000000000000000042e-02 0.000000000000000000e+00 6.773999357059612425e-02 1.159967687099371370e-01
2.999999999999999889e-02 0.000000000000000000e+00 6.777914306003884892e-02 1.198563568154875636e-01
4.000000000000000083e-02 0.000000000000000000e+00 6.783398550389008186e-02 1.237799486600206222e-01
5.000000000000000278e-02 0.000000000000000000e+00 6.790455409098805628e-02 1.278425220431973486e-01
5.999999999999999778e-02 0.000000000000000000e+00 6.799089159216575862e-02 1.319976501036919103e-01
7.000000000000000666e-02 0.000000000000000000e+00 6.809305036238133546e-02 1.362795090604586035e-01
8.000000000000000167e-02 0.000000000000000000e+00 6.821109245950607303e-02 1.406673393267242611e-01
8.999999999999999667e-02 0.000000000000000000e+00 6.834508966405417052e-02 1.451823297382326405e-01
1.000000000000000056e-01 0.000000000000000000e+00 6.849512362947096644e-02 1.498127917943857801e-01
1.100000000000000006e-01 0.000000000000000000e+00 6.866128591500619827e-02 1.545740761121807694e-01
1.199999999999999956e-01 0.000000000000000000e+00 6.884367817295278247e-02 1.594587564699495585e-01
1.300000000000000044e-01 0.000000000000000000e+00 6.904241218637874322e-02 1.644790134165738937e-01
1.400000000000000133e-01 0.000000000000000000e+00 6.925761010402509132e-02 1.696297172033258693e-01
1.499999999999999944e-01 0.000000000000000000e+00 6.948940446491025380e-02 1.749210980114783709e-01
1.600000000000000033e-01 0.000000000000000000e+00 6.973793850709775199e-02 1.803493388751045146e-01
1.700000000000000122e-01 0.000000000000000000e+00 7.000336612997548613e-02 1.859233526929028324e-01
1.799999999999999933e-01 0.000000000000000000e+00 7.028585236645279455e-02 1.916400660599089090e-01
1.900000000000000022e-01 0.000000000000000000e+00 7.058557307157886651e-02 1.975074333440522967e-01
2.000000000000000111e-01 0.000000000000000000e+00 5.399612876183738308e+00 2.035227535136023835e-01
2.099999999999999922e-01 0.000000000000000000e+00 5.086304026978574200e+00 2.096932407629809036e-01
2.200000000000000011e-01 0.000000000000000000e+00 4.798743509497096049e+00 2.160162968512677750e-01
2.300000000000000100e-01 0.000000000000000000e+00 4.534438971178127886e+00 2.224985398122654168e-01
2.399999999999999911e-01 0.000000000000000000e+00 4.291171675161757904e+00 2.291372570572490774e-01
2.500000000000000000e-01 0.000000000000000000e+00 4.066963520240088670e+00 2.359385779940722516e-01
2.600000000000000089e-01 1.110223024625156540e-16 3.860048341576104214e+00 2.428994813809050024e-01
2.700000000000000178e-01 7.771561172376095783e-16 3.668846866457298184e+00 2.500257059725369269e-01
2.800000000000000266e-01 4.996003610813204432e-15 3.491944868714623063e+00 2.573137269371486013e-01
2.899999999999999800e-01 2.908784324517910136e-14 3.328074074824409312e+00 2.647690071834911674e-01
2.999999999999999889e-01 1.504352198367087112e-13 3.176095467543846418e+00 2.723872949272938548e-01
3.099999999999999978e-01 6.963318810448981822e-13 3.034984659286290132e+00 2.801739466826549396e-01
3.200000000000000067e-01 2.918110197924761451e-12 2.903819068154330996e+00 2.881236830026879803e-01
3.300000000000000155e-01 1.117017589535862498e-11 2.781766654756898216e+00 2.962420537346128757e-01
3.400000000000000244e-01 3.936617698485633809e-11 2.668076019967161372e+00 3.045222571778691822e-01
3.500000000000000333e-01 1.286597495209207409e-10 2.562067684387406619e+00 3.129706688603635101e-01
3.599999999999999867e-01 3.923285030182910305e-10 2.463126400141514960e+00 3.215779047516074129e-01
3.699999999999999956e-01 1.122785420193395112e-09 2.370694361584503529e+00 3.303529049169742215e-01
3.800000000000000044e-01 3.029743678162333254e-09 2.284265203052535220e+00 3.392801953723343367e-01
3.900000000000000133e-01 7.747710140115771082e-09 2.203378683869856580e+00 3.483802769204595862e-01
4.000000000000000222e-01 1.881096167721807433e-08 2.127615976538248521e+00 3.575596258930019422e-01
4.100000000000000311e-01 4.344063930794561657e-08 2.056595483097629184e+00 3.667285993743427674e-01
4.199999999999999845e-01 9.581005844250256587e-08 1.989969116214635347e+00 3.759076974858206466e-01
4.299999999999999933e-01 2.024284043722346382e-07 1.927418988319954174e+00 3.850854481075747238e-01
4.400000000000000022e-01 4.110117766131793360e-07 1.868654460702126929e+00 3.942694661547281321e-01
4.500000000000000111e-01 8.040609273951559999e-07 1.813409509513071116e+00 4.034532380901213466e-01
4.600000000000000200e-01 1.519499999491635833e-06 1.761440372054642989e+00 4.126405130238481878e-01
4.700000000000000289e-01 2.780000328272969057e-06 1.712523440496582783e+00 4.218262175738340947e-01
4.799999999999999822e-01 4.934650304710963553e-06 1.666453374983401403e+00 4.310119780174532789e-01
4.899999999999999911e-01 8.514202778808765970e-06 1.623041410948720564e+00 4.401931659469628944e-01
5.000000000000000000e-01 1.430515718336966557e-05 1.582113839047885495e+00 4.493699530097263750e-01
5.100000000000000089e-01 2.344172071688799264e-05 1.543510638336044627e+00 4.585377719067917912e-01
5.200000000000000178e-01 3.752310952542803335e-05 1.507084245954017687e+00 4.676956980938891117e-01
5.300000000000000266e-01 5.874992402010725812e-05 1.472698448395692861e+00 4.768390701281752797e-01
5.400000000000000355e-01 9.009090190448265645e-05 1.440227381242824567e+00 4.859661069702998493e-01
5.500000000000000444e-01 1.354637337853681345e-04 1.409554625920839799e+00 4.950720042565390777e-01
5.600000000000000533e-01 1.999488120891790288e-04 1.380572392975298435e+00 5.041543096611517116e-01
5.700000000000000622e-01 2.900028497482276535e-04 1.353180783345915073e+00 5.132080831130650944e-01
5.799999999999999600e-01 4.137058349613642605e-04 1.327287118620440687e+00 5.222303571297083336e-01
5.899999999999999689e-01 5.809823348434939305e-04 1.302805335288562905e+00 5.312160943362037591e-01
5.999999999999999778e-01 8.038566790938839191e-04 1.279655428205354051e+00 5.401619501074902407e-01
6.099999999999999867e-01 1.096644724991380215e-03 1.257762918318098277e+00 5.490628455280390785e-01
6.199999999999999956e-01 1.476184540200931039e-03 1.237058401862927148e+00 5.579151835926245973e-01
6.300000000000000044e-01 1.961953909359603898e-03 1.217477146390908871e+00 5.667139084617620615e-01
6.400000000000000133e-01 2.576242198103373404e-03 1.198958720973859027e+00 5.754552843201815593e-01
6.500000000000000222e-01 3.344148265616686544e-03 1.181446659152121992e+00 5.841343462318134838e-01
6.600000000000000311e-01 4.293665081399056227e-03 1.164888150862415372e+00 5.927473226618028557e-01
6.700000000000000400e-01 5.455519619656512553e-03 1.149233761014677668e+00 6.012894066601652820e-01
6.800000000000000488e-01 6.863154678736882452e-03 1.134437172124054927e+00 6.097568836545084192e-01
6.900000000000000577e-01 8.552385666238837558e-03 1.120454948861401290e+00 6.181451681511562768e-01
7.000000000000000666e-01 1.056128181638427144e-02 1.107246322540575534e+00 6.264506846151784991e-01
7.099999999999999645e-01 1.292963204556962786e-02 1.094772993702259889e+00 6.346691267652375679e-01
7.199999999999999734e-01 1.569874721706110421e-02 1.082998951226605833e+00 6.427971293122561880e-01
7.299999999999999822e-01 1.891074528882563666e-02 1.071890306414765348e+00 6.508307157128935261e-01
7.399999999999999911e-01 2.260831403632101999e-02 1.061415140776268640e+00 6.587667910679187999e-01
7.500000000000000000e-01 2.683384144816547412e-02 1.051543366206907582e+00 6.666017508291669502e-01
7.600000000000000089e-01 3.162919148777254552e-02 1.042246596526760438e+00 6.743328195029316685e-01
7.700000000000000178e-01 3.703471675802050278e-02 1.033498029272427177e+00 6.819567978948136711e-01
7.800000000000000266e-01 4.308910658691511575e-02 1.025272336894797576e+00 6.894712679131697053e-01
7.900000000000000355e-01 4.982832410839688198e-02 1.017545566435984705e+00 6.968734599031215504e-01
8.000000000000000444e-01 5.728558556713692074e-02 1.010295046981338096e+00 7.041613404509646790e-01
8.100000000000000533e-01 6.549026304150673550e-02 1.003499304115677226e+00 7.113325844939859532e-01
8.200000000000000622e-01 7.446804693240538509e-02 9.971379807968693276e-01 7.183855603514712751e-01
8.300000000000000711e-01 8.423984947355778186e-02 9.911917640124487949e-01 7.253183938027701894e-01
8.399999999999999689e-01 9.482219033593186630e-02 9.856423167290427889e-01 7.321298624146346246e-01
8.499999999999999778e-01 1.062261263618671236e-01 9.804722146216194867e-01 7.388185407885953238e-01
8.599999999999999867e-01 1.184578850402526751e-01 9.756648871730763117e-01 7.453836145137796576e-01
8.699999999999999956e-01 1.315178344089563689e-01 9.712045627396771463e-01 7.518240974272025756e-01
8.800000000000000044e-01 1.454013729202449090e-01 9.670762172406557333e-01 7.581395740985960030e-01
8.900000000000000133e-01 1.600979419563923756e-01 9.632655261644041955e-01 7.643294812926355597e-01
9.000000000000000222e-01 1.755921651843157516e-01 9.597588196060407029e-01 7.703937867147996332e-01
9.100000000000000311e-01 1.918628960843908882e-01 9.565430401145875727e-01 7.763323279732393667e-01
9.200000000000000400e-01 2.088845867359465647e-01 9.536057031104798742e-01 7.821454343298809286e-01
9.300000000000000488e-01 2.266263551680210986e-01 9.509348597262760050e-01 7.878333173780522891e-01
9.400000000000000577e-01 2.450535535409097410e-01 9.485190618671719420e-01 7.933966417113239578e-01
9.500000000000000666e-01 2.641268354844579225e-01 9.463473294073768693e-01 7.988359622972387442e-01
9.599999999999999645e-01 2.838038872272911073e-01 9.444091193451823463e-01 8.041522492675841072e-01
9.699999999999999734e-01 3.040384734279663048e-01 9.426942968844990167e-01 8.093463676072428781e-01
9.799999999999999822e-01 3.247822918760783217e-01 9.411931082827912354e-01 8.144195606604686111e-01
9.899999999999999911e-01 3.459839773162811660e-01 9.398961554737299551e-01 8.193729682897865629e-01
1.000000000000000000e+00 3.675910404818938382e-01 9.387943723133693741e-01 8.242080731656294956e-01
1.010000000000000009e+00 3.895488124974318955e-01 9.378790024882091014e-01 8.289262540017381387e-01
1.020000000000000018e+00 4.118024315743826769e-01 9.371415789358225057e-01 8.335291982362952323e-01
1.030000000000000027e+00 4.342957150778753439e-01 9.365739048370655961e-01 8.380184873323925920e-01
1.040000000000000036e+00 4.569731614902035055e-01 9.361680360269588608e-01 8.423959790567560058e-01
1.050000000000000044e+00 4.797787424575071791e-01 9.359162648958779807e-01 8.466634221587792108e-01
1.060000000000000053e+00 5.026578929019180908e-01 9.358111056207578660e-01 8.508228110994715543e-01
1.070000000000000062e+00 5.255562207139669040e-01 9.358452808041738402e-01 8.548760277003365493e-01
1.080000000000000071e+00 5.484214635410317173e-01 9.360117093515311071e-01 8.588251708634873083e-01
1.090000000000000080e+00 5.712021187700651037e-01 9.363034956656350882e-01 8.626722230204924013e-01
1.100000000000000089e+00 5.938493510370911332e-01 9.367139199789248361e-01 8.664193571091320933e-01
1.110000000000000098e+00 6.163155494072173335e-01 9.372364299008493216e-01 8.700686258590283328e-01
1.120000000000000107e+00 6.385561746769626845e-01 9.378646329915628632e-01 8.736222480466891982e-01
1.130000000000000115e+00 6.605282540002018754e-01 9.385922904357895113e-01 8.770823188348391142e-01
1.140000000000000124e+00 6.821921613688571862e-01 9.394133116209065770e-01 8.804510771114106849e-01
1.150000000000000133e+00 7.035100622740411147e-01 9.403217496887307236e-01 8.837306352575188262e-01
1.159999999999999920e+00 7.244476242467454696e-01 9.413117978606736491e-01 8.869232291846605998e-01
1.169999999999999929e+00 7.449724255096623615e-01 9.423777866015019544e-01 8.900309660459581051e-01
1.179999999999999938e+00 7.650555951276412081e-01 9.435141814201561949e-01 8.930560584162317017e-01
1.189999999999999947e+00 7.846702000868208682e-01 9.447155813693145499e-01 8.960005885854308572e-01
1.199999999999999956e+00 8.037928165046503981e-01 9.459767180442707479e-01 8.988667281760136518e-01
1.209999999999999964e+00 8.224019093150031212e-01 9.472924551402440718e-01 9.016565177688919963e-01
1.219999999999999973e+00 8.404793372170431542e-01 9.486577883740304751e-01 9.043720731194830886e-01
1.229999999999999982e+00 8.580087383042481752e-01 9.500678458276536897e-01 9.070153789669306299e-01
1.239999999999999991e+00 8.749769721141869017e-01 9.515178885281629917e-01 9.095884828924396537e-01
1.250000000000000000e+00 8.913725232834177614e-01 9.530033113208112860e-01 9.120933022535900880e-01
1.260000000000000009e+00 9.071868843205882493e-01 9.545196438604538480e-01 9.145318066243425248e-01
1.270000000000000018e+00 9.224129878443837471e-01 9.560625517788536865e-01 9.169058368792496472e-01
1.280000000000000027e+00 9.370465336596121020e-01 9.576278378653255707e-01 9.192172770623271427e-01
1.290000000000000036e+00 9.510844584789204248e-01 9.592114433194799394e-01 9.214678847218769064e-01
1.300000000000000044e+00 9.645262106397447521e-01 9.608094489274531247e-01 9.236594529738385573e-01
1.310000000000000053e+00 9.773722645266117448e-01 9.624180762217863228e-01 9.257936512576612209e-01
1.320000000000000062e+00 9.896253459097914540e-01 9.640336884910885029e-01 9.278721782875763990e-01
1.330000000000000071e+00 1.001288996657373254e+00 9.656527917011236140e-01 9.298966124641069309e-01
1.340000000000000080e+00 1.012368753272006261e+00 9.672720352084742679e-01 9.318685563428360519e-01
1.350000000000000089e+00 1.022870765969752682e+00 9.688882123297029025e-01 9.337894959953159102e-01
1.360000000000000098e+00 1.032802932587765676e+00 9.704982606620332630e-01 9.356609375683282437e-01
1.370000000000000107e+00 1.042173574747182974e+00 9.720992622193398436e-01 9.374842749426458566e-01
1.380000000000000115e+00 1.050992528932859216e+00 9.736884432937847889e-01 9.392609189056153607e-01
1.390000000000000124e+00 1.059269881271184044e+00 9.752631741072177451e-01 9.409921725067785792e-01
1.400000000000000133e+00 1.067017017264514589e+00 9.768209681761460539e-01 9.426793533221007326e-01
1.409999999999999920e+00 1.074245415708310336e+00 9.783594814540621520e-01 9.443236759522450896e-01
1.419999999999999929e+00 1.080967658304879286e+00 9.798765111873474210e-01 9.459263678171982992e-01
1.429999999999999938e+00 1.087196282413324333e+00 9.813699945475029551e-01 9.474885582862857536e-01
1.439999999999999947e+00 1.092944751573691198e+00 9.828380069871577307e-01 9.490113884067173933e-01
1.449999999999999956e+00 1.098226366117176278e+00 9.842787603808421659e-01 9.504959061945074117e-01
1.459999999999999964e+00 1.103055195494299090e+00 9.856906009079630104e-01 9.519431706690216766e-01
1.469999999999999973e+00 1.107445045258293348e+00 9.870720067365226225e-01 9.533541528710356427e-01
1.479999999999999982e+00 1.111410352010447466e+00 9.884215854737427032e-01 9.547298345472642334e-01
1.489999999999999991e+00 1.114965204884411865e+00 9.897380714390798806e-01 9.560711144960624130e-01
1.500000000000000000e+00 1.118124203880849654e+00 9.910203227332882170e-01 9.573789022207035426e-01
1.510000000000000009e+00 1.120901533711724740e+00 9.922673181554377830e-01 9.586540292349192693e-01
1.520000000000000018e+00 1.123311786293121894e+00 9.934781539478814150e-01 9.598973379810061823e-01
1.530000000000000027e+00 1.125369084631471228e+00 9.946520404170973162e-01 9.611095977566583848e-01
1.540000000000000036e+00 1.127087870265253811e+00 9.957882984156698480e-01 9.622915891735256411e-01
1.550000000000000044e+00 1.128482074778511590e+00 9.968863557290262856e-01 9.634440243937575366e-01
1.560000000000000053e+00 1.129565873020622613e+00 9.979457433565468438e-01 9.645676273861261141e-01
1.570000000000000062e+00 1.130352899797245625e+00 9.989660917261544704e-01 9.656630581855624174e-01
1.580000000000000071e+00 1.130856969747978225e+00 9.999471268355012432e-01 9.667309891871062044e-01
1.590000000000000080e+00 1.131091336777312994e+00 1.000888666354281309e+00 9.677720331646019192e-01
1.600000000000000089e+00 1.131069381524142159e+00 1.001790615683568531e+00 9.687868158273893471e-01
1.610000000000000098e+00 1.130803911144573126e+00 1.002652964002137770e+00 9.697759073553430254e-01
1.620000000000000107e+00 1.130307815360776402e+00 1.003475780297842013e+00 9.707398914291497372e-01
1.630000000000000115e+00 1.129593404283316227e+00 1.004259209409537279e+00 9.716793000581896989e-01
1.640000000000000124e+00 1.128673034077430026e+00 1.005003468079315843e+00 9.725946792823074727e-01
1.650000000000000133e+00 1.127558480605639568e+00 1.005708841036204504e+00 9.734865270867273379e-01
1.660000000000000142e+00 1.126261535791242441e+00 1.006375677112410161e+00 9.743553559612800896e-01
1.669999999999999929e+00 1.124793414966780425e+00 1.007004385409145497e+00 9.752016337127570322e-01
1.679999999999999938e+00 1.123165325050363483e+00 1.007595431514116235e+00 9.760258430564866527e-01
1.689999999999999947e+00 1.121387903595837843e+00 1.008149333783855406e+00 9.768284251513446037e-01
1.699999999999999956e+00 1.119471759920744214e+00 1.008666659693729706e+00 9.776098363882771425e-01
1.709999999999999964e+00 1.117426943966663089e+00 1.009148022265257127e+00 9.783704944867259723e-01
1.719999999999999973e+00 1.115263461533292366e+00 1.009594076574135579e+00 9.791108326350860258e-01
1.729999999999999982e+00 1.112990771167851056e+00 1.010005516345357401e+00 9.798312479996558189e-01
1.739999999999999991e+00 1.110618274663877747e+00 1.010383070639267133e+00 9.805321533630189101e-01
1.750000000000000000e+00 1.108154840307379541e+00 1.010727500632010667e+00 9.812139279078857523e-01
1.760000000000000009e+00 1.105609269793853544e+00 1.011039596494556436e+00 9.818769664909553496e-01
1.770000000000000018e+00 1.102989846260401086e+00 1.011320174371160174e+00 9.825216325742642809e-01
1.780000000000000027e+00 1.100304778761513891e+00 1.011570073461709685e+00 9.831483052641455389e-01
1.790000000000000036e+00 1.097561773614674108e+00 1.011790153206530096e+00 9.837573342720353775e-01
1.800000000000000044e+00 1.094768457553475960e+00 1.011981290578330084e+00 9.843490848406610816e-01
1.810000000000000053e+00 1.091931971005320579e+00 1.012144377477859347e+00 9.849238946247584892e-01
1.820000000000000062e+00 1.089059371013038957e+00 1.012280318238170329e+00 9.854821166195573134e-01
1.830000000000000071e+00 1.086157245147735262e+00 1.012390027232340506e+00 9.860240778595856792e-01
1.840000000000000080e+00 1.083232095256674299e+00 1.012474426589722754e+00 9.865501204578611683e-01
1.850000000000000089e+00 1.080289970794076293e+00 1.012534444014143054e+00 9.870605620279874204e-01
1.860000000000000098e+00 1.077336834415129507e+00 1.012571010709272246e+00 9.875557349361605564e-01
1.870000000000000107e+00 1.074378213581125285e+00 1.012585059403381171e+00 9.880359483581628854e-01
1.880000000000000115e+00 1.071419548978622460e+00 1.012577522478874004e+00 9.885015258403359040e-01
1.890000000000000124e+00 1.068465863323458054e+00 1.012549330197799025e+00 9.889527689089145923e-01
1.900000000000000133e+00 1.065522093541419357e+00 1.012501409028909283e+00 9.893899930304836943e-01
1.910000000000000142e+00 1.062592775759214625e+00 1.012434680066646608e+00 9.898134926964067271e-01
1.919999999999999929e+00 1.059682362138241185e+00 1.012350057547779070e+00 9.902235758679698296e-01
1.929999999999999938e+00 1.056794921100244311e+00 1.012248447455443623e+00 9.906205304635175013e-01
1.939999999999999947e+00 1.053934439661367906e+00 1.012130746216444610e+00 9.910046573684545557e-01
1.949999999999999956e+00 1.051104537996057298e+00 1.011997839481100669e+00 9.913762382571382759e-01
1.959999999999999964e+00 1.048308758073428049e+00 1.011850600991603066e+00 9.917355672431659164e-01
1.969999999999999973e+00 1.045550291714706814e+00 1.011689891527846497e+00 9.920829199721460379e-01
1.979999999999999982e+00 1.042832256290655346e+00 1.011516557936800842e+00 9.924185839832186939e-01
1.989999999999999991e+00 1.040157435478282544e+00 1.011331432234155114e+00 9.927428290125540622e-01
2.000000000000000000e+00 1.037528542735314030e+00 1.011135330784419084e+00 9.930559361328386014e-01
2.010000000000000231e+00 1.034947974007427884e+00 1.010929053548062839e+00 9.933581692107890104e-01
2.020000000000000018e+00 1.032418059654153453e+00 1.010713383401977916e+00 9.936498028873580468e-01
2.030000000000000249e+00 1.029940828403435038e+00 1.010489085521791619e+00 9.939310951357154256e-01
2.040000000000000036e+00 1.027518248364845732e+00 1.010256906832390777e+00 9.942023141411882037e-01
2.049999999999999822e+00 1.025152001569141325e+00 1.010017575515211652e+00 9.944637119090995458e-01
2.060000000000000053e+00 1.022843714666412662e+00 1.009771800578696199e+00 9.947155500999295130e-01
2.069999999999999840e+00 1.020594743429162676e+00 1.009520271480575326e+00 9.949580746391151198e-01
2.080000000000000071e+00 1.018406393697849133e+00 1.009263657808404213e+00 9.951915405596311048e-01
2.089999999999999858e+00 1.016279715263613381e+00 1.009002609007145335e+00 9.954161875683660288e-01
2.100000000000000089e+00 1.014215713590394197e+00 1.008737754160250022e+00 9.956322639452133139e-01
2.109999999999999876e+00 1.012215152529907902e+00 1.008469701813206942e+00 9.958400030230024624e-01
2.120000000000000107e+00 1.010278757317389475e+00 1.008199039846020773e+00 9.960396461892818687e-01
2.129999999999999893e+00 1.008407025605520202e+00 1.007926335383782845e+00 9.962314202389733753e-01
2.140000000000000124e+00 1.006600422201130884e+00 1.007652134751804374e+00 9.964155595223036510e-01
2.149999999999999911e+00 1.004859197937546522e+00 1.007376963464696074e+00 9.965922841314052150e-01
2.160000000000000142e+00 1.003183576591920589e+00 1.007101326255852580e+00 9.967618212353074325e-01
2.169999999999999929e+00 1.001573581146302017e+00 1.006825707136969728e+00 9.969243840636288212e-01
2.180000000000000160e+00 1.000029213298734065e+00 1.006550569494019109e+00 9.970801924671461869e-01
2.189999999999999947e+00 9.985502866918085640e-01 1.006276356209584444e+00 9.972294526635396839e-01
2.200000000000000178e+00 9.971365994060570337e-01 1.006003489817930197e+00 9.973723770598281746e-01
2.209999999999999964e+00 9.957877737626654735e-01 1.005732372682987874e+00 9.975091647268292672e-01
2.220000000000000195e+00 9.945034221643057615e-01 1.005463387205572934e+00 9.976400205176555458e-01
2.229999999999999982e+00 9.932829931043660743e-01 1.005196896050299937e+00 9.977651362391679601e-01
2.240000000000000213e+00 9.921259306982489479e-01 1.004933242398453608e+00 9.978847090987730262e-01
2.250000000000000000e+00 9.910315265552142039e-01 1.004672750217563859e+00 9.979989235426659500e-01
2.260000000000000231e+00 9.899990733228690720e-01 1.004415724553860523e+00 9.981079690613428035e-01
2.270000000000000018e+00 9.890277221003378472e-01 1.004162451838666481e+00 9.982120226658681705e-01
2.280000000000000249e+00 9.881166302990220807e-01 1.003913200214805679e+00 9.983112660808166616e-01
2.290000000000000036e+00 9.872648242969369603e-01 1.003668219874380707e+00 9.984058688311541196e-01
2.300000000000000266e+00 9.864713418998508621e-01 1.003427743413908058e+00 9.984960048497235618e-01
2.310000000000000053e+00 9.857350999562067839e-01 1.003191986198449737e+00 9.985818361486328287e-01
2.319999999999999840e+00 9.850550316864656875e-01 1.002961146740639853e+00 9.986635288669040156e-01
2.330000000000000071e+00 9.844299589957278274e-01 1.002735407086523312e+00 9.987412375014853572e-01
2.339999999999999858e+00 9.838587249216906860e-01 1.002514933214008419e+00 9.988151204192867727e-01
2.350000000000000089e+00 9.833400703993172565e-01 1.002299875436126753e+00 9.988853246241004014e-01
2.359999999999999876e+00 9.828727620632301543e-01 1.002090368814800181e+00 9.989520007559454795e-01
2.370000000000000107e+00 9.824554732345581742e-01 1.001886533577579952e+00 9.990152883712809517e-01
2.379999999999999893e+00 9.820869072981437409e-01 1.001688475542948709e+00 9.990753304513664279e-01
2.390000000000000124e+00 9.817656826959558769e-01 1.001496286546919912e+00 9.991322591742038961e-01
2.399999999999999911e+00 9.814904520865633808e-01 1.001310044876410510e+00 9.991862099524756458e-01
2.410000000000000142e+00 9.812597911432401343e-01 1.001129815702385795e+00 9.992373076766547513e-01
2.419999999999999929e+00 9.810723136899679453e-01 1.000955651518132372e+00 9.992856803020149226e-01
2.430000000000000160e+00 9.809265641147251191e-01 1.000787592575912210e+00 9.993314455432991128e-01
2.439999999999999947e+00 9.808211286644183957e-01 1.000625667327250889e+00 9.993747240292887302e-01
2.450000000000000178e+00 9.807545312955027184e-01 1.000469892860333720e+00 9.994156264303336590e-01
2.459999999999999964e+00 9.807253412986868257e-01 1.000320275339665832e+00 9.994542661980306830e-01
2.470000000000000195e+00 9.807320724204229290e-01 1.000176810441706365e+00 9.994907471077714156e-01
2.479999999999999982e+00 9.807732869781595753e-01 1.000039483791497430e+00 9.995251756002048182e-01
2.490000000000000213e+00 9.808474980957379019e-01 9.999082713942534228e-01 9.995576487217824324e-01
2.500000000000000000e+00 9.809532704598610264e-01 9.997831400667980262e-01 9.995882660838503186e-01
2.510000000000000231e+00 9.810891255224053475e-01 9.996640478630313131e-01 9.996171181849516918e-01
2.520000000000000018e+00 9.812536390401277453e-01 9.995509444982192404e-01 9.996442980026161162e-01
2.530000000000000249e+00 9.814453491055723511e-01 9.994437717664810261e-01 9.996698896819302682e-01
2.540000000000000036e+00 9.816628506034466017e-01 9.993424639561613310e-01 9.996939797743601419e-01
2.550000000000000266e+00 9.819047059405292543e-01 9.992469482576650242e-01 9.997166462778013241e-01
2.560000000000000053e+00 9.821695365443262604e-01 9.991571451683359806e-01 9.997379695360928409e-01
2.569999999999999840e+00 9.824559361699212179e-01 9.990729688891437643e-01 9.997580216164334566e-01
2.580000000000000071e+00 9.827625595597041519e-01 9.989943277176581704e-01 9.997768768825922026e-01
2.589999999999999858e+00 9.830880382129127959e-01 9.989211244322624417e-01 9.997946016962243609e-01
2.600000000000000089e+00 9.834310663185041879e-01 9.988532566719778849e-01 9.998112646761776467e-01
2.609999999999999876e+00 9.837903188799500542e-01 9.987906173070342231e-01 9.998269267108497171e-01
2.620000000000000107e+00 9.841645350277423709e-01 9.987330948044481627e-01 9.998416509154167686e-01
2.629999999999999893e+00 9.845524383985713168e-01 9.986805735839282550e-01 9.998554929429565030e-01
2.640000000000000124e+00 9.849528179283125739e-01 9.986329343682638360e-01 9.998685106508873321e-01
2.649999999999999911e+00 9.853644503910026220e-01 9.985900545236793269e-01 9.998807546991322903e-01
2.660000000000000142e+00 9.857861787681068133e-01 9.985518083942191980e-01 9.998922779365490010e-01
2.669999999999999929e+00 9.862168368590463752e-01 9.985180676258055277e-01 9.999031262749392690e-01
2.680000000000000160e+00 9.866553253180183614e-01 9.984887014839386454e-01 9.999133478057646851e-01
2.689999999999999947e+00 9.871005382529088878e-01 9.984635771608355581e-01 9.999229839393132258e-01
2.700000000000000178e+00 9.875514370171647460e-01 9.984425600758876085e-01 9.999320782615394032e-01
2.709999999999999964e+00 9.880069787195495667e-01 9.984255141653759491e-01 9.999406679281741539e-01
2.720000000000000195e+00 9.884661878541842750e-01 9.984123021652511198e-01 9.999487922711051135e-01
2.729999999999999982e+00 9.889280866483297627e-01 9.984027858830443192e-01 9.999564844376689354e-01
2.740000000000000213e+00 9.893917646109269270e-01 9.983968264626336131e-01 9.999637797555763763e-01
2.750000000000000000e+00 9.898563106503637243e-01 9.983942846380781111e-01 9.999707076080674995e-01
2.760000000000000231e+00 9.903208806177965506e-01 9.983950209801608633e-01 9.999772995659974573e-01
2.770000000000000018e+00 9.907846311312880072e-01 9.983988961319724131e-01 9.999835814899451503e-01
2.780000000000000249e+00 9.912467851882912351e-01 9.984057710371126992e-01 9.999895814377206538e-01
2.790000000000000036e+00 9.917065676364162918e-01 9.984155071569613682e-01 9.999953219849037067e-01
2.800000000000000266e+00 9.921632689256720816e-01 9.984279666805228048e-01 1.000000827915685786e+00
2.810000000000000053e+00 9.926161821703808341e-01 9.984430127234147356e-01 1.000006118753699491e+00
2.819999999999999840e+00 9.930646651095738076e-01 9.984605095194309943e-01 1.000011216243775314e+00
2.830000000000000071e+00 9.935080787073633513e-01 9.984803226013728716e-01 1.000016137085278700e+00
2.839999999999999858e+00 9.939458473878429734e-01 9.985023189744993699e-01 1.000020900212053698e+00
2.850000000000000089e+00 9.943773991251105837e-01 9.985263672794104650e-01 1.000025519720823652e+00
2.859999999999999876e+00 9.948022240159269947e-01 9.985523379476413108e-01 1.000030011956298148e+00
2.870000000000000107e+00 9.952198158131674299e-01 9.985801033468839627e-01 1.000034388627520254e+00
2.879999999999999893e+00 9.956297288979598648e-01 9.986095379190629284e-01 1.000038663704832187e+00
2.890000000000000124e+00 9.960315212132490048e-01 9.986405183082696091e-01 1.000042846717357881e+00
2.899999999999999911e+00 9.964248096946587419e-01 9.986729234817232070e-01 1.000046949468260893e+00
2.910000000000000142e+00 9.968092145631166634e-01 9.987066348408609739e-01 1.000050979506842186e+00
2.919999999999999929e+00 9.971844132716308762e-01 9.987415363256650913e-01 1.000054946668271327e+00
2.930000000000000160e+00 9.975500861186360479e-01 9.987775145094225371e-01 1.000058856714065580e+00
2.939999999999999947e+00 9.979059687658802247e-01 9.988144586869543984e-01 1.000062717702227433e+00
2.950000000000000178e+00 9.982517991356888443e-01 9.988522609536172325e-01 1.000066533790136658e+00
2.959999999999999964e+00 9.985873685530348709e-01 9.988908162780433253e-01 1.000070311440805382e+00
2.970000000000000195e+00 9.989124698917930534e-01 9.989300225660048271e-01 1.000074053382471240e+00
2.979999999999999982e+00 9.992269473926288503e-01 9.989697807183206546e-01 1.000077764656453150e+00
2.990000000000000213e+00 9.995306460253278180e-01 9.990099946802595277e-01 1.000081446727980383e+00
3.000000000000000000e+00 9.998234600313632425e-01 9.990505714853126218e-01 1.000085103380929263e+00
3.010000000000000231e+00 1.000105283470293038e+00 9.990914212908612591e-01 1.000088734974648119e+00
3.020000000000000018e+00 1.000376057535177887e+00 9.991324574085514998e-01 1.000092344190660620e+00
3.030000000000000249e+00 1.000635722252577464e+00 9.991735963269795517e-01 1.000095930430466629e+00
3.040000000000000036e+00 1.000884262616022147e+00 9.992147577294474559e-01 1.000099495419106255e+00
3.050000000000000266e+00 1.001121661410286245e+00 9.992558645044578025e-01 1.000103037739128231e+00
3.060000000000000053e+00 1.001347944207030549e+00 9.992968427516466523e-01 1.000106558295728476e+00
3.070000000000000284e+00 1.001563133284913976e+00 9.993376217808948025e-01 1.000110054982279673e+00
3.080000000000000071e+00 1.001767291529424231e+00 9.993781341072683899e-01 1.000113528011581820e+00
3.089999999999999858e+00 1.001960477421405926e+00 9.994183154395774871e-01 1.000116974708540107e+00
3.100000000000000089e+00 1.002142787881346919e+00 9.994581046651538347e-01 1.000120394711900840e+00
3.109999999999999876e+00 1.002314314299419751e+00 9.994974438287016483e-01 1.000123784889841883e+00
3.120000000000000107e+00 1.002475184362990213e+00 9.995362781077624659e-01 1.000127144416412373e+00
3.129999999999999893e+00 1.002625519102378071e+00 9.995745557826986039e-01 1.000130469805978528e+00
3.140000000000000124e+00 1.002765473738547186e+00 9.996122282036957740e-01 1.000133759868427896e+00
3.149999999999999911e+00 1.002895195718851440e+00 9.996492497527270649e-01 1.000137010858576758e+00
3.160000000000000142e+00 1.003014864620273006e+00 9.996855778029356543e-01 1.000140221314061106e+00
3.169999999999999929e+00 1.003124651150222535e+00 9.997211726734229753e-01 1.000143387315968635e+00
3.180000000000000160e+00 1.003224756139046825e+00 9.997559975818458566e-01 1.000146507213195424e+00
3.189999999999999947e+00 1.003315370481579594e+00 9.997900185928563221e-01 1.000149576990716938e+00
3.200000000000000178e+00 1.003396713251286210e+00 9.998232045647391653e-01 1.000152594884059942e+00
3.209999999999999964e+00 1.003468992558537165e+00 9.998555270923163985e-01 1.000155556851766381e+00
3.220000000000000195e+00 1.003532442817013592e+00 9.998869604484259543e-01 1.000158461083502370e+00
3.229999999999999982e+00 1.003587286494843411e+00 9.999174815220841506e-01 1.000161303573407157e+00
3.240000000000000213e+00 1.003633770562944116e+00 9.999470697555876697e-01 1.000164082525236031e+00
3.250000000000000000e+00 1.003672129115889877e+00 9.999757070787023139e-01 1.000166794023417571e+00
3.260000000000000231e+00 1.003702619030051979e+00 1.000003377842138885e+00 1.000169436338508744e+00
3.270000000000000018e+00 1.003725483431324728e+00 1.000030068748507750e+00 1.000172005692906207e+00
3.280000000000000249e+00 1.003740986589735984e+00 1.000055768782894372e+00 1.000174500469781957e+00
3.290000000000000036e+00 1.003749378211476584e+00 1.000080469141284345e+00 1.000176917070510152e+00
3.300000000000000266e+00 1.003750927595451925e+00 1.000104163158930026e+00 1.000179254030139964e+00
3.310000000000000053e+00 1.003745888727259672e+00 1.000126846236915945e+00 1.000181507963715077e+00
3.320000000000000284e+00 1.003734533722086875e+00 1.000148515768971791e+00 1.000183677591232945e+00
3.330000000000000071e+00 1.003717118698992827e+00 1.000169171066814133e+00 1.000185759770142901e+00
3.339999999999999858e+00 1.003693916533169084e+00 1.000188813286019052e+00 1.000187753432641324e+00
3.350000000000000089e+00 1.003665183488835710e+00 1.000207445350736579e+00 1.000189655701730018e+00
3.359999999999999876e+00 1.003631191302914782e+00 1.000225071879201177e+00 1.000191465743603736e+00
3.370000000000000107e+00 1.003592194555339434e+00 1.000241699108372462e+00 1.000193180964748407e+00
3.379999999999999893e+00 1.003548462105305461e+00 1.000257334819615762e+00 1.000194800782078675e+00
3.390000000000000124e+00 1.003500245178222006e+00 1.000271988263785605e+00 1.000196322898653234e+00
3.399999999999999911e+00 1.003447808174641409e+00 1.000285670087571521e+00 1.000197746994128778e+00
3.410000000000000142e+00 1.003391397453216483e+00 1.000298392259491020e+00 1.000199071076750323e+00
3.419999999999999929e+00 1.003331271531585411e+00 1.000310167997352062e+00 1.000200295096609127e+00
3.430000000000000160e+00 1.003267670545341606e+00 1.000321011695586959e+00 1.000201417371649359e+00
3.439999999999999947e+00 1.003200845858889911e+00 1.000330938854236962e+00 1.000202438126125415e+00
3.450000000000000178e+00 1.003131030180486549e+00 1.000339966008015447e+00 1.000203355988452669e+00
3.459999999999999964e+00 1.003058466601074450e+00 1.000348110657180545e+00 1.000204171457180546e+00
3.470000000000000195e+00 1.002983379346224169e+00 1.000355391198669119e+00 1.000204883468583050e+00
3.479999999999999982e+00 1.002906002259407181e+00 1.000361826859185177e+00 1.000205492792389128e+00
3.490000000000000213e+00 1.002826550171689091e+00 1.000367437628710832e+00 1.000205998667085261e+00
3.500000000000000000e+00 1.002745246845661020e+00 1.000372244196086502e+00 1.000206402127564065e+00
3.510000000000000231e+00 1.002662296944323073e+00 1.000376267885165538e+00 1.000206702706180728e+00
3.520000000000000018e+00 1.002577913451075720e+00 1.000379530593135780e+00 1.000206901694407957e+00
3.530000000000000249e+00 1.002492290219531013e+00 1.000382054729535231e+00 1.000206998907755107e+00
3.540000000000000036e+00 1.002405628884365241e+00 1.000383863157524145e+00 1.000206995883449190e+00
3.550000000000000266e+00 1.002318111974467740e+00 1.000384979135948260e+00 1.000206892707383055e+00
3.560000000000000053e+00 1.002229929328698699e+00 1.000385426263731503e+00 1.000206691149774674e+00
3.570000000000000284e+00 1.002141251754950169e+00 1.000385228425139106e+00 1.000206391552376006e+00
3.580000000000000071e+00 1.002052256964759414e+00 1.000384409737421265e+00 1.000205995903993061e+00
3.589999999999999858e+00 1.001963103761235097e+00 1.000382994499398270e+00 1.000205504786243482e+00
3.600000000000000089e+00 1.001873957505374557e+00 1.000381007142455259e+00 1.000204920390760144e+00
3.609999999999999876e+00 1.001784964816411438e+00 1.000378472182533063e+00 1.000204243521834790e+00
3.620000000000000107e+00 1.001696278582701938e+00 1.000375414174547339e+00 1.000203476557071536e+00
3.629999999999999893e+00 1.001608033158366995e+00 1.000371857667837316e+00 1.000202620505308060e+00
3.640000000000000124e+00 1.001520368930944205e+00 1.000367827164051482e+00 1.000201677912417875e+00
3.649999999999999911e+00 1.001433407998598257e+00 1.000363347076083986e+00 1.000200649972954769e+00
3.660000000000000142e+00 1.001347278306127686e+00 1.000358441689437772e+00 1.000199539382750524e+00
3.669999999999999929e+00 1.001262089787733567e+00 1.000353135124651738e+00 1.000198347502771368e+00
3.680000000000000160e+00 1.001177958082929642e+00 1.000347451302129764e+00 1.000197077160100534e+00
3.689999999999999947e+00 1.001094981129742267e+00 1.000341413908037103e+00 1.000195729862547012e+00
3.700000000000000178e+00 1.001013262471616594e+00 1.000335046362562208e+00 1.000194308549547051e+00
3.709999999999999964e+00 1.000932888286837352e+00 1.000328371789235282e+00 1.000192814856104784e+00
3.720000000000000195e+00 1.000853950296727746e+00 1.000321412986572067e+00 1.000191251815103932e+00
3.729999999999999982e+00 1.000776523217382197e+00 1.000314192400749924e+00 1.000189621169198961e+00
3.740000000000000213e+00 1.000700687279793000e+00 1.000306732100558538e+00 1.000187926025973395e+00
3.750000000000000000e+00 1.000626506090076528e+00 1.000299053753354483e+00 1.000186168216447236e+00
3.760000000000000231e+00 1.000554048771472138e+00 1.000291178603229580e+00 1.000184350904469888e+00
3.770000000000000018e+00 1.000483368220142832e+00 1.000283127450144693e+00 1.000182475990545994e+00
3.780000000000000249e+00 1.000414522878583679e+00 1.000274920631214703e+00 1.000180546676806115e+00
3.790000000000000036e+00 1.000347555374274666e+00 1.000266578002907858e+00 1.000178564914889989e+00
3.800000000000000266e+00 1.000282513934086515e+00 1.000258118925331896e+00 1.000176533927797706e+00
3.810000000000000053e+00 1.000219431393201353e+00 1.000249562247379265e+00 1.000174455700600484e+00
3.820000000000000284e+00 1.000158346259636843e+00 1.000240926293882282e+00 1.000172333460431773e+00
3.830000000000000071e+00 1.000099282081732710e+00 1.000232228853572769e+00 1.000170169208836279e+00
3.839999999999999858e+00 1.000042268171706494e+00 1.000223487168972802e+00 1.000167966161117139e+00
3.850000000000000089e+00 9.999873193200023991e-01 1.000214717927027097e+00 1.000165726319163229e+00
3.859999999999999876e+00 9.999344561864927927e-01 1.000205937251582133e+00 1.000163452871331238e+00
3.870000000000000107e+00 9.998836853505723710e-01 1.000197160696546739e+00 1.000161147804627504e+00
3.879999999999999893e+00 9.998350193785169315e-01 1.000188403240810153e+00 1.000158814266262741e+00
3.890000000000000124e+00 9.997884571985162783e-01 1.000179679283777157e+00 1.000156454214092827e+00
3.899999999999999911e+00 9.997440038523658368e-01 1.000171002642572304e+00 1.000154070740951751e+00
3.910000000000000142e+00 9.997016511849147191e-01 1.000162386549792615e+00 1.000151665762284203e+00
3.919999999999999929e+00 9.996613972883066079e-01 1.000153843652840324e+00 1.000149242304326114e+00
3.930000000000000160e+00 9.996232274957735919e-01 1.000145386013736815e+00 1.000146802227893650e+00
3.939999999999999947e+00 9.995871335260332335e-01 1.000137025110423794e+00 1.000144348481444956e+00
3.950000000000000178e+00 9.995530947716441128e-01 1.000128771838479480e+00 1.000141882860016818e+00
3.959999999999999964e+00 9.995210971515592346e-01 1.000120636514230554e+00 1.000139408224171245e+00
3.970000000000000195e+00 9.994911146846515715e-01 1.000112628878208954e+00 1.000136926293096806e+00
3.979999999999999982e+00 9.994631280574437504e-01 1.000104758099917612e+00 1.000134439830412392e+00
3.990000000000000213e+00 9.994371064738275523e-01 1.000097032782870432e+00 1.000131950470478648e+00
4.000000000000000000e+00 9.994130259455860088e-01 1.000089460970853716e+00 1.000129460871998832e+00
4.009999999999999787e+00 9.993908514094954620e-01 1.000082050154395441e+00 1.000126972576608875e+00
4.020000000000000462e+00 9.993705547477635953e-01 1.000074807278367395e+00 1.000124488131191924e+00
4.030000000000000249e+00 9.993520971639885397e-01 1.000067738749728763e+00 1.000122008977838428e+00
4.040000000000000036e+00 9.993354469405456575e-01 1.000060850446321314e+00 1.000119537545759885e+00
4.049999999999999822e+00 9.993205620651519627e-01 1.000054147725739417e+00 1.000117075171736980e+00
4.060000000000000497e+00 9.993074077320863724e-01 1.000047635435168170e+00 1.000114624162492527e+00
4.070000000000000284e+00 9.992959392117268802e-01 1.000041317921236184e+00 1.000112185744764570e+00
4.080000000000000071e+00 9.992861191022491818e-01 1.000035199040756773e+00 1.000109762098976507e+00
4.089999999999999858e+00 9.992779004343425031e-01 1.000029282171424727e+00 1.000107354338097831e+00
4.099999999999999645e+00 9.992712436800990083e-01 1.000023570223321556e+00 1.000104964513416350e+00
4.110000000000000320e+00 9.992661000857907538e-01 1.000018065650322585e+00 1.000102593621371438e+00
4.120000000000000107e+00 9.992624284442642724e-01 1.000012770462239020e+00 1.000100243582219495e+00
4.129999999999999893e+00 9.992601786485496573e-01 1.000007686236806137e+00 1.000097915274041460e+00
4.139999999999999680e+00 9.992593082342537958e-01 1.000002814132336493e+00 1.000095610485062458e+00
4.150000000000000355e+00 9.992597661473084925e-01 9.999981549001700776e-01 1.000093329974060863e+00
4.160000000000000142e+00 9.992615090625424079e-01 9.999937088977197686e-01 1.000091075397087748e+00
4.169999999999999929e+00 9.992644853589993659e-01 9.999894761012696476e-01 1.000088847393516334e+00
4.179999999999999716e+00 9.992686512207017424e-01 9.999854561193038949e-01 1.000086647487884894e+00
4.190000000000000391e+00 9.992739548132159033e-01 9.999816482055419176e-01 1.000084476200852945e+00
4.200000000000000178e+00 9.992803521726761895e-01 9.999780512724489867e-01 1.000082334926866823e+00
4.209999999999999964e+00 9.992877915774935893e-01 9.999746639044108099e-01 1.000080224069302748e+00
4.219999999999999751e+00 9.992962292315220596e-01 9.999714843713246593e-01 1.000078144894642085e+00
4.230000000000000426e+00 9.993056138250083764e-01 9.999685106418230163e-01 1.000076097691100729e+00
4.240000000000000213e+00 9.993159020177030394e-01 9.999657403968558178e-01 1.000074083599974850e+00
4.250000000000000000e+00 9.993270431834058165e-01 9.999631710428775744e-01 1.000072102797076923e+00
4.259999999999999787e+00 9.993389946986144245e-01 9.999607997253389113e-01 1.000070156301901658e+00
4.270000000000000462e+00 9.993517068651609492e-01 9.999586233417578907e-01 1.000068244181196109e+00
4.280000000000000249e+00 9.993651380100091464e-01 9.999566385550477943e-01 1.000066367336581052e+00
4.290000000000000036e+00 9.993792395807412632e-01 9.999548418064002631e-01 1.000064525729607023e+00
4.299999999999999822e+00 9.993939710619714756e-01 9.999532293283825979e-01 1.000062720148441553e+00
4.310000000000000497e+00 9.994092852385537684e-01 9.999517971575697661e-01 1.000060950453778075e+00
4.320000000000000284e+00 9.994251429339394699e-01 9.999505411473490479e-01 1.000059217325191208e+00
4.330000000000000071e+00 9.994414984361378318e-01 9.999494569802442889e-01 1.000057520527277477e+00
4.339999999999999858e+00 9.994583140632647966e-01 9.999485401803759332e-01 1.000055860636263061e+00
4.350000000000000533e+00 9.994755457475341665e-01 9.999477861254277844e-01 1.000054237325774142e+00
4.360000000000000320e+00 9.994931574332945878e-01 9.999471900587127982e-01 1.000052651074266885e+00
4.370000000000000107e+00 9.995111068143467392e-01 9.999467471007413844e-01 1.000051101469837000e+00
4.379999999999999893e+00 9.995293595692937849e-01 9.999464522608534356e-01 1.000049588899030395e+00
4.389999999999999680e+00 9.995478752478724749e-01 9.999463004483487572e-01 1.000048112870116190e+00
4.400000000000000355e+00 9.995666213488518803e-01 9.999462864836529130e-01 1.000046673683820719e+00
4.410000000000000142e+00 9.995855593508652381e-01 9.999464051089796968e-01 1.000045270774504003e+00
4.419999999999999929e+00 9.996046586375824106e-01 9.999466509990009300e-01 1.000043904363347114e+00
4.429999999999999716e+00 9.996238826688998991e-01 9.999470187710176594e-01 1.000042573816883662e+00
4.440000000000000391e+00 9.996432027582318192e-01 9.999475029951094829e-01 1.000041279283160112e+00
4.450000000000000178e+00 9.996625843799714639e-01 9.999480982037978194e-01 1.000040020067086477e+00
4.459999999999999964e+00 9.996820008036427785e-01 9.999487989016561107e-01 1.000038796250076967e+00
4.469999999999999751e+00 9.997014195336728637e-01 9.999495995744499544e-01 1.000037607081694979e+00
4.480000000000000426e+00 9.997208158048327409e-01 9.999504946981979669e-01 1.000036452583273894e+00
4.490000000000000213e+00 9.997401591505558072e-01 9.999514787477788991e-01 1.000035331955342777e+00
4.500000000000000000e+00 9.997594267643840071e-01 9.999525462054342784e-01 1.000034245165710933e+00
4.509999999999999787e+00 9.997785901928315511e-01 9.999536915688401750e-01 1.000033191372178720e+00
4.520000000000000462e+00 9.997976285672737218e-01 9.999549093590454074e-01 1.000032170495558592e+00
4.530000000000000249e+00 9.998165154179260439e-01 9.999561941280089572e-01 1.000031181657183410e+00
4.540000000000000036e+00 9.998352317802939870e-01 9.999575404659754030e-01 1.000030224737328943e+00
4.549999999999999822e+00 9.998537531266665779e-01 9.999589430084789843e-01 1.000029298827041169e+00
4.560000000000000497e+00 9.998720623515340300e-01 9.999603964431592606e-01 1.000028403772418084e+00
4.570000000000000284e+00 9.998901368169542669e-01 9.999618955162437040e-01 1.000027538640287039e+00
4.580000000000000071e+00 9.999079612211013712e-01 9.999634350388039161e-01 1.000026703248793059e+00
4.589999999999999858e+00 9.999255147542733813e-01 9.999650098927306274e-01 1.000025896646470791e+00
4.600000000000000533e+00 9.999427838545902336e-01 9.999666150364402428e-01 1.000025118629574328e+00
4.610000000000000320e+00 9.999597494712270107e-01 9.999682455103534595e-01 1.000024368234097683e+00
4.620000000000000107e+00 9.999763997113674252e-01 9.999698964420620229e-01 1.000023645240276871e+00
4.629999999999999893e+00 9.999927172073752590e-01 9.999715630513308362e-01 1.000022948677120826e+00
4.639999999999999680e+00 1.000008691658736959e+00 9.999732406547324759e-01 1.000022278314506963e+00
4.650000000000000355e+00 1.000024307300106052e+00 9.999749246701965522e-01 1.000021633179796643e+00
4.660000000000000142e+00 1.000039555342220110e+00 9.999766106211193106e-01 1.000021013037936335e+00
4.669999999999999929e+00 1.000054421537453164e+00 9.999782941404872227e-01 1.000020416919735977e+00
4.679999999999999716e+00 1.000068898523431837e+00 9.999799709744688903e-01 1.000019844590379625e+00
4.690000000000000391e+00 1.000082973483104043e+00 9.999816369861470600e-01 1.000019295088956373e+00
4.700000000000000178e+00 1.000096640394622760e+00 9.999832881585921651e-01 1.000018768185780615e+00
4.709999999999999964e+00 1.000109887782963947e+00 9.999849205982417333e-01 1.000018262932768964e+00
4.719999999999999751e+00 1.000122710879719490e+00 9.999865305374533442e-01 1.000017779109964478e+00
4.730000000000000426e+00 1.000135099463090427e+00 9.999881143375823900e-01 1.000017315786364769e+00
4.740000000000000213e+00 1.000147049931120691e+00 9.999896684909889144e-01 1.000016872756031683e+00
4.750000000000000000e+00 1.000158553227227465e+00 9.999911896238956599e-01 1.000016449108986016e+00
4.759999999999999787e+00 1.000169606830342284e+00 9.999926744977825077e-01 1.000016044657281000e+00
4.770000000000000462e+00 1.000180202762945614e+00 9.999941200121699181e-01 1.000015658515580608e+00
4.780000000000000249e+00 1.000190339501378922e+00 9.999955232052295528e-01 1.000015290517572764e+00
4.790000000000000036e+00 1.000200010063643452e+00 9.999968812568280629e-01 1.000014939805852654e+00
4.799999999999999822e+00 1.000209213843320066e+00 9.999981914877723588e-01 1.000014606239052251e+00
4.810000000000000497e+00 1.000217944773813983e+00 9.999994513645765748e-01 1.000014288990635158e+00
4.820000000000000284e+00 1.000226203090677224e+00 1.000000658487941285e+00 1.000013987947287797e+00
4.830000000000000071e+00 1.000233983570653074e+00 1.000001810593276641e+00 1.000013702316383757e+00
4.839999999999999858e+00 1.000241287219429953e+00 1.000002905564702615e+00 1.000013432015277148e+00
4.850000000000000533e+00 1.000248109582556388e+00 1.000003941431395482e+00 1.000013176287079419e+00
4.860000000000000320e+00 1.000254452367880020e+00 1.000004916370894836e+00 1.000012935081919574e+00
4.870000000000000107e+00 1.000260311824754611e+00 1.000005828707228206e+00 1.000012707680572044e+00
4.879999999999999893e+00 1.000265690302416521e+00 1.000006676912934767e+00 1.000012494067838986e+00
4.889999999999999680e+00 1.000270584694723963e+00 1.000007459607539895e+00 1.000012293563716570e+00
4.900000000000000355e+00 1.000274997937431687e+00 1.000008175558913859e+00 1.000012106189226424e+00
4.910000000000000142e+00 1.000278927516006444e+00 1.000008823681794112e+00 1.000011931304791268e+00
4.919999999999999929e+00 1.000282376904536585e+00 1.000009403038684130e+00 1.000011768968846804e+00
4.929999999999999716e+00 1.000285344133906351e+00 1.000009912838310644e+00 1.000011618583096062e+00
4.940000000000000391e+00 1.000287833175176777e+00 1.000010352436164096e+00 1.000011480244230366e+00
4.950000000000000178e+00 1.000289842565452281e+00 1.000010721332840191e+00 1.000011353395739100e+00
4.959999999999999964e+00 1.000291376738523308e+00 1.000011019174280147e+00 1.000011238173063699e+00
4.969999999999999751e+00 1.000292434705649214e+00 1.000011245749969468e+00 1.000011134061643103e+00
4.980000000000000426e+00 1.000293021336070565e+00 1.000011400992919963e+00 1.000011041235818965e+00
4.990000000000000213e+00 1.000293136090163237e+00 1.000011484977708420e+00 1.000010959222803697e+00
5.000000000000000000e+00 1.000292784252544198e+00 1.000011497920231252e+00 1.000010888235653983e+00
