# atom H1 T=2.0 eV, r_i=1.00, Zbar (TFDW) =1.391 , solve_err=3.344e-09
#  r/r_i 				 gii(r/r_i) 				 gie(r/r_i) 				 gee(r/r_i)
2.000000000000000042e-02 0.000000000000000000e+00 4.305506123344751579e+00 1.805661271897039954e-01
4.000000000000000083e-02 0.000000000000000000e+00 3.967818922484456667e+00 1.884893446544589901e-01
5.999999999999999778e-02 0.000000000000000000e+00 3.669976073561681762e+00 1.966688711073147910e-01
8.000000000000000167e-02 0.000000000000000000e+00 3.406398754211347857e+00 2.051156295720525380e-01
1.000000000000000056e-01 0.000000000000000000e+00 3.172403785144850996e+00 2.138407600410324738e-01
1.199999999999999956e-01 0.000000000000000000e+00 2.964043895101176940e+00 2.228553386880793852e-01
1.400000000000000133e-01 0.000000000000000000e+00 2.777979054347825993e+00 2.321701057356601039e-01
1.600000000000000033e-01 0.000000000000000000e+00 2.611372371941481418e+00 2.417952041942947883e-01
1.799999999999999933e-01 0.000000000000000000e+00 2.461805504355163432e+00 2.517399281660163135e-01
2.000000000000000111e-01 1.110223024625156540e-16 2.327209631256976774e+00 2.620124813236401895e-01
2.200000000000000011e-01 1.221245327087672194e-14 2.205808905565124878e+00 2.726197458644403770e-01
2.399999999999999911e-01 4.694022948115161853e-13 2.096073941380975469e+00 2.835670631367701588e-01
2.600000000000000089e-01 1.017197437391814674e-11 1.996683412280958692e+00 2.948580273121368389e-01
2.800000000000000266e-01 1.404253380243858373e-10 1.906492228506406539e+00 3.064942940784636249e-01
2.999999999999999889e-01 1.350864309301869071e-09 1.824505071291902647e+00 3.184754065712951387e-01
3.200000000000000067e-01 9.685943047621492497e-09 1.749854305707395863e+00 3.307986411513981206e-01
3.400000000000000244e-01 5.450163109710359777e-08 1.681781485095584117e+00 3.434588757769441170e-01
3.599999999999999867e-01 2.505116704076826295e-07 1.619621811917582477e+00 3.564484838746396766e-01
3.800000000000000044e-01 9.708568515787163733e-07 1.562791040400189235e+00 3.697572565550892865e-01
4.000000000000000222e-01 3.253918776424669090e-06 1.510774402549859508e+00 3.833723559038202389e-01
4.199999999999999845e-01 9.627375323395526152e-06 1.463117216096494699e+00 3.972783017701450037e-01
4.400000000000000022e-01 2.557223068500036334e-05 1.419416894791508232e+00 4.114569940817665028e-01
4.600000000000000200e-01 6.183492837641413331e-05 1.379316131370631471e+00 4.258877721500480273e-01
4.799999999999999822e-01 1.377041466712469742e-04 1.342497063862470030e+00 4.405475117868857815e-01
5.000000000000000000e-01 2.852002178443946434e-04 1.308676268721450819e+00 4.554107602847202729e-01
5.200000000000000178e-01 5.539065223819639172e-04 1.277600451011663640e+00 4.704499084943754017e-01
5.400000000000000355e-01 1.015951865620423611e-03 1.249042723775388275e+00 4.856353983539722918e-01
5.600000000000000533e-01 1.770485291151202567e-03 1.222799386737793093e+00 5.009359633485438446e-01
5.799999999999999600e-01 2.946914578964010545e-03 1.198687129382244532e+00 5.163188985138713605e-01
5.999999999999999778e-01 4.706229279975771007e-03 1.176540595770913411e+00 5.317503558049487822e-01
6.199999999999999956e-01 7.239894374401090182e-03 1.156210258751420916e+00 5.471956599358356321e-01
6.400000000000000133e-01 1.076605377461636870e-02 1.137560559748717726e+00 5.626196392177781336e-01
6.600000000000000311e-01 1.552308104126676191e-02 1.120468277483426256e+00 5.779869654804871137e-01
6.800000000000000488e-01 2.176081030474641409e-02 1.104821094913446045e+00 5.932624968958032374e-01
7.000000000000000666e-01 2.973003088899328628e-02 1.090516338651603023e+00 6.084116174285750800e-01
7.199999999999999734e-01 3.967100367176301656e-02 1.077459869220497524e+00 6.234005667360860148e-01
7.399999999999999911e-01 5.180183990693332241e-02 1.065565103895073751e+00 6.381967546070350661e-01
7.600000000000000089e-01 6.630757310521961934e-02 1.054752156662882578e+00 6.527690544750132107e-01
7.800000000000000266e-01 8.333066299494917839e-02 1.044947082097482882e+00 6.670880711295757992e-01
8.000000000000000444e-01 1.029635173841065843e-01 1.036081211775558453e+00 6.811263784665172460e-01
8.200000000000000622e-01 1.252434268686264396e-01 1.028090573348016123e+00 6.948587239293246842e-01
8.399999999999999689e-01 1.501501029945774279e-01 1.020915383564976020e+00 7.082621971730481691e-01
8.599999999999999867e-01 1.776058141228298304e-01 1.014499607511912371e+00 7.213163613890857251e-01
8.800000000000000044e-01 2.074779416263138332e-01 1.008790577088906071e+00 7.340033466394719763e-01
9.000000000000000222e-01 2.395836433343809801e-01 1.003738662399322301e+00 7.463079054249559530e-01
9.200000000000000400e-01 2.736962169296777159e-01 9.992969902433642693e-01 7.582174315314684776e-01
9.400000000000000577e-01 3.095527039401368974e-01 9.954212043644969921e-01 7.697219439357150250e-01
9.599999999999999645e-01 3.468622618125454249e-01 9.920692624952232030e-01 7.808140381900510185e-01
9.799999999999999822e-01 3.853148513256802188e-01 9.892012656104650636e-01 7.914888082317718121e-01
1.000000000000000000e+00 4.245898318190368670e-01 9.867793151345503055e-01 8.017437419699587897e-01
1.020000000000000018e+00 4.643641193683216706e-01 9.847673941703316558e-01 8.115785942876226899e-01
1.040000000000000036e+00 5.043196354793071379e-01 9.831312691320023278e-01 8.209952412647862907e-01
1.060000000000000053e+00 5.441498493186001095e-01 9.818384084699370851e-01 8.299975194822684088e-01
1.080000000000000071e+00 5.835652894639922206e-01 9.808579154775629583e-01 8.385910542198339312e-01
1.100000000000000089e+00 6.222979675138766709e-01 9.801604724668877555e-01 8.467830802252420686e-01
1.120000000000000107e+00 6.601047129420374304e-01 9.797182938896831228e-01 8.545822585197638821e-01
1.140000000000000124e+00 6.967694648377397160e-01 9.795050862638799982e-01 8.619984924330607035e-01
1.159999999999999920e+00 7.321046012407368409e-01 9.794960130374315010e-01 8.690427457436937786e-01
1.179999999999999938e+00 7.659514110624866534e-01 9.796676627827902717e-01 8.757268654530885321e-01
1.199999999999999956e+00 7.981798280967298265e-01 9.799980193621734559e-01 8.820634113564422840e-01
1.219999999999999973e+00 8.286875527163183319e-01 9.804664329353379726e-01 8.880654942039318822e-01
1.239999999999999991e+00 8.573986860955914446e-01 9.810535908961346419e-01 8.937466238823228437e-01
1.260000000000000009e+00 8.842619957523082386e-01 9.817414880206686290e-01 8.991205686976347922e-01
1.280000000000000027e+00 9.092489213883481192e-01 9.825133952876901056e-01 9.042012265128018811e-01
1.300000000000000044e+00 9.323514177530037861e-01 9.833538269906216822e-01 9.090025081938368778e-01
1.320000000000000062e+00 9.535797177216012166e-01 9.842485059003691639e-01 9.135382335491909478e-01
1.340000000000000080e+00 9.729600848909436550e-01 9.851843263591710809e-01 9.178220397103747930e-01
1.360000000000000098e+00 9.905326114758568057e-01 9.861493152888187730e-01 9.218673016998228942e-01
1.380000000000000115e+00 1.006349104650610560e+00 9.871325911825575838e-01 9.256870647627654103e-01
1.400000000000000133e+00 1.020471093073650026e+00 9.881243212199087855e-01 9.292939879037017681e-01
1.419999999999999929e+00 1.032967975344754263e+00 9.891156766987611038e-01 9.327002979618266298e-01
1.439999999999999947e+00 1.043915323660370875e+00 9.900987870207383912e-01 9.359177534822487043e-01
1.459999999999999964e+00 1.053393348928745255e+00 9.910666924953733803e-01 9.389576175872547115e-01
1.479999999999999982e+00 1.061485528013438762e+00 9.920132962474755844e-01 9.418306390223246671e-01
1.500000000000000000e+00 1.068277389456970150e+00 9.929333155216186757e-01 9.445470405411574566e-01
1.520000000000000018e+00 1.073855450856790794e+00 9.938222326792605088e-01 9.471165138005585016e-01
1.540000000000000036e+00 1.078306298853147105e+00 9.946762461789028231e-01 9.495482199560151271e-01
1.560000000000000053e+00 1.081715801290474399e+00 9.954922218191238903e-01 9.518507951802532840e-01
1.580000000000000071e+00 1.084168440368133091e+00 9.962676445093591182e-01 9.540323603668020569e-01
1.600000000000000089e+00 1.085746755370383676e+00 9.970005708149612955e-01 9.561005343271407053e-01
1.620000000000000107e+00 1.086530883724937446e+00 9.976895825022702446e-01 9.580624498406488110e-01
1.640000000000000124e+00 1.086598189585121554e+00 9.983337412869061067e-01 9.599247719703012383e-01
1.660000000000000142e+00 1.086022969763253299e+00 9.989325449650062749e-01 9.616937181117534150e-01
1.679999999999999938e+00 1.084876227596552001e+00 9.994858850832166741e-01 9.633750792984820954e-01
1.699999999999999956e+00 1.083225506135608640e+00 9.999940062794135942e-01 9.649742423394119806e-01
1.719999999999999973e+00 1.081134772872021976e+00 1.000457467402822820e+00 9.664962124177420844e-01
1.739999999999999991e+00 1.078664349026487779e+00 1.000877104499700909e+00 9.679456358292402030e-01
1.760000000000000009e+00 1.075870877185802987e+00 1.001253995729353363e+00 9.693268225852423869e-01
1.780000000000000027e+00 1.072807321786021673e+00 1.001589428255161618e+00 9.706437686490692052e-01
1.800000000000000044e+00 1.069522997588252089e+00 1.001884867136626278e+00 9.719001776148684657e-01
1.820000000000000062e+00 1.066063621874065781e+00 1.002141926231318259e+00 9.730994816744267251e-01
1.840000000000000080e+00 1.062471386606416823e+00 1.002362341100078602e+00 9.742448617506845876e-01
1.860000000000000098e+00 1.058785047257029266e+00 1.002547943894897209e+00 9.753392667061611121e-01
1.880000000000000115e+00 1.055040025402537607e+00 1.002700640196561022e+00 9.763854315607556345e-01
1.900000000000000133e+00 1.051268522540574457e+00 1.002822387758407707e+00 9.773858946762118416e-01
1.919999999999999929e+00 1.047499642883636950e+00 1.002915177103269384e+00 9.783430138844186885e-01
1.939999999999999947e+00 1.043759523155198154e+00 1.002981013912872088e+00 9.792589815535855946e-01
1.959999999999999964e+00 1.040071467648199244e+00 1.003021903142513604e+00 9.801358386006605583e-01
1.979999999999999982e+00 1.036456087012397997e+00 1.003039834788646889e+00 9.809754874701057670e-01
2.000000000000000000e+00 1.032931439421372444e+00 1.003036771232987068e+00 9.817797041088137666e-01
2.020000000000000018e+00 1.029513172933058662e+00 1.003014636083816580e+00 9.825501489744853378e-01
2.040000000000000036e+00 1.026214668005278829e+00 1.002975304433189496e+00 9.832883771206806234e-01
2.060000000000000053e+00 1.023047179259156891e+00 1.002920594447630487e+00 9.839958474059748994e-01
2.080000000000000071e+00 1.020019975703677417e+00 1.002852260209604385e+00 9.846739308775894761e-01
2.100000000000000089e+00 1.017140478741950904e+00 1.002771985727366921e+00 9.853239183815656332e-01
2.120000000000000107e+00 1.014414397378519572e+00 1.002681380031758218e+00 9.859470274523085553e-01
2.140000000000000124e+00 1.011845860134781061e+00 1.002581973279934147e+00 9.865444085341765756e-01
2.160000000000000142e+00 1.009437543260377046e+00 1.002475213787892949e+00 9.871171505870214302e-01
2.180000000000000160e+00 1.007190794899248676e+00 1.002362465915884515e+00 9.876662861261681359e-01
2.200000000000000178e+00 1.005105754934057405e+00 1.002245008733281484e+00 9.881927957455450828e-01
2.220000000000000195e+00 1.003181470289030486e+00 1.002124035392225165e+00 9.886976121704749154e-01
2.240000000000000213e+00 1.001416005522240527e+00 1.002000653142272268e+00 9.891816238842587872e-01
2.260000000000000231e+00 9.998065485821440168e-01 1.001875883921280241e+00 9.896456783700644522e-01
2.280000000000000249e+00 9.983495116423213300e-01 1.001750665460894085e+00 9.900905850069826597e-01
2.300000000000000266e+00 9.970406269613439898e-01 1.001625852848162301e+00 9.905171176563321023e-01
2.319999999999999840e+00 9.958750377442441293e-01 1.001502220487977546e+00 9.909260169716104238e-01
2.339999999999999858e+00 9.948473840063780660e-01 1.001380464414217464e+00 9.913179924627421036e-01
2.359999999999999876e+00 9.939518834624012644e-01 1.001261204900607327e+00 9.916937243426992010e-01
2.379999999999999893e+00 9.931824074810033931e-01 1.001144989325416956e+00 9.920538651820054454e-01
2.399999999999999911e+00 9.925325521622452296e-01 1.001032295247136217e+00 9.923990413942536115e-01
2.419999999999999929e+00 9.919957046077726437e-01 1.000923533651244757e+00 9.927298545734601909e-01
2.439999999999999947e+00 9.915651044664398617e-01 1.000819052331064718e+00 9.930468827019564015e-01
2.459999999999999964e+00 9.912339008482526914e-01 1.000719139368480448e+00 9.933506812454965251e-01
2.479999999999999982e+00 9.909952047093780747e-01 1.000624026683006429e+00 9.936417841504240345e-01
2.500000000000000000e+00 9.908421368192824596e-01 1.000533893620292325e+00 9.939207047560100206e-01
2.520000000000000018e+00 9.907678714294461120e-01 1.000448870553651615e+00 9.941879366335235613e-01
2.540000000000000036e+00 9.907656757702476558e-01 1.000369042474609005e+00 9.944439543621489408e-01
2.560000000000000053e+00 9.908289455098729936e-01 1.000294452550764213e+00 9.946892142505817658e-01
2.580000000000000071e+00 9.909512363154332482e-01 1.000225105631469491e+00 9.949241550119443112e-01
2.600000000000000089e+00 9.911262916629622888e-01 1.000160971683928590e+00 9.951491983986310297e-01
2.620000000000000107e+00 9.913480670485002033e-01 1.000101989144311698e+00 9.953647498027242690e-01
2.640000000000000124e+00 9.916107507579818847e-01 1.000048068170409143e+00 9.955711988268159951e-01
2.660000000000000142e+00 9.919087813583721269e-01 9.999990937841223282e-01 9.957689198292936084e-01
2.680000000000000160e+00 9.922368620768404757e-01 9.999549288938295311e-01 9.959582724475236626e-01
2.700000000000000178e+00 9.925899722383714208e-01 9.999154171882530528e-01 9.961396021017754343e-01
2.720000000000000195e+00 9.929633759352330946e-01 9.998803858949872891e-01 9.963132404822352406e-01
2.740000000000000213e+00 9.933526281038598249e-01 9.998496483982685090e-01 9.964795060210239752e-01
2.760000000000000231e+00 9.937535781862243400e-01 9.998230067118988318e-01 9.966387043507659582e-01
2.780000000000000249e+00 9.941623715532924566e-01 9.998002538044816756e-01 9.967911287509226836e-01
2.800000000000000266e+00 9.945754488679688921e-01 9.997811757752783635e-01 9.969370605828545839e-01
2.819999999999999840e+00 9.949895435637116092e-01 9.997655538800623853e-01 9.970767697143240182e-01
2.839999999999999858e+00 9.954016776131288102e-01 9.997531664073240343e-01 9.972105149339824948e-01
2.859999999999999876e+00 9.958091557578320208e-01 9.997437904060783032e-01 9.973385443562133856e-01
2.879999999999999893e+00 9.962095583674195343e-01 9.997372032673391695e-01 9.974610958165835983e-01
2.899999999999999911e+00 9.966007330907220574e-01 9.997331841620545889e-01 9.975783972580506420e-01
2.919999999999999929e+00 9.969807854575178929e-01 9.997315153389558784e-01 9.976906671079984745e-01
2.939999999999999947e+00 9.973480685829696490e-01 9.997319832863503786e-01 9.977981146461071260e-01
2.959999999999999964e+00 9.977011721206630046e-01 9.997343797623967632e-01 9.979009403630267894e-01
2.979999999999999982e+00 9.980389106031475333e-01 9.997385026988349077e-01 9.979993363097885428e-01
3.000000000000000000e+00 9.983603113016007446e-01 9.997441569835145980e-01 9.980934864378777638e-01
3.020000000000000018e+00 9.986646017283496990e-01 9.997511551273747799e-01 9.981835669298735336e-01
3.040000000000000036e+00 9.989511968982011103e-01 9.997593178217649701e-01 9.982697465205759846e-01
3.060000000000000053e+00 9.992196864560876080e-01 9.997684743921899653e-01 9.983521868085317719e-01
3.080000000000000071e+00 9.994698217705095811e-01 9.997784631546969836e-01 9.984310425578968307e-01
3.100000000000000089e+00 9.997015030836188254e-01 9.997891316811995388e-01 9.985064619905826833e-01
3.120000000000000107e+00 9.999147668007390966e-01 9.998003369800738671e-01 9.985785870686528787e-01
3.140000000000000124e+00 1.000109772993692747e+00 9.998119455983567327e-01 9.986475537669633473e-01
3.160000000000000142e+00 1.000286793184397727e+00 9.998238336518218139e-01 9.987134923360592165e-01
3.180000000000000160e+00 1.000446198467241254e+00 9.998358867891340429e-01 9.987765275553648348e-01
3.200000000000000178e+00 1.000588448021232146e+00 9.998480000961618153e-01 9.988367789767323979e-01
3.220000000000000195e+00 1.000714078055551459e+00 9.998600779463836519e-01 9.988943611584316651e-01
3.240000000000000213e+00 1.000823691225239065e+00 9.998720338031548138e-01 9.989493838896971178e-01
3.260000000000000231e+00 1.000917946547053683e+00 9.998837899794024153e-01 9.990019524059589040e-01
3.280000000000000249e+00 1.000997549839441225e+00 9.998952773601127442e-01 9.990521675949165514e-01
3.300000000000000266e+00 1.001063244704553323e+00 9.999064350927351352e-01 9.991001261936274247e-01
3.320000000000000284e+00 1.001115804064992343e+00 9.999172102503933734e-01 9.991459209768039917e-01
3.339999999999999858e+00 1.001156022262812417e+00 9.999275574725325910e-01 9.991896409365277343e-01
3.359999999999999876e+00 1.001184707723816292e+00 9.999374385873799342e-01 9.992313714536071867e-01
3.379999999999999893e+00 1.001202676185847240e+00 9.999468222203179435e-01 9.992711944608123620e-01
3.399999999999999911e+00 1.001210744486155102e+00 9.999556833920070220e-01 9.993091885982410272e-01
3.419999999999999929e+00 1.001209724899368325e+00 9.999640031098184778e-01 9.993454293610701811e-01
3.439999999999999947e+00 1.001200420014695780e+00 9.999717679558705052e-01 9.993799892399622964e-01
3.459999999999999964e+00 1.001183618138197673e+00 9.999789696746850254e-01 9.994129378543965547e-01
3.479999999999999982e+00 1.001160089203855685e+00 9.999856047632251776e-01 9.994443420792032962e-01
3.500000000000000000e+00 1.001130581174962453e+00 9.999916740658102432e-01 9.994742661645800164e-01
3.520000000000000018e+00 1.001095816915948511e+00 9.999971823761485412e-01 9.995027718498727953e-01
3.540000000000000036e+00 1.001056491513162783e+00 1.000002138048492473e+00 9.995299184713969387e-01
3.560000000000000053e+00 1.001013270022272694e+00 1.000006552619668421e+00 9.995557630645863778e-01
3.580000000000000071e+00 1.000966785618923938e+00 1.000010440443527049e+00 9.995803604607373938e-01
3.600000000000000089e+00 1.000917638128870690e+00 1.000013818339117844e+00 9.996037633786302168e-01
3.620000000000000107e+00 1.000866392913283054e+00 1.000016705253708338e+00 9.996260225112851838e-01
3.640000000000000124e+00 1.000813580084904730e+00 1.000019121941558176e+00 9.996471866081280133e-01
3.660000000000000142e+00 1.000759694030588287e+00 1.000021090659175105e+00 9.996673025528082235e-01
3.680000000000000160e+00 1.000705193216103295e+00 1.000022634877617556e+00 9.996864154369284883e-01
3.700000000000000178e+00 1.000650500249183894e+00 1.000023779012231051e+00 9.997045686299196321e-01
3.720000000000000195e+00 1.000596002177505328e+00 1.000024548170073135e+00 9.997218038452972966e-01
3.740000000000000213e+00 1.000542050998584731e+00 1.000024967915131180e+00 9.997381612035203258e-01
3.760000000000000231e+00 1.000488964359466548e+00 1.000025064051314860e+00 9.997536792916705828e-01
3.780000000000000249e+00 1.000437026424656262e+00 1.000024862423096073e+00 9.997683952201514845e-01
3.800000000000000266e+00 1.000386488891658043e+00 1.000024388733552039e+00 9.997823446766093136e-01
3.820000000000000284e+00 1.000337572134337272e+00 1.000023668379488972e+00 9.997955619772552760e-01
3.839999999999999858e+00 1.000290466455230343e+00 1.000022726303226861e+00 9.998080801157709363e-01
3.859999999999999876e+00 1.000245333428925187e+00 1.000021586860566192e+00 9.998199308099570137e-01
3.879999999999999893e+00 1.000202307319592476e+00 1.000020273704381069e+00 9.998311445462881863e-01
3.899999999999999911e+00 1.000161496556783547e+00 1.000018809683238752e+00 9.998417506225159013e-01
3.919999999999999929e+00 1.000122985254634500e+00 1.000017216754395921e+00 9.998517771884601890e-01
3.939999999999999947e+00 1.000086834760643528e+00 1.000015515910485098e+00 9.998612512851173806e-01
3.959999999999999964e+00 1.000053085221177085e+00 1.000013727119174467e+00 9.998701988822039644e-01
3.979999999999999982e+00 1.000021757151948298e+00 1.000011869275063914e+00 9.998786449142470500e-01
4.000000000000000000e+00 9.999928530026361839e-01 1.000009960163063205e+00 9.998866133153249125e-01
4.020000000000000462e+00 9.999663587058572611e-01 1.000008016432486491e+00 9.998941270525506519e-01
4.040000000000000036e+00 9.999422452016393237e-01 1.000006053581100840e+00 9.999012081583870115e-01
4.060000000000000497e+00 9.999204699294239607e-01 1.000004085948358989e+00 9.999078777618728431e-01
4.080000000000000071e+00 9.999009782806471680e-01 1.000002126717059125e+00 9.999141561188299443e-01
4.099999999999999645e+00 9.998837050056754716e-01 1.000000187922684747e+00 9.999200626411206549e-01
4.120000000000000107e+00 9.998685755698315525e-01 9.999982804696924132e-01 9.999256159250133891e-01
4.139999999999999680e+00 9.998555074539067222e-01 9.999964141540262919e-01 9.999308337787102818e-01
4.160000000000000142e+00 9.998444113954663148e-01 9.999945976911751577e-01 9.999357332490863559e-01
4.179999999999999716e+00 9.998351925677864127e-01 9.999928387490952808e-01 9.999403306476811748e-01
4.200000000000000178e+00 9.998277516941109777e-01 9.999911439853582662e-01 9.999446415759847273e-01
4.219999999999999751e+00 9.998219860954015159e-01 9.999895190879077855e-01 9.999486809500491846e-01
4.240000000000000213e+00 9.998177906704218687e-01 9.999879688188413329e-01 9.999524630244581713e-01
4.259999999999999787e+00 9.998150588075050971e-01 9.999864970606603398e-01 9.999560014156784193e-01
4.280000000000000249e+00 9.998136832278928798e-01 9.999851068644661778e-01 9.999593091248197840e-01
4.299999999999999822e+00 9.998135567609217622e-01 9.999838004996118856e-01 9.999623985598204978e-01
4.320000000000000284e+00 9.998145730518365193e-01 9.999825795043538745e-01 9.999652815570785336e-01
4.339999999999999858e+00 9.998166272033177648e-01 9.999814447370751758e-01 9.999679694025407350e-01
4.360000000000000320e+00 9.998196163521957391e-01 9.999803964276925416e-01 9.999704728522645913e-01
4.379999999999999893e+00 9.998234401830821128e-01 9.999794342288865767e-01 9.999728021524655341e-01
4.400000000000000355e+00 9.998280013809562883e-01 9.999785572668284939e-01 9.999749670590534212e-01
4.419999999999999929e+00 9.998332060249329745e-01 9.999777641911083981e-01 9.999769768566730832e-01
4.440000000000000391e+00 9.998389639256638484e-01 9.999770532236005316e-01 9.999788403772510437e-01
4.459999999999999964e+00 9.998451889089570166e-01 9.999764222060310015e-01 9.999805660180561828e-01
4.480000000000000426e+00 9.998517990483597462e-01 9.999758686460418211e-01 9.999821617592784539e-01
4.500000000000000000e+00 9.998587168495175481e-01 9.999753897615740739e-01 9.999836351811316471e-01
4.520000000000000462e+00 9.998658693892293892e-01 9.999749825234155454e-01 9.999849934804826423e-01
4.540000000000000036e+00 9.998731884121485614e-01 9.999746436957913653e-01 9.999862434870102623e-01
4.560000000000000497e+00 9.998806103881262564e-01 9.999743698748889686e-01 9.999873916789002726e-01
4.580000000000000071e+00 9.998880765331535914e-01 9.999741575252417691e-01 9.999884441980750882e-01
4.600000000000000533e+00 9.998955327969062390e-01 9.999740030139101510e-01 9.999894068649668455e-01
4.620000000000000107e+00 9.999029298198091054e-01 9.999739026424206978e-01 9.999902851928303971e-01
4.639999999999999680e+00 9.999102228625323940e-01 9.999738526764413438e-01 9.999910844016087763e-01
4.660000000000000142e+00 9.999173717107079362e-01 9.999738493731901157e-01 9.999918094313453576e-01
4.679999999999999716e+00 9.999243405576474508e-01 9.999738890065862362e-01 9.999924649551533706e-01
4.700000000000000178e+00 9.999310978676844153e-01 9.999739678901696793e-01 9.999930553917451004e-01
4.719999999999999751e+00 9.999376162227376907e-01 9.999740823978252591e-01 9.999935849175234370e-01
4.740000000000000213e+00 9.999438721545189646e-01 9.999742289823624342e-01 9.999940574782453240e-01
4.759999999999999787e+00 9.999498459647293558e-01 9.999744041920073379e-01 9.999944768002568818e-01
4.780000000000000249e+00 9.999555215354636317e-01 9.999746046848757564e-01 9.999948464013120875e-01
4.799999999999999822e+00 9.999608861319129183e-01 9.999748272415022177e-01 9.999951696009756752e-01
4.820000000000000284e+00 9.999659301993355509e-01 9.999750687755077916e-01 9.999954495306208058e-01
4.839999999999999858e+00 9.999706471561242704e-01 9.999753263424904226e-01 9.999956891430270556e-01
4.860000000000000320e+00 9.999750331846828377e-01 9.999755971472349403e-01 9.999958912215866080e-01
4.879999999999999893e+00 9.999790870216849203e-01 9.999758785493296775e-01 9.999960583891251975e-01
4.900000000000000355e+00 9.999828097491533230e-01 9.999761680672953901e-01 9.999961931163487971e-01
4.919999999999999929e+00 9.999862045876956040e-01 9.999764633813191805e-01 9.999962977299207134e-01
4.940000000000000391e+00 9.999892766930505994e-01 9.999767623346946799e-01 9.999963744201814109e-01
4.959999999999999964e+00 9.999920329570556321e-01 9.999770629340690720e-01 9.999964252485189498e-01
4.980000000000000426e+00 9.999944818139395730e-01 9.999773633485971036e-01 9.999964521543968088e-01
5.000000000000000000e+00 9.999966330528072822e-01 9.999776619080956719e-01 9.999964569620546362e-01
5.020000000000000462e+00 9.999984976370134282e-01 9.999779571003009071e-01 9.999964413868841495e-01
5.040000000000000036e+00 1.000000087531059290e+00 9.999782475673170135e-01 9.999964070414971706e-01
5.060000000000000497e+00 1.000001415535488158e+00 9.999785321013520134e-01 9.999963554414902367e-01
5.080000000000000071e+00 1.000002495130237090e+00 9.999788096398263271e-01 9.999962880109195540e-01
5.100000000000000533e+00 1.000003340326736989e+00 9.999790792599396738e-01 9.999962060874945102e-01
5.120000000000000107e+00 1.000003965529019601e+00 9.999793401727790076e-01 9.999961109275007365e-01
5.139999999999999680e+00 1.000004385403967744e+00 9.999795917170436477e-01 9.999960037104630439e-01
5.160000000000000142e+00 1.000004614760818811e+00 9.999798333524616556e-01 9.999958855435576721e-01
5.179999999999999716e+00 1.000004668439921085e+00 9.999800646529678483e-01 9.999957574657847292e-01
5.200000000000000178e+00 1.000004561210699139e+00 9.999802852997055069e-01 9.999956204519102609e-01
5.219999999999999751e+00 1.000004307678735938e+00 9.999804950739173970e-01 9.999954754161880510e-01
5.240000000000000213e+00 1.000003922201800233e+00 9.999806938497769471e-01 9.999953232158720340e-01
5.259999999999999787e+00 1.000003418814633172e+00 9.999808815872172074e-01 9.999951646545265360e-01
5.280000000000000249e+00 1.000002811162243654e+00 9.999810583247995543e-01 9.999950004851458907e-01
5.299999999999999822e+00 1.000002112441437774e+00 9.999812241726708795e-01 9.999948314130925331e-01
5.320000000000000284e+00 1.000001335350277909e+00 9.999813793056439026e-01 9.999946580988611222e-01
5.339999999999999858e+00 1.000000492045124867e+00 9.999815239564386893e-01 9.999944811606791273e-01
5.360000000000000320e+00 9.999995941049290016e-01 9.999816584091153482e-01 9.999943011769525381e-01
5.379999999999999893e+00 9.999986525023702999e-01 9.999817829927247770e-01 9.999941186885622502e-01
5.400000000000000355e+00 9.999976775814816143e-01 9.999818980752003261e-01 9.999939342010242260e-01
5.419999999999999929e+00 9.999966790413368223e-01 9.999820040575123636e-01 9.999937481865156519e-01
5.440000000000000391e+00 9.999956659254207736e-01 9.999821013681003956e-01 9.999935610857798585e-01
5.459999999999999964e+00 9.999946466162505931e-01 9.999821904575961762e-01 9.999933733099120037e-01
5.480000000000000426e+00 9.999936288348691971e-01 9.999822717938484651e-01 9.999931852420379519e-01
5.500000000000000000e+00 9.999926196447722626e-01 9.999823458572568713e-01 9.999929972388880151e-01
5.520000000000000462e+00 9.999916254598951726e-01 9.999824131364192237e-01 9.999928096322758808e-01
5.540000000000000036e+00 9.999906520562442669e-01 9.999824741240953552e-01 9.999926227304865023e-01
5.560000000000000497e+00 9.999897045868093581e-01 9.999825293134849691e-01 9.999924368195788338e-01
5.580000000000000071e+00 9.999887875993702657e-01 9.999825791948222520e-01 9.999922521646108509e-01
5.600000000000000533e+00 9.999879050568321048e-01 9.999826242522775743e-01 9.999920690107894083e-01
5.620000000000000107e+00 9.999870603597458274e-01 9.999826649611649465e-01 9.999918875845525967e-01
5.639999999999999680e+00 9.999862563706916063e-01 9.999827017854455713e-01 9.999917080945865955e-01
5.660000000000000142e+00 9.999854954401882212e-01 9.999827351755212757e-01 9.999915307327840175e-01
5.679999999999999716e+00 9.999847794338444507e-01 9.999827655663041659e-01 9.999913556751457433e-01
5.700000000000000178e+00 9.999841097604549311e-01 9.999827933755566223e-01 9.999911830826316850e-01
5.719999999999999751e+00 9.999834874007899055e-01 9.999828190024865338e-01 9.999910131019633663e-01
5.740000000000000213e+00 9.999829129368132952e-01 9.999828428265860047e-01 9.999908458663818722e-01
5.759999999999999787e+00 9.999823865811143797e-01 9.999828652067026535e-01 9.999906814963642754e-01
5.780000000000000249e+00 9.999819082063251541e-01 9.999828864803274042e-01 9.999905201003018718e-01
5.799999999999999822e+00 9.999814773743429530e-01 9.999829069630866707e-01 9.999903617751429996e-01
5.820000000000000284e+00 9.999810933651793743e-01 9.999829269484256100e-01 9.999902066070019968e-01
5.839999999999999858e+00 9.999807552052636384e-01 9.999829467074662359e-01 9.999900546717379601e-01
5.860000000000000320e+00 9.999804616950652703e-01 9.999829664890300673e-01 9.999899060355046387e-01
5.879999999999999893e+00 9.999802114359193084e-01 9.999829865198066603e-01 9.999897607552747925e-01
5.900000000000000355e+00 9.999800028559282516e-01 9.999830070046595853e-01 9.999896188793375718e-01
5.919999999999999929e+00 9.999798342348575897e-01 9.999830281270524202e-01 9.999894804477755805e-01
5.940000000000000391e+00 9.999797037279326561e-01 9.999830500495839880e-01 9.999893454929185133e-01
5.959999999999999964e+00 9.999796093884847359e-01 9.999830729146182984e-01 9.999892140397775853e-01
5.980000000000000426e+00 9.999795491893794797e-01 9.999830968449995305e-01 9.999890861064610892e-01
6.000000000000000000e+00 9.999795210431968728e-01 9.999831219448371833e-01 9.999889617045717438e-01
6.020000000000000462e+00 9.999795228211264542e-01 9.999831483003531751e-01 9.999888408395883888e-01
6.040000000000000036e+00 9.999795523705662381e-01 9.999831759807771281e-01 9.999887235112315809e-01
6.060000000000000497e+00 9.999796075314097976e-01 9.999832050392826188e-01 9.999886097138143137e-01
6.080000000000000071e+00 9.999796861510290569e-01 9.999832355139519624e-01 9.999884994365788593e-01
6.100000000000000533e+00 9.999797860979577901e-01 9.999832674287640888e-01 9.999883926640206200e-01
6.120000000000000107e+00 9.999799052743064687e-01 9.999833007945926333e-01 9.999882893761987690e-01
6.140000000000000568e+00 9.999800416268996850e-01 9.999833356102114656e-01 9.999881895490353445e-01
6.160000000000000142e+00 9.999801931572140923e-01 9.999833718632956669e-01 9.999880931546024643e-01
6.179999999999999716e+00 9.999803579301087542e-01 9.999834095314161786e-01 9.999880001613983271e-01
6.200000000000000178e+00 9.999805340814239552e-01 9.999834485830179087e-01 9.999879105346126673e-01
6.219999999999999751e+00 9.999807198244599071e-01 9.999834889783791869e-01 9.999878242363815506e-01
6.240000000000000213e+00 9.999809134554223933e-01 9.999835306705460169e-01 9.999877412260328446e-01
6.259999999999999787e+00 9.999811133578526690e-01 9.999835736062379077e-01 9.999876614603205871e-01
6.280000000000000249e+00 9.999813180061182250e-01 9.999836177267206194e-01 9.999875848936518041e-01
6.299999999999999822e+00 9.999815259680032709e-01 9.999836629686443823e-01 9.999875114783015606e-01
6.320000000000000284e+00 9.999817359064753219e-01 9.999837092648425907e-01 9.999874411646217931e-01
6.339999999999999858e+00 9.999819465806644159e-01 9.999837565450914179e-01 9.999873739012393736e-01
6.360000000000000320e+00 9.999821568461284560e-01 9.999838047368264649e-01 9.999873096352457358e-01
6.379999999999999893e+00 9.999823656544577499e-01 9.999838537658167770e-01 9.999872483123792843e-01
6.400000000000000355e+00 9.999825720522762529e-01 9.999839035567937851e-01 9.999871898771980350e-01
6.419999999999999929e+00 9.999827751796940278e-01 9.999839540340363930e-01 9.999871342732457036e-01
6.440000000000000391e+00 9.999829742682673217e-01 9.999840051219105463e-01 9.999870814432080257e-01
6.459999999999999964e+00 9.999831686385260987e-01 9.999840567453643914e-01 9.999870313290635249e-01
6.480000000000000426e+00 9.999833576971102200e-01 9.999841088303783598e-01 9.999869838722242887e-01
6.500000000000000000e+00 9.999835409335824377e-01 9.999841613043726207e-01 9.999869390136716385e-01
6.520000000000000462e+00 9.999837179169503987e-01 9.999842140965706783e-01 9.999868966940825832e-01
6.540000000000000036e+00 9.999838882919436234e-01 9.999842671383218917e-01 9.999868568539503899e-01
6.560000000000000497e+00 9.999840517751196201e-01 9.999843203633836941e-01 9.999868194336979377e-01
6.580000000000000071e+00 9.999842081507855918e-01 9.999843737081641759e-01 9.999867843737834106e-01
6.600000000000000533e+00 9.999843572668376535e-01 9.999844271119280315e-01 9.999867516148008839e-01
6.620000000000000107e+00 9.999844990305026826e-01 9.999844805169672002e-01 9.999867210975733611e-01
6.640000000000000568e+00 9.999846334040510820e-01 9.999845338687363139e-01 9.999866927632394820e-01
6.660000000000000142e+00 9.999847604004948876e-01 9.999845871159575017e-01 9.999866665533351240e-01
6.679999999999999716e+00 9.999848800793137427e-01 9.999846402106952192e-01 9.999866424098680096e-01
6.700000000000000178e+00 9.999849925422180652e-01 9.999846931084018786e-01 9.999866202753872058e-01
6.719999999999999751e+00 9.999850979289861552e-01 9.999847457679387208e-01 9.999866000930467402e-01
6.740000000000000213e+00 9.999851964133930071e-01 9.999847981515720408e-01 9.999865818066642209e-01
6.759999999999999787e+00 9.999852881992539189e-01 9.999848502249477633e-01 9.999865653607740157e-01
6.780000000000000249e+00 9.999853735165888935e-01 9.999849019570453690e-01 9.999865507006756582e-01
6.799999999999999822e+00 9.999854526179402514e-01 9.999849533201140561e-01 9.999865377724773685e-01
6.820000000000000284e+00 9.999855257748386794e-01 9.999850042895933599e-01 9.999865265231347999e-01
6.839999999999999858e+00 9.999855932744384779e-01 9.999850548440182285e-01 9.999865169004857890e-01
6.860000000000000320e+00 9.999856554163267797e-01 9.999851049649125523e-01 9.999865088532811086e-01
6.879999999999999893e+00 9.999857125095127364e-01 9.999851546366710364e-01 9.999865023312102252e-01
6.900000000000000355e+00 9.999857648696016676e-01 9.999852038464331905e-01 9.999864972849247247e-01
6.919999999999999929e+00 9.999858128161706050e-01 9.999852525839479922e-01 9.999864936660566306e-01
6.940000000000000391e+00 9.999858566703148099e-01 9.999853008414344435e-01 9.999864914272346139e-01
6.959999999999999964e+00 9.999858967524087872e-01 9.999853486134353542e-01 9.999864905220965383e-01
6.980000000000000426e+00 9.999859333800346084e-01 9.999853958966704592e-01 9.999864909052981199e-01
7.000000000000000000e+00 9.999859668661212897e-01 9.999854426898845405e-01 9.999864925325208098e-01
7.020000000000000462e+00 9.999859975172472604e-01 9.999854889936967695e-01 9.999864953604742368e-01
7.040000000000000036e+00 9.999860256321482233e-01 9.999855348104498276e-01 9.999864993468992047e-01
7.060000000000000497e+00 9.999860515003745620e-01 9.999855801440589165e-01 9.999865044505658052e-01
7.080000000000000071e+00 9.999860754011450359e-01 9.999856249998649860e-01 9.999865106312708640e-01
7.100000000000000533e+00 9.999860976023455805e-01 9.999856693844884070e-01 9.999865178498332785e-01
7.120000000000000107e+00 9.999861183596937542e-01 9.999857133056880842e-01 9.999865260680862455e-01
7.140000000000000568e+00 9.999861379160494002e-01 9.999857567722240104e-01 9.999865352488702674e-01
7.160000000000000142e+00 9.999861565008688613e-01 9.999857997937239285e-01 9.999865453560222717e-01
7.179999999999999716e+00 9.999861743297961958e-01 9.999858423805567664e-01 9.999865563543647307e-01
7.200000000000000178e+00 9.999861916043741861e-01 9.999858845437101795e-01 9.999865682096926722e-01
7.219999999999999751e+00 9.999862085118721433e-01 9.999859262946751981e-01 9.999865808887604679e-01
7.240000000000000213e+00 9.999862252252306183e-01 9.999859676453358714e-01 9.999865943592670670e-01
7.259999999999999787e+00 9.999862419030987049e-01 9.999860086078671273e-01 9.999866085898406753e-01
7.280000000000000249e+00 9.999862586899573857e-01 9.999860491946374053e-01 9.999866235500219913e-01
7.299999999999999822e+00 9.999862757163417992e-01 9.999860894181191728e-01 9.999866392102478851e-01
7.320000000000000284e+00 9.999862930991262333e-01 9.999861292908053256e-01 9.999866555418333025e-01
7.339999999999999858e+00 9.999863109418788421e-01 9.999861688251336922e-01 9.999866725169541670e-01
7.360000000000000320e+00 9.999863293352789784e-01 9.999862080334156467e-01 9.999866901086283955e-01
7.379999999999999893e+00 9.999863483575757162e-01 9.999862469277748245e-01 9.999867082906976901e-01
7.400000000000000355e+00 9.999863680751022166e-01 9.999862855200888356e-01 9.999867270378084427e-01
7.419999999999999929e+00 9.999863885428180721e-01 9.999863238219395267e-01 9.999867463253929722e-01
7.440000000000000391e+00 9.999864098048892869e-01 9.999863618445683500e-01 9.999867661296510946e-01
7.459999999999999964e+00 9.999864318952881304e-01 9.999863995988381715e-01 9.999867864275300278e-01
7.480000000000000426e+00 9.999864548384117535e-01 9.999864370951999648e-01 9.999868071967060734e-01
7.500000000000000000e+00 9.999864786497142388e-01 9.999864743436660541e-01 9.999868284155657427e-01
7.520000000000000462e+00 9.999865033363457556e-01 9.999865113537871331e-01 9.999868500631868828e-01
7.540000000000000036e+00 9.999865288977922706e-01 9.999865481346356111e-01 9.999868721193201360e-01
7.560000000000000497e+00 9.999865553265149254e-01 9.999865846947918469e-01 9.999868945643703988e-01
7.580000000000000071e+00 9.999865826085850840e-01 9.999866210423369317e-01 9.999869173793791699e-01
7.600000000000000533e+00 9.999866107243083890e-01 9.999866571848466945e-01 9.999869405460063421e-01
7.620000000000000107e+00 9.999866396488332754e-01 9.999866931293917016e-01 9.999869640465127718e-01
7.640000000000000568e+00 9.999866693527471595e-01 9.999867288825396994e-01 9.999869878637429599e-01
7.660000000000000142e+00 9.999866998026544218e-01 9.999867644503611652e-01 9.999870119811086200e-01
7.679999999999999716e+00 9.999867309617278543e-01 9.999867998384375234e-01 9.999870363825714703e-01
7.700000000000000178e+00 9.999867627902421230e-01 9.999868350518723581e-01 9.999870610526280235e-01
7.719999999999999751e+00 9.999867952460811393e-01 9.999868700953046252e-01 9.999870859762928221e-01
7.740000000000000213e+00 9.999868282852197865e-01 9.999869049729233073e-01 9.999871111390837841e-01
7.759999999999999787e+00 9.999868618621861049e-01 9.999869396884848438e-01 9.999871365270068813e-01
7.780000000000000249e+00 9.999868959304789584e-01 9.999869742453311172e-01 9.999871621265415955e-01
7.799999999999999822e+00 9.999869304429743755e-01 9.999870086464089924e-01 9.999871879246270412e-01
7.820000000000000284e+00 9.999869653522908131e-01 9.999870428942907452e-01 9.999872139086477540e-01
7.839999999999999858e+00 9.999870006111368781e-01 9.999870769911952673e-01 9.999872400664201466e-01
7.860000000000000320e+00 9.999870361726186374e-01 9.999871109390102708e-01 9.999872663861801847e-01
7.879999999999999893e+00 9.999870719905278316e-01 9.999871447393137158e-01 9.999872928565703978e-01
7.900000000000000355e+00 9.999871080195983364e-01 9.999871783933966807e-01 9.999873194666270004e-01
7.919999999999999929e+00 9.999871442157388657e-01 9.999872119022858996e-01 9.999873462057691231e-01
7.940000000000000391e+00 9.999871805362327004e-01 9.999872452667655232e-01 9.999873730637863778e-01
7.959999999999999964e+00 9.999872169399168786e-01 9.999872784873992115e-01 9.999874000308284216e-01
7.980000000000000426e+00 9.999872533873349623e-01 9.999873115645524502e-01 9.999874270973932999e-01
8.000000000000000000e+00 9.999872898408677102e-01 9.999873444984125337e-01 9.999874542543176759e-01
8.019999999999999574e+00 9.999873262648337757e-01 9.999873772890102153e-01 9.999874814927663946e-01
8.040000000000000924e+00 9.999873626255807446e-01 9.999874099362384694e-01 9.999875088042226023e-01
8.060000000000000497e+00 9.999873988915455314e-01 9.999874424398725870e-01 9.999875361804783092e-01
8.080000000000000071e+00 9.999874350333018969e-01 9.999874747995877167e-01 9.999875636136247303e-01
8.099999999999999645e+00 9.999874710235882036e-01 9.999875070149766287e-01 9.999875910960442926e-01
8.120000000000000995e+00 9.999875068373174081e-01 9.999875390855660351e-01 9.999876186204008643e-01
8.140000000000000568e+00 9.999875424515688449e-01 9.999875710108321325e-01 9.999876461796318727e-01
8.160000000000000142e+00 9.999875778455751263e-01 9.999876027902150355e-01 9.999876737669403104e-01
8.179999999999999716e+00 9.999876130006867259e-01 9.999876344231324321e-01 9.999877013757864086e-01
8.199999999999999289e+00 9.999876479003340091e-01 9.999876659089922404e-01 9.999877289998800878e-01
8.220000000000000639e+00 9.999876825299707228e-01 9.999876972472038217e-01 9.999877566331737411e-01
8.240000000000000213e+00 9.999877168770163749e-01 9.999877284371885278e-01 9.999877842698545738e-01
8.259999999999999787e+00 9.999877509307794066e-01 9.999877594783898038e-01 9.999878119043379421e-01
8.279999999999999361e+00 9.999877846823888028e-01 9.999877903702809601e-01 9.999878395312605806e-01
8.300000000000000711e+00 9.999878181247030540e-01 9.999878211123733873e-01 9.999878671454730528e-01
8.320000000000000284e+00 9.999878512522289986e-01 9.999878517042229964e-01 9.999878947420348663e-01
8.339999999999999858e+00 9.999878840610267883e-01 9.999878821454362132e-01 9.999879223162068120e-01
8.359999999999999432e+00 9.999879165486178501e-01 9.999879124356746418e-01 9.999879498634455244e-01
8.380000000000000782e+00 9.999879487138875200e-01 9.999879425746596162e-01 9.999879773793973747e-01
8.400000000000000355e+00 9.999879805569902302e-01 9.999879725621751980e-01 9.999880048598925875e-01
8.419999999999999929e+00 9.999880120792494775e-01 9.999880023980711741e-01 9.999880323009397998e-01
8.439999999999999503e+00 9.999880432830617893e-01 9.999880320822643887e-01 9.999880596987205106e-01
8.460000000000000853e+00 9.999880741717978028e-01 9.999880616147408530e-01 9.999880870495836405e-01
8.480000000000000426e+00 9.999881047497070075e-01 9.999880909955557451e-01 9.999881143500402025e-01
8.500000000000000000e+00 9.999881350218280396e-01 9.999881202248338541e-01 9.999881415967586396e-01
8.519999999999999574e+00 9.999881649938964223e-01 9.999881493027691359e-01 9.999881687865594948e-01
8.540000000000000924e+00 9.999881946722503079e-01 9.999881782296236032e-01 9.999881959164104162e-01
8.560000000000000497e+00 9.999882240637550934e-01 9.999882070057264372e-01 9.999882229834221592e-01
8.580000000000000071e+00 9.999882531757146031e-01 9.999882356314720999e-01 9.999882499848430362e-01
8.599999999999999645e+00 9.999882820157964813e-01 9.999882641073181144e-01 9.999882769180552522e-01
8.620000000000000995e+00 9.999883105919532555e-01 9.999882924337832879e-01 9.999883037805699093e-01
8.640000000000000568e+00 9.999883389123572774e-01 9.999883206114442702e-01 9.999883305700230096e-01
8.660000000000000142e+00 9.999883669853312229e-01 9.999883486409337774e-01 9.999883572841715695e-01
8.679999999999999716e+00 9.999883948192908045e-01 9.999883765229365951e-01 9.999883839208888459e-01
8.700000000000001066e+00 9.999884224226820439e-01 9.999884042581873578e-01 9.999884104781608940e-01
8.720000000000000639e+00 9.999884498039358638e-01 9.999884318474665523e-01 9.999884369540827933e-01
8.740000000000000213e+00 9.999884769714114663e-01 9.999884592915977422e-01 9.999884633468543171e-01
8.759999999999999787e+00 9.999885039333578085e-01 9.999884865914436816e-01 9.999884896547767132e-01
8.779999999999999361e+00 9.999885306978687494e-01 9.999885137479033181e-01 9.999885158762490400e-01
8.800000000000000711e+00 9.999885572728521854e-01 9.999885407619079070e-01 9.999885420097645028e-01
8.820000000000000284e+00 9.999885836659954119e-01 9.999885676344182350e-01 9.999885680539072341e-01
8.839999999999999858e+00 9.999886098847364790e-01 9.999885943664205135e-01 9.999885940073489632e-01
8.859999999999999432e+00 9.999886359362414323e-01 9.999886209589238240e-01 9.999886198688455741e-01
8.880000000000000782e+00 9.999886618273844396e-01 9.999886474129562330e-01 9.999886456372342192e-01
8.900000000000000355e+00 9.999886875647302498e-01 9.999886737295619055e-01 9.999886713114303216e-01
8.919999999999999929e+00 9.999887131545224239e-01 9.999886999097983287e-01 9.999886968904241336e-01
8.939999999999999503e+00 9.999887386026679037e-01 9.999887259547330931e-01 9.999887223732785158e-01
8.960000000000000853e+00 9.999887639147376772e-01 9.999887518654411167e-01 9.999887477591256069e-01
8.980000000000000426e+00 9.999887890959526793e-01 9.999887776430023134e-01 9.999887730471642699e-01
9.000000000000000000e+00 9.999888141511894535e-01 9.999888032884985956e-01 9.999887982366576500e-01
9.019999999999999574e+00 9.999888390849743791e-01 9.999888288030120975e-01 9.999888233269301763e-01
9.040000000000000924e+00 9.999888639014913316e-01 9.999888541876224002e-01 9.999888483173656750e-01
9.060000000000000497e+00 9.999888886045823488e-01 9.999888794434050876e-01 9.999888732074042608e-01
9.080000000000000071e+00 9.999889131977546253e-01 9.999889045714294156e-01 9.999888979965406710e-01
9.099999999999999645e+00 9.999889376841860633e-01 9.999889295727566463e-01 9.999889226843217127e-01
9.120000000000000995e+00 9.999889620667412604e-01 9.999889544484389381e-01 9.999889472703437088e-01
9.140000000000000568e+00 9.999889863479745067e-01 9.999889791995172361e-01 9.999889717542512768e-01
9.160000000000000142e+00 9.999890105301479926e-01 9.999890038270204951e-01 9.999889961357344426e-01
9.179999999999999716e+00 9.999890346152396914e-01 9.999890283319646800e-01 9.999890204145271966e-01
9.200000000000001066e+00 9.999890586049580143e-01 9.999890527153513231e-01 9.999890445904053848e-01
9.220000000000000639e+00 9.999890825007556883e-01 9.999890769781670796e-01 9.999890686631849324e-01
9.240000000000000213e+00 9.999891063038464090e-01 9.999891011213829506e-01 9.999890926327199558e-01
9.259999999999999787e+00 9.999891300152151663e-01 9.999891251459538388e-01 9.999891164989014314e-01
9.279999999999999361e+00 9.999891536356386723e-01 9.999891490528179938e-01 9.999891402616551961e-01
9.300000000000000711e+00 9.999891771656954642e-01 9.999891728428966786e-01 9.999891639209402827e-01
9.320000000000000284e+00 9.999892006057863325e-01 9.999891965170939478e-01 9.999891874767480315e-01
9.339999999999999858e+00 9.999892239561435359e-01 9.999892200762969807e-01 9.999892109290999809e-01
9.359999999999999432e+00 9.999892472168516733e-01 9.999892435213753039e-01 9.999892342780469789e-01
9.380000000000000782e+00 9.999892703878581202e-01 9.999892668531817908e-01 9.999892575236674075e-01
9.400000000000000355e+00 9.999892934689884605e-01 9.999892900725519951e-01 9.999892806660662936e-01
9.419999999999999929e+00 9.999893164599619189e-01 9.999893131803051505e-01 9.999893037053737554e-01
9.439999999999999503e+00 9.999893393604070146e-01 9.999893361772438372e-01 9.999893266417443360e-01
9.460000000000000853e+00 9.999893621698723312e-01 9.999893590641549812e-01 9.999893494753552270e-01
9.480000000000000426e+00 9.999893848878397273e-01 9.999893818418096325e-01 9.999893722064058244e-01
9.500000000000000000e+00 9.999894075137364391e-01 9.999894045109639640e-01 9.999893948351163964e-01
9.519999999999999574e+00 9.999894300469475139e-01 9.999894270723594936e-01 9.999894173617269733e-01
9.540000000000000924e+00 9.999894524868282453e-01 9.999894495267240835e-01 9.999894397864970141e-01
9.560000000000000497e+00 9.999894748327132765e-01 9.999894718747718292e-01 9.999894621097037417e-01
9.580000000000000071e+00 9.999894970839262598e-01 9.999894941172041696e-01 9.999894843316421422e-01
9.599999999999999645e+00 9.999895192397920685e-01 9.999895162547103311e-01 9.999895064526233002e-01
9.620000000000000995e+00 9.999895412996406829e-01 9.999895382879682160e-01 9.999895284729746203e-01
9.640000000000000568e+00 9.999895632628209574e-01 9.999895602176444021e-01 9.999895503930382734e-01
9.660000000000000142e+00 9.999895851287043946e-01 9.999895820443954753e-01 9.999895722131711961e-01
9.679999999999999716e+00 9.999896068966959151e-01 9.999896037688682515e-01 9.999895939337439810e-01
9.700000000000001066e+00 9.999896285662369655e-01 9.999896253917006650e-01 9.999896155551403210e-01
9.720000000000000639e+00 9.999896501368162882e-01 9.999896469135216570e-01 9.999896370777568988e-01
9.740000000000000213e+00 9.999896716079674786e-01 9.999896683349530635e-01 9.999896585020024986e-01
9.759999999999999787e+00 9.999896929792850830e-01 9.999896896566088378e-01 9.999896798282976729e-01
9.779999999999999361e+00 9.999897142504193814e-01 9.999897108790963829e-01 9.999897010570738543e-01
9.800000000000000711e+00 9.999897354210870448e-01 9.999897320030167736e-01 9.999897221887737997e-01
9.820000000000000284e+00 9.999897564910676939e-01 9.999897530289653114e-01 9.999897432238503692e-01
9.839999999999999858e+00 9.999897774602138911e-01 9.999897739575318578e-01 9.999897641627666367e-01
9.859999999999999432e+00 9.999897983284472547e-01 9.999897947893015004e-01 9.999897850059953353e-01
9.880000000000000782e+00 9.999898190957674515e-01 9.999898155248546638e-01 9.999898057540188567e-01
9.900000000000000355e+00 9.999898397622490887e-01 9.999898361647674427e-01 9.999898264073285858e-01
9.919999999999999929e+00 9.999898603280463760e-01 9.999898567096119351e-01 9.999898469664246781e-01
9.939999999999999503e+00 9.999898807933912392e-01 9.999898771599567970e-01 9.999898674318162817e-01
9.960000000000000853e+00 9.999899011585954289e-01 9.999898975163667991e-01 9.999898878040209826e-01
9.980000000000000426e+00 9.999899214240502987e-01 9.999899177794036031e-01 9.999899080835646936e-01
1.000000000000000000e+01 9.999899415902295807e-01 9.999899379496256513e-01 9.999899282709813209e-01
